#id1 id2 FENE BEXC STCK NEXC HB CRSTCK CXSTCK total, t = 500000
0 1 0.0439653 0 -1.09412 0 0 0 0 -1.05016
1 2 0.00145588 0 -1.18707 0 0 0 0 -1.18561
2 3 0.017544 0 -1.26302 0 0 0 0 -1.24547
3 4 0.122347 0 -1.33128 0 0 0 0 -1.20893
4 5 0.100527 0 -1.0526 0 0 0 0 -0.952073
5 6 0.156683 0 -1.37719 0 0 0 0 -1.2205
6 7 0.0383001 0 -1.00199 0 0 0 0 -0.963691
7 8 0.000336226 0 -1.01451 0 0 0 0 -1.01418
8 9 0.0826178 0 -0 0 0 0 0 0.0826178
9 10 0.000902884 0 -0.931792 0 0 0 0 -0.930889
8 11 0 0 0 0 0 -3.86292e-08 -0 -3.86292e-08
7 11 0 0 0 0 0 -0.0416219 -0 -0.0416219
10 11 0.0935016 0 -1.28465 0 0 0 0 -1.19115
6 12 0 0 0 0 0 -0.110115 0 -0.110115
8 12 0 0 0 0 0 -0.120527 0 -0.120527
11 12 0.00352958 0 -1.17212 0 0 0 0 -1.16859
6 13 0 0 0 0 -0.231199 -6.24585e-07 -0 -0.2312
5 13 0 0 0 0 -0 -0.116444 0 -0.116444
7 13 0 0 0 0 0 -0.0523296 0 -0.0523296
12 13 0.0119644 0 -1.20521 0 0 0 0 -1.19324
6 14 0 0 0 0 -0 -0.0731074 -0 -0.0731074
5 14 0 0 0 0 -0.661731 0 -0 -0.661731
4 14 0 0 0 0 0 -0.167728 0 -0.167728
13 14 0.014514 0 -1.21813 0 0 0 0 -1.20362
5 15 0 0 0 0 0 -0.120071 -0 -0.120071
4 15 0 0 0 0 -0.826656 0 -0 -0.826656
3 15 0 0 0 0 0 -0.158367 0 -0.158367
14 15 0.0352266 0 -1.13586 0 0 0 0 -1.10064
13 16 0 0 0 0 -0 -0.0145433 0 -0.0145433
12 16 0 0 0 0 0 -0.00734527 -0 -0.00734527
11 16 0 0 0 0 0 -0.152109 0 -0.152109
15 16 0.160864 0 0 0 0 0 0 0.160864
12 17 0 0 0 0 -0 -0.188346 0 -0.188346
11 17 0 0 0 0 -0.52458 0 -0 -0.52458
10 17 0 0 0 0 -1.0208e-29 -0.188344 0 -0.188344
16 17 0.0681666 0 -1.08405 0 0 0 0 -1.01589
11 18 0 0 0 0 -0 -0.175265 0 -0.175265
10 18 0 0 0 0 -0.780646 0 -0 -0.780646
9 18 0 0 0 0 0 -0.180379 0 -0.180379
17 18 9.84184e-06 0 -1.17264 0 0 0 0 -1.17263
10 19 0 0 0 0 0 -0.190655 -0 -0.190655
9 19 0 0 0 0 -0.0931951 0 -0 -0.0931951
18 19 0.0207469 0 -1.38428 0 0 0 0 -1.36353
20 21 0.00229547 0 0 0 0 0 0 0.00229547
21 22 0.00355682 0 -1.28464 0 0 0 0 -1.28109
22 23 0.00446243 0 -0.994644 0 0 0 0 -0.990182
23 24 0.248616 0 -0.855487 0 0 0 0 -0.606871
24 25 0.000547567 0 -0.970153 0 0 0 0 -0.969606
25 26 0.000484441 0 -0.916206 0 0 0 0 -0.915721
26 27 0.0091161 0 -1.24474 0 0 0 0 -1.23563
27 28 0.208069 0 -1.25756 0 0 0 0 -1.0495
28 29 0.00388347 0 0 0 0 0 0 0.00388347
29 30 0.0246737 0 -1.31064 0 0 0 0 -1.28597
28 31 0 0 0 0 0 -0.00256653 -0 -0.00256653
27 31 0 0 0 0 0 -0.0123158 0 -0.0123158
30 31 0.00348954 0 -1.31876 0 0 0 0 -1.31527
28 32 0 0 0 0 0 -0.130741 -0 -0.130741
27 32 0 0 0 0 0 -8.73443e-06 -0 -8.73443e-06
26 32 0 0 0 0 0 -0.134243 0 -0.134243
31 32 0.00213293 0 -1.13783 0 0 0 0 -1.1357
27 33 0 0 0 0 0 -0.193239 0 -0.193239
26 33 0 0 0 0 -0.838246 0 -0 -0.838246
25 33 0 0 0 0 -1.41628e-29 -0.176998 0 -0.176998
32 33 0.0261465 0 -1.10762 0 0 0 0 -1.08148
24 34 0 0 0 0 0 -0.129318 0 -0.129318
26 34 0 0 0 0 -0 -0.133829 0 -0.133829
25 34 0 0 0 0 -0.668383 -7.27936e-28 -0 -0.668383
33 34 0.200834 0 -1.13749 0 0 0 0 -0.936656
23 35 0 0 0 0 0 -0.121529 -0 -0.121529
24 35 0 0 0 0 -0.523124 0 -0 -0.523124
25 35 0 0 0 0 0 -0.139559 0 -0.139559
34 35 5.34195e-05 0 -1.12259 0 0 0 0 -1.12253
23 36 0 0 0 0 -0.842532 0 -0 -0.842532
22 36 0 0 0 0 0 -0.146362 0 -0.146362
24 36 0 0 0 0 0 -0.132825 0 -0.132825
35 36 0.128042 0 -1.1155 0 0 0 0 -0.987455
23 37 0 0 0 0 0 -0.164939 0 -0.164939
22 37 0 0 0 0 -0.830098 0 -0 -0.830098
21 37 0 0 0 0 -0 -0.16657 0 -0.16657
36 37 0.0326181 0 -0.98382 0 0 0 0 -0.951202
22 38 0 0 0 0 -0 -0.177833 0 -0.177833
21 38 0 0 0 0 -0.720528 0 -0 -0.720528
37 38 0.0186063 0 -1.10713 0 0 0 0 -1.08853
21 39 0 0 0 0 0 -0.183337 0 -0.183337
38 39 0.114961 0 -1.0855 0 0 0 0 -0.970537
40 41 0.0835332 0 -1.28917 0 0 0 0 -1.20564
41 42 0.0147229 0 -1.26466 0 0 0 0 -1.24993
42 43 0.0258131 0 -0.998706 0 0 0 0 -0.972893
43 44 0.0140169 0 -1.19744 0 0 0 0 -1.18342
44 45 0.0447074 0 -1.30932 0 0 0 0 -1.26461
45 46 0.0424737 0 -1.28445 0 0 0 0 -1.24198
46 47 0.0501699 0 -0.931433 0 0 0 0 -0.881263
47 48 0.0119781 0 -1.0056 0 0 0 0 -0.993623
48 49 0.0169625 0 -0 0 0 0 0 0.0169625
49 50 0.128567 0 -1.2024 0 0 0 0 -1.07383
47 51 0 0 0 0 0 -0.0137588 -0 -0.0137588
50 51 3.10656e-05 0 -1.34863 0 0 0 0 -1.34859
46 52 0 0 0 0 0 -0.117818 0 -0.117818
48 52 0 0 0 0 0 -0.055655 0 -0.055655
51 52 0.00063221 0 -1.29538 0 0 0 0 -1.29475
47 53 0 0 0 0 0 -0.132456 0 -0.132456
46 53 0 0 0 0 -0.767811 0 -0 -0.767811
45 53 0 0 0 0 -0 -0.159295 0 -0.159295
52 53 0.000409732 0 -1.311 0 0 0 0 -1.31059
46 54 0 0 0 0 -0 -0.192139 0 -0.192139
45 54 0 0 0 0 -0.696733 0 -0 -0.696733
44 54 0 0 0 0 0 -0.162296 -0 -0.162296
53 54 0.0311398 0 -0.77382 0 0 0 0 -0.74268
45 55 0 0 0 0 0 -0.130309 0 -0.130309
44 55 0 0 0 0 -0.699335 0 -0 -0.699335
43 55 0 0 0 0 0 -0.187287 0 -0.187287
54 55 0.0416899 0 -1.04926 0 0 0 0 -1.00757
44 56 0 0 0 0 0 -0.0902711 -0 -0.0902711
43 56 0 0 0 0 -0.753265 0 -0 -0.753265
42 56 0 0 0 0 0 -0.0846394 -0 -0.0846394
55 56 0.00727374 0 -1.12691 0 0 0 0 -1.11963
43 57 0 0 0 0 0 -0.15792 0 -0.15792
42 57 0 0 0 0 -0.893271 0 -0 -0.893271
41 57 0 0 0 0 -9.04591e-29 -0.184547 0 -0.184547
56 57 0.059909 0 -1.12107 0 0 0 0 -1.06116
42 58 0 0 0 0 -0 -0.177181 0 -0.177181
41 58 0 0 0 0 -0.610538 0 -0 -0.610538
40 58 0 0 0 0 0 -0.0990942 -0 -0.0990942
57 58 0.329888 0 -1.28371 0 0 0 0 -0.953825
41 59 0 0 0 0 0 -0.207369 0 -0.207369
58 59 0.00534466 0 -1.31292 0 0 0 0 -1.30757
60 61 0.0866499 0 -1.21675 0 0 0 0 -1.1301
61 62 0.0312958 0 -1.31746 0 0 0 0 -1.28617
62 63 0.00578722 0 -1.31803 0 0 0 0 -1.31225
63 64 0.123472 0 -1.18175 0 0 0 0 -1.05828
64 65 0.0316937 0 -0.446132 0 0 0 0 -0.414438
65 66 0.000158968 0 -0.877693 0 0 0 0 -0.877534
66 67 0.000220989 0 -1.27286 0 0 0 0 -1.27264
67 68 0.074727 0 -1.12801 0 0 0 0 -1.05328
68 69 0.00657004 0 -1.03527 0 0 0 0 -1.0287
69 70 0.0283981 0 -1.0728 0 0 0 0 -1.04441
70 71 0.00210865 0 -1.31518 0 0 0 0 -1.31307
71 72 0.0128312 0 -1.25625 0 0 0 0 -1.24342
72 73 0.0824353 0 -1.02958 0 0 0 0 -0.94714
73 74 0.00496346 0 -0.448443 0 0 0 0 -0.443479
74 75 0.00457085 0 -1.21833 0 0 0 0 -1.21376
73 76 0 0 0 0 -0 -0.0163043 0 -0.0163043
72 76 0 0 0 0 0 -0.00468885 -0 -0.00468885
75 76 0.00436319 0 0 0 0 0 0 0.00436319
72 77 0 0 0 0 -0 -0.138054 0 -0.138054
71 77 0 0 0 0 -0.16264 -0.000211411 -0 -0.162852
70 77 0 0 0 0 -0 -0.166333 0 -0.166333
76 77 0.0455695 0 -1.27735 0 0 0 0 -1.23178
71 78 0 0 0 0 -0 -0.181762 0 -0.181762
70 78 0 0 0 0 -0.684153 0 -0 -0.684153
69 78 0 0 0 0 0 -0.147826 0 -0.147826
77 78 0.00635763 0 -1.229 0 0 0 0 -1.22264
70 79 0 0 0 0 0 -0.132039 -0 -0.132039
69 79 0 0 0 0 -0.743412 0 -0 -0.743412
68 79 0 0 0 0 0 -0.151442 0 -0.151442
78 79 0.000109961 0 -1.29062 0 0 0 0 -1.29052
80 81 0.0480054 0 -1.17274 0 0 0 0 -1.12474
81 82 0.133939 0 -1.28152 0 0 0 0 -1.14758
82 83 0.0870788 0 -0.948771 0 0 0 0 -0.861692
83 84 0.058027 0 -1.37829 0 0 0 0 -1.32026
84 85 0.0552263 0 0 0 0 0 0 0.0552263
85 86 0.00262703 0 -1.16369 0 0 0 0 -1.16106
86 87 0.00109688 0 -1.07454 0 0 0 0 -1.07344
87 88 0.0594347 0 -1.3404 0 0 0 0 -1.28097
88 89 0.079731 0 -1.18819 0 0 0 0 -1.10846
89 90 0.110334 0 -1.28262 0 0 0 0 -1.17229
90 91 0.0169128 0 -0.950156 0 0 0 0 -0.933243
91 92 0.00529706 0 -1.26839 0 0 0 0 -1.26309
92 93 0.000224886 0 -1.22454 0 0 0 0 -1.22431
93 94 0.15279 0 -1.31309 0 0 0 0 -1.1603
94 95 0.0165089 0 -1.31867 0 0 0 0 -1.30216
93 96 0 0 0 0 -0 -0.0879338 -0 -0.0879338
91 96 0 0 0 0 0 -0.156277 0 -0.156277
95 96 0.00293367 0 0 0 0 0 0 0.00293367
92 97 0 0 0 0 -0 -0.138913 0 -0.138913
91 97 0 0 0 0 -0.700877 0 -0 -0.700877
90 97 0 0 0 0 -6.16233e-31 -0.101007 0 -0.101007
96 97 3.20133e-06 0 -1.03882 0 0 0 0 -1.03882
89 98 0 0 0 0 0 -0.108126 0 -0.108126
91 98 0 0 0 0 -0 -0.028429 -0 -0.028429
90 98 0 0 0 0 -0.777832 0 -0 -0.777832
97 98 0.00695457 0 -1.0686 0 0 0 0 -1.06165
89 99 0 0 0 0 -0.621964 -8.79935e-10 -0 -0.621964
88 99 0 0 0 0 0 -0.0696639 -0 -0.0696639
90 99 0 0 0 0 0 -0.113737 0 -0.113737
98 99 0.25738 0 -1.27506 0 0 0 0 -1.01768
100 101 0.00876143 0 -1.05711 0 0 0 0 -1.04835
101 102 0.0113574 0 -1.31548 0 0 0 0 -1.30412
102 103 3.7454e-06 0 -1.14062 0 0 0 0 -1.14061
103 104 0.175961 0 -1.04819 0 0 0 0 -0.872231
104 105 0.0238405 0 -1.09139 0 0 0 0 -1.06755
105 106 0.0579265 0 -1.29263 0 0 0 0 -1.23471
103 107 0 0 0 0 0 -0.176844 0 -0.176844
106 107 0.0487524 0 -0 0 0 0 0 0.0487524
104 108 0 0 0 0 -0 -0.0481387 0 -0.0481387
102 108 0 0 0 0 0 -0.0941868 0 -0.0941868
103 108 0 0 0 0 0 -0.00271536 -0 -0.00271536
107 108 0.0614902 0 -1.18746 0 0 0 0 -1.12597
102 109 0 0 0 0 -0.787379 0 -0 -0.787379
101 109 0 0 0 0 -2.68398e-31 -0.18315 0 -0.18315
103 109 0 0 0 0 0 -0.12136 0 -0.12136
108 109 0.0396834 0 -1.35752 0 0 0 0 -1.31784
102 110 0 0 0 0 0 -0.0852696 -0 -0.0852696
100 110 0 0 0 0 0 -0.163322 0 -0.163322
109 110 0.0163932 0 -0.990146 0 0 0 0 -0.973752
101 111 0 0 0 0 0 -0.0345641 0 -0.0345641
100 111 0 0 0 0 0 -0.00348889 0 -0.00348889
110 111 0.0331582 0 -1.10171 0 0 0 0 -1.06855
111 112 0.000252643 0 0 0 0 0 0 0.000252643
112 113 0.158705 0 -1.18684 0 0 0 0 -1.02814
113 114 0.00157964 0 -1.18249 0 0 0 0 -1.18091
114 115 0.00171596 0 -1.2169 0 0 0 0 -1.21518
115 116 0.0832651 0 -1.17877 0 0 0 0 -1.09551
116 117 0.0686533 0 -0.577405 0 0 0 0 -0.508752
117 118 0.0115145 0 -1.17396 0 0 0 0 -1.16244
118 119 0.0169844 0 -1.28949 0 0 0 0 -1.2725
120 121 0.00134071 0 -1.20318 0 0 0 0 -1.20184
121 122 0.0142579 0 -1.1313 0 0 0 0 -1.11705
122 123 0.0360989 0 -1.23021 0 0 0 0 -1.19411
123 124 0.0523563 0 -1.38339 0 0 0 0 -1.33104
124 125 0.0200166 0 -1.18915 0 0 0 0 -1.16914
125 126 0.0752828 0 -1.28704 0 0 0 0 -1.21176
126 127 0.124465 0 -0.972276 0 0 0 0 -0.847811
127 128 0.0015698 0 -1.19494 0 0 0 0 -1.19337
128 129 0.0447637 0 -1.34835 0 0 0 0 -1.30359
129 130 0.0137983 0 -1.11838 0 0 0 0 -1.10458
130 131 3.80346e-05 0 -1.21452 0 0 0 0 -1.21448
131 132 0.0431471 0 -1.26373 0 0 0 0 -1.22059
132 133 0.0316811 0 -0.985225 0 0 0 0 -0.953544
133 134 0.00970141 0 0 0 0 0 0 0.00970141
134 135 0.0141225 0 -1.26564 0 0 0 0 -1.25151
135 136 0.00624389 0 -1.33017 0 0 0 0 -1.32393
136 137 0.0529964 0 -1.37127 0 0 0 0 -1.31827
137 138 0.000403949 0 -0.635296 0 0 0 0 -0.634892
138 139 0.00973084 0 -1.11449 0 0 0 0 -1.10476
140 141 0.0374581 0 -1.23126 0 0 0 0 -1.1938
140 142 0 0 0 0.016746 0 0 0 0.016746
141 142 2.96193e-05 0 0 0 0 0 0 2.96193e-05
142 143 0.0253851 0 -1.35299 0 0 0 0 -1.3276
143 144 0.00540151 0 -1.06115 0 0 0 0 -1.05575
144 145 0.00940962 0 -1.12326 0 0 0 0 -1.11385
145 146 0.0762957 0 -1.36392 0 0 0 0 -1.28762
146 147 0.00418529 0 -0 0 0 0 0 0.00418529
147 148 0.0149264 0 -1.16908 0 0 0 0 -1.15415
145 149 0 0 0 0 -0 -0.0102583 0 -0.0102583
148 149 0.0147657 0 -1.23053 0 0 0 0 -1.21577
144 150 0 0 0 0 -0 -0.16469 0 -0.16469
146 150 0 0 0 0 0 -0.00349047 0 -0.00349047
145 150 0 0 0 0 0 -0.00207121 -0 -0.00207121
149 150 0.00116502 0 -1.31278 0 0 0 0 -1.31162
144 151 0 0 0 0 -0.859153 0 -0 -0.859153
143 151 0 0 0 0 0 -0.177606 0 -0.177606
145 151 0 0 0 0 0 -0.152263 0 -0.152263
150 151 0.000470688 0 -1.30817 0 0 0 0 -1.3077
144 152 0 0 0 0 0 -0.197568 0 -0.197568
143 152 0 0 0 0 -0.798185 0 -0 -0.798185
142 152 0 0 0 0 0 -0.189775 0 -0.189775
151 152 0.0495775 0 -1.1406 0 0 0 0 -1.09102
143 153 0 0 0 0 -0 -0.138385 -0 -0.138385
152 153 0.177329 0 -1.34105 0 0 0 0 -1.16372
153 154 0.069313 0 -1.27627 0 0 0 0 -1.20696
154 155 0.0102794 0 -1.16152 0 0 0 0 -1.15124
155 156 0.0224705 0 -0.623214 0 0 0 0 -0.600743
156 157 0.00135472 0 -1.25546 0 0 0 0 -1.2541
157 158 0.0111924 0 -1.22282 0 0 0 0 -1.21163
158 159 0.229565 0 -1.14839 0 0 0 0 -0.918824
160 161 0.0171587 0 -1.35385 0 0 0 0 -1.33669
161 162 0.244726 0 -1.29245 0 0 0 0 -1.04772
162 163 0.018136 0 -1.26313 0 0 0 0 -1.24499
163 164 0.0823512 0 -1.2585 0 0 0 0 -1.17614
164 165 0.0063216 0 -1.36837 0 0 0 0 -1.36205
165 166 0.0147646 0 -1.32987 0 0 0 0 -1.3151
166 167 0.0184073 0 -1.31324 0 0 0 0 -1.29484
167 168 0.0737214 0 -0.54372 0 0 0 0 -0.469999
168 169 0.0390022 0 -1.05721 0 0 0 0 -1.01821
169 170 0.0670473 0 -1.2964 0 0 0 0 -1.22935
170 171 0.00428696 0 -0.00170372 0 0 0 0 0.00258323
171 172 0.0272855 0 -1.13895 0 0 0 0 -1.11166
172 173 0.11537 0 -1.20525 0 0 0 0 -1.08988
173 174 0.00116133 0 -0.963293 0 0 0 0 -0.962131
174 175 0.0274743 0 -1.27028 0 0 0 0 -1.2428
175 176 0.0187012 0 -1.39136 0 0 0 0 -1.37265
176 177 0.0175703 0 -1.35971 0 0 0 0 -1.34214
177 178 0.0546749 0 -0.788388 0 0 0 0 -0.733713
178 179 0.00563104 0 -1.25537 0 0 0 0 -1.24974
180 181 0.0243331 0 -1.14064 0 0 0 0 -1.11631
181 182 0.0145103 0 -0.969277 0 0 0 0 -0.954766
182 183 0.00311357 0 -1.33537 0 0 0 0 -1.33225
183 184 0.114169 0 -0.992161 0 0 0 0 -0.877993
184 185 0.0319363 0 -0.731283 0 0 0 0 -0.699346
185 186 0.0240144 0 -1.11542 0 0 0 0 -1.0914
186 187 0.11499 0 -1.13493 0 0 0 0 -1.01994
187 188 0.0265824 0 -1.31274 0 0 0 0 -1.28616
188 189 3.9958e-05 0 -1.14389 0 0 0 0 -1.14385
189 190 0.000515669 0 -1.19726 0 0 0 0 -1.19674
190 191 0.000373337 0 -0.556226 0 0 0 0 -0.555853
191 192 0.0193053 0 0 0 0 0 0 0.0193053
192 193 0.0319321 0 -1.15142 0 0 0 0 -1.11949
193 194 0.0458956 0 -1.27265 0 0 0 0 -1.22675
194 195 0.0218532 0 -1.3029 0 0 0 0 -1.28105
195 196 0.0483869 0 -0.771809 0 0 0 0 -0.723422
196 197 0.0513037 0 -1.10419 0 0 0 0 -1.05289
197 198 0.0132951 0 -1.20512 0 0 0 0 -1.19183
198 199 0.000508251 0 -0.745604 0 0 0 0 -0.745096
200 201 0.00349119 0 -1.26998 0 0 0 0 -1.26649
201 202 0.0869545 0 -1.03055 0 0 0 0 -0.943593
202 203 0.0171309 0 -0.487725 0 0 0 0 -0.470595
203 204 0.000231218 0 -1.1503 0 0 0 0 -1.15006
204 205 0.000381893 0 -1.11779 0 0 0 0 -1.11741
205 206 0.017524 0 -0.820393 0 0 0 0 -0.802869
206 207 0.0257844 0 -1.10128 0 0 0 0 -1.0755
207 208 0.00450372 0 -1.15599 0 0 0 0 -1.15148
67 209 0 0 0 0 -0 -0.0699063 -0 -0.0699063
79 209 0 0 0 0 0 -0 -0.340892 -0.340892
69 209 0 0 0 0 0 -0.118567 -0 -0.118567
68 209 0 0 0 0 -0.71066 0 -0 -0.71066
208 209 0.0198989 0 0 0 0 0 0 0.0198989
67 210 0 0 0 0 0 -0.00284052 -0 -0.00284052
66 210 0 0 0 0 0 -0.033505 0 -0.033505
68 210 0 0 0 0 0 -0.129127 0 -0.129127
209 210 0.0512102 0 -0.92592 0 0 0 0 -0.87471
67 211 0 0 0 0 -0.520223 -2.6864e-17 -0 -0.520223
66 211 0 0 0 0 0 -0.15978 0 -0.15978
210 211 0.0247262 0 -0.010945 0 0 0 0 0.0137812
67 212 0 0 0 0 0 -0.0750837 0 -0.0750837
66 212 0 0 0 0 -0.687342 0 -0 -0.687342
65 212 0 0 0 0 -3.42025e-31 -0.0959091 0 -0.0959091
211 212 0.037117 0 -1.26679 0 0 0 0 -1.22968
64 213 0 0 0 0 0 -0.0357303 -0 -0.0357303
66 213 0 0 0 0 -0 -0.0588548 0 -0.0588548
65 213 0 0 0 0 -0.638209 0 -0 -0.638209
212 213 0.000116523 0 -1.10378 0 0 0 0 -1.10367
64 214 0 0 0 0 0 -0.00344874 -0 -0.00344874
63 214 0 0 0 0 0 -0.0960946 -0 -0.0960946
213 214 0.0335785 0 -0.629641 0 0 0 0 -0.596063
64 215 0 0 0 0 0 -0.107627 0 -0.107627
62 215 0 0 0 0 -0 -0.169071 0 -0.169071
214 215 0.250343 0 -1.1681 0 0 0 0 -0.91776
63 216 0 0 0 0 0 -0.0598919 0 -0.0598919
62 216 0 0 0 0 -0.740567 0 -0 -0.740567
61 216 0 0 0 0 -4.2095e-29 -0.0955905 0 -0.0955905
215 216 0.013687 0 -1.22184 0 0 0 0 -1.20816
62 217 0 0 0 0 -0 -0.164732 0 -0.164732
61 217 0 0 0 0 -0.634465 0 -0 -0.634465
60 217 0 0 0 0 0 -0.138264 0 -0.138264
216 217 0.000217567 0 -1.33946 0 0 0 0 -1.33924
61 218 0 0 0 0 0 -0.063305 -0 -0.063305
60 218 0 0 0 0 -0.706966 0 -0 -0.706966
217 218 0.047584 0 -1.07442 0 0 0 0 -1.02684
60 219 0 0 0 0 -0 -0.150314 0 -0.150314
218 219 0.0284603 0 -1.18506 0 0 0 0 -1.1566
220 221 0.00493339 0 -1.16877 0 0 0 0 -1.16384
221 222 0.0590889 0 -1.34146 0 0 0 0 -1.28237
222 223 0.00376467 0 -0.928046 0 0 0 0 -0.924282
223 224 0.00113843 0 -1.18053 0 0 0 0 -1.17939
224 225 0.00607879 0 -0.959599 0 0 0 0 -0.953521
225 226 9.29361e-05 0 -1.36095 0 0 0 0 -1.36085
226 227 0.236 0 -0.935446 0 0 0 0 -0.699446
227 228 0.116584 0 0 0 0 0 0 0.116584
228 229 0.00946028 0 -1.39117 0 0 0 0 -1.38171
229 230 0.000517101 0 -0.899172 0 0 0 0 -0.898655
230 231 0.0134014 0 -0.580085 0 0 0 0 -0.566683
231 232 0.0498287 0 -1.17279 0 0 0 0 -1.12296
232 233 0.0536959 0 -1.2405 0 0 0 0 -1.1868
233 234 0.0978481 0 -0.972049 0 0 0 0 -0.874201
234 235 0.206856 0 -0.938937 0 0 0 0 -0.732081
235 236 0.127901 0 -1.27189 0 0 0 0 -1.14398
236 237 0.0317098 0 -0.990316 0 0 0 0 -0.958607
237 238 0.125058 0 -1.07644 0 0 0 0 -0.951383
238 239 0.140356 0 -1.10641 0 0 0 0 -0.966057
188 240 0 0 0 0 0 -0.02714 -0 -0.02714
187 240 0 0 0 0 0 -0.046515 0 -0.046515
188 241 0 0 0 0 -0 -0.0309982 0 -0.0309982
187 241 0 0 0 0 -0.681164 0 -0 -0.681164
186 241 0 0 0 0 0 -0.0463946 -0 -0.0463946
240 241 0.00314075 0 -1.14461 0 0 0 0 -1.14147
187 242 0 0 0 0 0 -0.12516 -0 -0.12516
186 242 0 0 0 0 -0.600003 0 -0 -0.600003
185 242 0 0 0 0 -4.67656e-16 -0.0938202 0 -0.0938202
241 242 0.0505507 0 -0.847608 0 0 0 0 -0.797057
186 243 0 0 0 0 -0 -0.00284714 -0 -0.00284714
185 243 0 0 0 0 -0.73845 0 -0 -0.73845
184 243 0 0 0 0 0 -0.185965 0 -0.185965
242 243 0.00124905 0 -1.00938 0 0 0 0 -1.00813
183 244 0 0 0 0 0 -0.188643 0 -0.188643
185 244 0 0 0 0 -0 -0.112376 -0 -0.112376
243 244 0.0128351 0 -1.2881 0 0 0 0 -1.27526
182 245 0 0 0 0 -0 -0.194305 0 -0.194305
184 245 0 0 0 0 0 -0.119783 0 -0.119783
244 245 0.0614681 0 -1.07815 0 0 0 0 -1.01668
183 246 0 0 0 0 0 -0.13329 0 -0.13329
182 246 0 0 0 0 -0.58215 0 -0 -0.58215
181 246 0 0 0 0 -0 -0.181305 0 -0.181305
245 246 0.00032297 0 -0.900326 0 0 0 0 -0.900003
182 247 0 0 0 0 -0 -0.153707 0 -0.153707
181 247 0 0 0 0 -0.739741 0 -0 -0.739741
180 247 0 0 0 0 0 -0.00259583 -0 -0.00259583
246 247 0.0422989 0 -1.30023 0 0 0 0 -1.25794
181 248 0 0 0 0 0 -0.166497 0 -0.166497
180 248 0 0 0 0 -0.662219 0 -0 -0.662219
247 248 0.0019083 0 -1.23753 0 0 0 0 -1.23562
180 249 0 0 0 0 -0 -0.177018 0 -0.177018
248 249 0.0357664 0 -1.26787 0 0 0 0 -1.2321
249 250 0.0426368 0 -1.25514 0 0 0 0 -1.2125
250 251 0.0821718 0 -1.27741 0 0 0 0 -1.19524
251 252 0.0794259 0 -1.29777 0 0 0 0 -1.21835
252 253 0.00405691 0 -1.2845 0 0 0 0 -1.28044
253 254 0.049359 0 -1.27573 0 0 0 0 -1.22637
254 255 0.0196315 0 -1.0957 0 0 0 0 -1.07607
255 256 0.0385874 0 -1.31268 0 0 0 0 -1.2741
256 257 0.000633759 0 -1.16971 0 0 0 0 -1.16908
257 258 2.17836e-05 0 -1.31382 0 0 0 0 -1.3138
258 259 0.0659913 0 -1.0821 0 0 0 0 -1.01611
260 261 0.00744192 0 -1.29626 0 0 0 0 -1.28881
261 262 0.00433703 0 -0.756857 0 0 0 0 -0.75252
262 263 0.0565188 0 -1.30262 0 0 0 0 -1.2461
263 264 0.00128897 0 -1.20288 0 0 0 0 -1.2016
264 265 0.00115676 0 0 0 0 0 0 0.00115676
265 266 0.0179038 0 -1.21746 0 0 0 0 -1.19955
266 267 0.0413205 0 -1.01626 0 0 0 0 -0.974937
267 268 0.024034 0 -0.536362 0 0 0 0 -0.512328
261 269 0 0 0 0 0 -0.164639 0 -0.164639
262 269 0 0 0 0 0 -0.0223387 0 -0.0223387
268 269 0.00325121 0 -1.13156 0 0 0 0 -1.12831
261 270 0 0 0 0 -0.655939 0 -0 -0.655939
260 270 0 0 0 0 0 -0.126312 -0 -0.126312
269 270 0.0239694 0 -1.26656 0 0 0 0 -1.24259
261 271 0 0 0 0 0 -0.134702 0 -0.134702
260 271 0 0 0 0 -0.530414 0 -0 -0.530414
270 271 0.0410199 0 -1.30849 0 0 0 0 -1.26747
260 272 0 0 0 0 0 -0.0843204 0 -0.0843204
271 272 0.000146727 0 -1.09958 0 0 0 0 -1.09943
272 273 0.000465144 0 -1.14085 0 0 0 0 -1.14039
273 274 0.00312333 0 -1.39847 0 0 0 0 -1.39534
274 275 0.0487574 0 -1.30946 0 0 0 0 -1.2607
275 276 0.170667 0 -1.38355 0 0 0 0 -1.21288
276 277 0.00428227 0 -1.17296 0 0 0 0 -1.16867
277 278 0.012896 0 0 0 0 0 0 0.012896
278 279 0.00294441 0 -1.15428 0 0 0 0 -1.15133
280 281 0.174812 0 -1.32502 0 0 0 0 -1.1502
281 282 0.0499031 0 -1.18519 0 0 0 0 -1.13529
282 283 0.000394871 0 -1.08827 0 0 0 0 -1.08788
283 284 0.0134707 0 -1.12265 0 0 0 0 -1.10918
284 285 0.0137802 0 -1.28403 0 0 0 0 -1.27025
285 286 0.170539 0 -1.33607 0 0 0 0 -1.16553
286 287 0.0402767 0 -1.31409 0 0 0 0 -1.27381
287 288 1.54679e-06 0 -1.0479 0 0 0 0 -1.04789
288 289 0.0429993 0 -1.17324 0 0 0 0 -1.13025
289 290 9.00367e-06 0 -1.11706 0 0 0 0 -1.11705
199 291 0 0 0 0 0 -0.113452 0 -0.113452
290 291 0.00533559 0 0 0 0 0 0 0.00533559
199 292 0 0 0 0 -0.427271 -4.52399e-06 -0 -0.427275
198 292 0 0 0 0 0 -0.0852589 -0 -0.0852589
291 292 0.0737821 0 -1.31434 0 0 0 0 -1.24056
199 293 0 0 0 0 -0 -0.0560138 0 -0.0560138
197 293 0 0 0 0 -0 -0.0972145 -0 -0.0972145
292 293 0.0404662 0 -1.28923 0 0 0 0 -1.24877
198 294 0 0 0 0 0 -0.139781 0 -0.139781
197 294 0 0 0 0 -0.699278 0 -0 -0.699278
196 294 0 0 0 0 -8.99183e-29 -0.0917508 0 -0.0917508
293 294 0.0640295 0 -1.05625 0 0 0 0 -0.992217
197 295 0 0 0 0 -0 -0.103457 0 -0.103457
196 295 0 0 0 0 -0.786851 0 -0 -0.786851
195 295 0 0 0 0 -4.85277e-30 -0.147589 0 -0.147589
294 295 0.0712499 0 -1.1848 0 0 0 0 -1.11355
194 296 0 0 0 0 -1.19629e-32 -0.193895 0 -0.193895
196 296 0 0 0 0 -0 -0.16104 0 -0.16104
195 296 0 0 0 0 -0.737871 0 -0 -0.737871
295 296 0.000688159 0 -1.26763 0 0 0 0 -1.26694
194 297 0 0 0 0 -0.704501 0 -0 -0.704501
193 297 0 0 0 0 -0 -0.179045 0 -0.179045
195 297 0 0 0 0 -0 -0.149034 -0 -0.149034
296 297 0.0563652 0 -1.25819 0 0 0 0 -1.20183
194 298 0 0 0 0 0 -0.0395255 0 -0.0395255
193 298 0 0 0 0 0 -0.000531649 -0 -0.000531649
192 298 0 0 0 0 0 -0.00216413 -0 -0.00216413
297 298 0.015152 0 -1.3 0 0 0 0 -1.28485
298 299 0.0292132 0 -1.31699 0 0 0 0 -1.28777
300 301 0.0306562 0 -1.20786 0 0 0 0 -1.17721
301 302 0.0285418 0 -1.18281 0 0 0 0 -1.15427
302 303 0.0582451 0 -1.29761 0 0 0 0 -1.23936
303 304 0.000649919 0 -1.1207 0 0 0 0 -1.12005
304 305 0.0560226 0 -1.16639 0 0 0 0 -1.11037
305 306 0.08185 0 -1.20662 0 0 0 0 -1.12477
306 307 0.0125732 0 -1.35657 0 0 0 0 -1.34399
307 308 0.0431925 0 -1.14429 0 0 0 0 -1.1011
308 309 0.0509853 0 -0.965786 0 0 0 0 -0.914801
309 310 0.064639 0 -1.17477 0 0 0 0 -1.11013
307 311 0 0 0 0 0 -0.000987194 -0 -0.000987194
306 311 0 0 0 0 0 -0.149349 0 -0.149349
310 311 0.113398 0 0 0 0 0 0 0.113398
307 312 0 0 0 0 -0 -0.0866115 0 -0.0866115
306 312 0 0 0 0 -0.598195 0 -0 -0.598195
305 312 0 0 0 0 -3.05822e-35 -0.190242 0 -0.190242
311 312 0.0040369 0 -1.19671 0 0 0 0 -1.19267
306 313 0 0 0 0 -0 -0.17304 0 -0.17304
305 313 0 0 0 0 -0.811716 0 -0 -0.811716
304 313 0 0 0 0 -2.18026e-29 -0.16433 0 -0.16433
312 313 0.133655 0 -1.28079 0 0 0 0 -1.14714
305 314 0 0 0 0 -0 -0.146086 0 -0.146086
304 314 0 0 0 0 -0.905498 0 -0 -0.905498
303 314 0 0 0 0 -3.07548e-28 -0.158295 0 -0.158295
313 314 0.0329699 0 -0.984404 0 0 0 0 -0.951434
304 315 0 0 0 0 -0 -0.185603 0 -0.185603
303 315 0 0 0 0 -0.827622 0 -0 -0.827622
302 315 0 0 0 0 -6.87957e-30 -0.137763 0 -0.137763
314 315 0.0261466 0 -1.27503 0 0 0 0 -1.24888
301 316 0 0 0 0 0 -0.107995 0 -0.107995
303 316 0 0 0 0 -0 -0.206157 0 -0.206157
302 316 0 0 0 0 -0.685878 0 -0 -0.685878
315 316 0.0129727 0 -1.24627 0 0 0 0 -1.23329
302 317 0 0 0 0 -0 -0.0767138 -0 -0.0767138
316 317 0.0810111 0 -1.26335 0 0 0 0 -1.18234
317 318 0.0474556 0 0 0 0 0 0 0.0474556
318 319 0.114378 0 -1.0961 0 0 0 0 -0.981723
320 321 0.00300628 0 -1.33207 0 0 0 0 -1.32906
321 322 0.0280647 0 -1.09429 0 0 0 0 -1.06623
322 323 0.123678 0 -1.23626 0 0 0 0 -1.11258
323 324 0.191326 0 -0.950028 0 0 0 0 -0.758703
324 325 0.0337059 0 -1.26692 0 0 0 0 -1.23322
325 326 0.00822312 0 -0.996079 0 0 0 0 -0.987856
326 327 0.00132938 0 -1.29673 0 0 0 0 -1.2954
327 328 0.0407948 0 -1.38503 0 0 0 0 -1.34423
328 329 0.044277 0 0 0 0 0 0 0.044277
329 330 0.010713 0 -1.16436 0 0 0 0 -1.15365
328 331 0 0 0 0 -0 -0.00791766 -0 -0.00791766
330 331 0.0359873 0 -1.29946 0 0 0 0 -1.26348
328 332 0 0 0 0 0 -9.45263e-08 -0 -9.45263e-08
327 332 0 0 0 0 -0 -0.176479 0 -0.176479
331 332 0.0113076 0 -1.11594 0 0 0 0 -1.10463
328 333 0 0 0 0 0 -0.167846 0 -0.167846
327 333 0 0 0 0 -0.592691 0 -0 -0.592691
326 333 0 0 0 0 -0 -0.173132 -0 -0.173132
332 333 0.0015827 0 -1.28998 0 0 0 0 -1.2884
327 334 0 0 0 0 -0 -0.167766 0 -0.167766
326 334 0 0 0 0 -0.675217 0 -0 -0.675217
325 334 0 0 0 0 -5.06981e-28 -0.118688 0 -0.118688
333 334 0.0681238 0 -0.826202 0 0 0 0 -0.758079
326 335 0 0 0 0 -0 -0.138581 0 -0.138581
325 335 0 0 0 0 -0.483848 -1.89802e-10 -0 -0.483848
324 335 0 0 0 0 -3.9184e-31 -0.171531 0 -0.171531
334 335 0.0357623 0 -0.700986 0 0 0 0 -0.665224
325 336 0 0 0 0 -0 -0.146463 0 -0.146463
324 336 0 0 0 0 -0.875678 0 -0 -0.875678
323 336 0 0 0 0 -3.40011e-31 -0.1102 -0 -0.1102
335 336 0.0031327 0 -1.37281 0 0 0 0 -1.36967
324 337 0 0 0 0 -0 -0.18448 0 -0.18448
323 337 0 0 0 0 -0.766854 0 -0 -0.766854
322 337 0 0 0 0 -1.03457e-27 -0.13699 0 -0.13699
336 337 0.00118023 0 -1.321 0 0 0 0 -1.31982
323 338 0 0 0 0 0 -0.0798893 0 -0.0798893
322 338 0 0 0 0 0 -0.00399838 -0 -0.00399838
321 338 0 0 0 0 -0 -0.000323108 0 -0.000323108
337 338 7.51924e-06 0 -1.27307 0 0 0 0 -1.27306
322 339 0 0 0 0 -0 -0.0519082 0 -0.0519082
321 339 0 0 0 0 0 -0.00124737 -0 -0.00124737
338 339 0.0104741 0 -1.33352 0 0 0 0 -1.32304
340 341 0.0646302 0 -1.21238 0 0 0 0 -1.14775
341 342 0.105635 0 -1.34562 0 0 0 0 -1.23999
342 343 0.0134633 0 -1.27903 0 0 0 0 -1.26557
343 344 0.0277873 0 -1.27369 0 0 0 0 -1.2459
344 345 0.00625179 0 -1.17979 0 0 0 0 -1.17353
345 346 0.00684722 0 -1.29274 0 0 0 0 -1.28589
346 347 0.00712333 0 -1.14459 0 0 0 0 -1.13747
290 348 0 0 0 0 -7.91687e-18 -0.156884 0 -0.156884
347 348 0.00433548 0 0 0 0 0 0 0.00433548
289 349 0 0 0 0 0 -0.163192 0 -0.163192
290 349 0 0 0 0 -0.770471 0 -0 -0.770471
348 349 0.163433 0 -1.20953 0 0 0 0 -1.0461
289 350 0 0 0 0 -0.876453 0 -0 -0.876453
288 350 0 0 0 0 -5.90619e-30 -0.143781 0 -0.143781
290 350 0 0 0 0 0 -0.169303 0 -0.169303
349 350 0.03634 0 -1.31822 0 0 0 0 -1.28188
287 351 0 0 0 0 0 -0.0947818 0 -0.0947818
289 351 0 0 0 0 -0 -0.0824537 0 -0.0824537
288 351 0 0 0 0 -0.553181 0 -0 -0.553181
350 351 0.0130089 0 -0.845397 0 0 0 0 -0.832389
287 352 0 0 0 0 -0.648676 0 -0 -0.648676
286 352 0 0 0 0 -7.69955e-29 -0.135689 0 -0.135689
288 352 0 0 0 0 0 -0.117081 -0 -0.117081
351 352 0.000772828 0 -1.32902 0 0 0 0 -1.32825
287 353 0 0 0 0 -0 -0.132371 -0 -0.132371
286 353 0 0 0 0 -0.752975 0 -0 -0.752975
285 353 0 0 0 0 -8.07449e-31 -0.132857 0 -0.132857
352 353 0.0158735 0 -1.0851 0 0 0 0 -1.06922
286 354 0 0 0 0 -0 -0.175504 0 -0.175504
285 354 0 0 0 0 -0.797365 0 -0 -0.797365
284 354 0 0 0 0 -3.09366e-29 -0.106885 -0 -0.106885
353 354 0.142971 0 -0.721992 0 0 0 0 -0.579021
285 355 0 0 0 0 -0 -0.158504 0 -0.158504
284 355 0 0 0 0 -0.772727 0 -0 -0.772727
283 355 0 0 0 0 -1.25548e-16 -0.0358374 0 -0.0358374
354 355 0.00624797 0 -1.2007 0 0 0 0 -1.19445
284 356 0 0 0 0 -0 -0.121059 -0 -0.121059
283 356 0 0 0 0 -0.711851 0 -0 -0.711851
282 356 0 0 0 0 -0 -0.147099 0 -0.147099
355 356 0.223579 0 -1.25517 0 0 0 0 -1.03159
281 357 0 0 0 0 0 -0.109908 0 -0.109908
283 357 0 0 0 0 -0 -0.104318 0 -0.104318
282 357 0 0 0 0 -0.833739 0 -0 -0.833739
356 357 0.432485 0 -1.20084 0 0 0 0 -0.768353
281 358 0 0 0 0 -0.627332 0 -0 -0.627332
280 358 0 0 0 0 0 -0.116002 0 -0.116002
282 358 0 0 0 0 0 -0.181488 0 -0.181488
357 358 0.0308791 0 -1.23034 0 0 0 0 -1.19946
281 359 0 0 0 0 0 -0.0479218 0 -0.0479218
358 359 0.0032299 0 -0.570173 0 0 0 0 -0.566944
360 361 0.0481702 0 -1.32108 0 0 0 0 -1.27291
361 362 0.107078 0 -1.14975 0 0 0 0 -1.04267
362 363 0.0866613 0 -1.33308 0 0 0 0 -1.24642
363 364 0.00698355 0 -1.26606 0 0 0 0 -1.25908
364 365 0.0190054 0 -1.22014 0 0 0 0 -1.20113
365 366 0.125399 0 -1.37428 0 0 0 0 -1.24888
366 367 0.0764848 0 -1.26678 0 0 0 0 -1.1903
367 368 0.00183755 0 -1.27786 0 0 0 0 -1.27603
368 369 0.0717899 0 -1.05326 0 0 0 0 -0.98147
369 370 0.00344885 0 -1.22499 0 0 0 0 -1.22154
370 371 0.013376 0 -0 0 0 0 0 0.013376
371 372 0.12483 0 -1.12761 0 0 0 0 -1.00278
368 373 0 0 0 0 0 -0.140871 -0 -0.140871
372 373 0.004653 0 -1.22405 0 0 0 0 -1.2194
367 374 0 0 0 0 -0 -0.152372 0 -0.152372
369 374 0 0 0 0 0 -0.0785416 -0 -0.0785416
373 374 0.141327 0 -1.18245 0 0 0 0 -1.04113
368 375 0 0 0 0 0 -0.171173 0 -0.171173
367 375 0 0 0 0 -0.724657 0 -0 -0.724657
366 375 0 0 0 0 -2.8191e-28 -0.138153 0 -0.138153
374 375 0.124165 0 -1.35262 0 0 0 0 -1.22846
367 376 0 0 0 0 -0 -0.121426 0 -0.121426
366 376 0 0 0 0 -0.748602 0 -0 -0.748602
365 376 0 0 0 0 -1.74414e-29 -0.0906225 0 -0.0906225
375 376 0.0029947 0 -1.06736 0 0 0 0 -1.06436
366 377 0 0 0 0 -0 -0.166319 0 -0.166319
365 377 0 0 0 0 -0.623379 0 -0 -0.623379
364 377 0 0 0 0 -0 -0.116058 0 -0.116058
376 377 0.0963262 0 -1.204 0 0 0 0 -1.10768
365 378 0 0 0 0 0 -0.148181 0 -0.148181
363 378 0 0 0 0 0 -0.157389 0 -0.157389
377 378 0.0703315 0 -1.35075 0 0 0 0 -1.28042
364 379 0 0 0 0 -0 -0.0775606 0 -0.0775606
363 379 0 0 0 0 -0.462055 0 -0 -0.462055
362 379 0 0 0 0 -0 -0.119636 0 -0.119636
378 379 0.166359 0 -1.151 0 0 0 0 -0.984645
380 381 0.0980717 0 -1.15889 0 0 0 0 -1.06082
381 382 0.0341977 0 -1.29642 0 0 0 0 -1.26223
382 383 0.000408404 0 -1.19655 0 0 0 0 -1.19614
383 384 0.115202 0 -1.09823 0 0 0 0 -0.983026
384 385 0.000106986 0 -1.06406 0 0 0 0 -1.06395
385 386 0.0145737 0 -1.28262 0 0 0 0 -1.26804
386 387 0.0399536 0 -1.21045 0 0 0 0 -1.1705
387 388 0.00324207 0 -1.22676 0 0 0 0 -1.22352
388 389 0.0131377 0 -1.32825 0 0 0 0 -1.31512
389 390 0.0137885 0 -1.1875 0 0 0 0 -1.17371
390 391 0.0353015 0 -1.01605 0 0 0 0 -0.980744
391 392 0.245626 0 0 0 0 0 0 0.245626
388 393 0 0 0 0 0 -0.00515831 -0 -0.00515831
392 393 0.00652551 0 0 0 0 0 0 0.00652551
388 394 0 0 0 0 0 -0.145163 0 -0.145163
387 394 0 0 0 0 -0.3605 -0.000142139 -0 -0.360643
386 394 0 0 0 0 -0 -0.0557658 0 -0.0557658
393 394 0.00132138 0 -1.2395 0 0 0 0 -1.23818
387 395 0 0 0 0 -0 -0.160326 0 -0.160326
386 395 0 0 0 0 -0.655573 -4.39188e-28 -0 -0.655573
385 395 0 0 0 0 -2.22235e-29 -0.14571 0 -0.14571
394 395 0.0434287 0 -1.3475 0 0 0 0 -1.30407
384 396 0 0 0 0 -0 -0.173113 0 -0.173113
386 396 0 0 0 0 -0 -0.155506 0 -0.155506
385 396 0 0 0 0 -0.769553 0 -0 -0.769553
395 396 0.00833637 0 -0.952402 0 0 0 0 -0.944066
383 397 0 0 0 0 -1.88404e-29 -0.188913 0 -0.188913
384 397 0 0 0 0 -0.871537 0 -0 -0.871537
385 397 0 0 0 0 -0 -0.155634 0 -0.155634
396 397 0.0540074 0 -1.24993 0 0 0 0 -1.19592
382 398 0 0 0 0 0 -0.142992 0 -0.142992
384 398 0 0 0 0 0 -0.136014 0 -0.136014
397 398 0.0383626 0 -1.11258 0 0 0 0 -1.07421
382 399 0 0 0 0 -0.643842 0 -0 -0.643842
381 399 0 0 0 0 0 -0.12465 0 -0.12465
383 399 0 0 0 0 -0 -0.125589 -0 -0.125589
398 399 0.0123152 0 -1.14765 0 0 0 0 -1.13533
400 401 0.038316 0 0 0 0 0 0 0.038316
346 402 0 0 0 0 -0 -0.0673958 -0 -0.0673958
345 402 0 0 0 0 -0.751339 0 -0 -0.751339
344 402 0 0 0 0 -1.67511e-28 -0.158707 0 -0.158707
401 402 0.00492461 0 0 0 0 0 0 0.00492461
345 403 0 0 0 0 -0 -0.125264 -0 -0.125264
344 403 0 0 0 0 -0.798249 0 -0 -0.798249
343 403 0 0 0 0 -0 -0.176779 0 -0.176779
402 403 0.130681 0 -1.20339 0 0 0 0 -1.07271
344 404 0 0 0 0 -0 -0.143951 0 -0.143951
343 404 0 0 0 0 -0.650627 0 -0 -0.650627
342 404 0 0 0 0 -0 -0.115291 -0 -0.115291
403 404 0.0346391 0 -0.981006 0 0 0 0 -0.946367
343 405 0 0 0 0 -0 -0.127277 0 -0.127277
342 405 0 0 0 0 -0.249709 0 -0 -0.249709
341 405 0 0 0 0 0 -0.155664 0 -0.155664
404 405 0.0309104 0 -1.17727 0 0 0 0 -1.14636
342 406 0 0 0 0 -0 -0.0192775 -0 -0.0192775
405 406 0.000119548 0 -1.05592 0 0 0 0 -1.05581
406 407 0.0010849 0 0 0 0 0 0 0.0010849
407 408 0.0070126 0 -0.922847 0 0 0 0 -0.915834
408 409 0.0018496 0 -1.29638 0 0 0 0 -1.29453
409 410 0.00253725 0 -0.712836 0 0 0 0 -0.710298
410 411 0.0120235 0 -1.18783 0 0 0 0 -1.17581
411 412 0.123967 0 -1.03345 0 0 0 0 -0.90948
412 413 0.01518 0 -0.936406 0 0 0 0 -0.921226
413 414 0.0315745 0 -1.31224 0 0 0 0 -1.28067
414 415 0.0691007 0 -1.33129 0 0 0 0 -1.26219
415 416 0.00463153 0 -1.09567 0 0 0 0 -1.09103
416 417 0.00641409 0 -1.13662 0 0 0 0 -1.1302
417 418 0.0408445 0 -1.18934 0 0 0 0 -1.1485
418 419 0.0135194 0 -1.38137 0 0 0 0 -1.36785
239 420 0 0 0 0 -0.122415 -4.7183e-05 -0 -0.122462
238 420 0 0 0 0 -0 -0.184121 0 -0.184121
239 421 0 0 0 0 -0 -0.144248 0 -0.144248
238 421 0 0 0 0 -0.489249 0 -0 -0.489249
237 421 0 0 0 0 0 -0.191086 0 -0.191086
420 421 0.170828 0 -1.06102 0 0 0 0 -0.890193
238 422 0 0 0 0 0 -0.197132 0 -0.197132
237 422 0 0 0 0 -0.793246 0 -0 -0.793246
236 422 0 0 0 0 -0 -0.162707 -0 -0.162707
421 422 0.0317734 0 -1.30141 0 0 0 0 -1.26964
237 423 0 0 0 0 -0 -0.124835 0 -0.124835
236 423 0 0 0 0 -0.826866 0 -0 -0.826866
235 423 0 0 0 0 -6.75333e-30 -0.153312 0 -0.153312
422 423 0.010489 0 -1.14843 0 0 0 0 -1.13794
236 424 0 0 0 0 -0 -0.124506 0 -0.124506
235 424 0 0 0 0 -0.647141 0 -0 -0.647141
234 424 0 0 0 0 -1.5118e-28 -0.088049 -0 -0.088049
423 424 0.0114581 0 -1.20331 0 0 0 0 -1.19185
233 425 0 0 0 0 -0 -0.0531669 -0 -0.0531669
235 425 0 0 0 0 -0 -0.0910594 0 -0.0910594
234 425 0 0 0 0 -0.834058 0 -0 -0.834058
424 425 0.067639 0 -1.23537 0 0 0 0 -1.16773
233 426 0 0 0 0 -0.680602 0 -0 -0.680602
232 426 0 0 0 0 -5.83092e-32 -0.173204 0 -0.173204
234 426 0 0 0 0 -0 -0.125708 0 -0.125708
425 426 0.0201289 0 -1.04318 0 0 0 0 -1.02305
231 427 0 0 0 0 0 -0.141464 -0 -0.141464
233 427 0 0 0 0 -0 -0.0971335 0 -0.0971335
232 427 0 0 0 0 -0.628898 0 -0 -0.628898
426 427 0.0220205 0 -1.13596 0 0 0 0 -1.11394
231 428 0 0 0 0 -0.828348 0 -0 -0.828348
230 428 0 0 0 0 0 -0.124968 0 -0.124968
232 428 0 0 0 0 0 -0.13508 0 -0.13508
427 428 0.000126488 0 -1.19844 0 0 0 0 -1.19832
231 429 0 0 0 0 0 -0.152352 0 -0.152352
229 429 0 0 0 0 0 -0.0886162 0 -0.0886162
428 429 0.138984 0 -1.37925 0 0 0 0 -1.24026
230 430 0 0 0 0 0 -0.00975457 0 -0.00975457
229 430 0 0 0 0 -0.83399 0 -0 -0.83399
228 430 0 0 0 0 -0 -0.155404 0 -0.155404
429 430 0.00665089 0 -1.04331 0 0 0 0 -1.03666
229 431 0 0 0 0 0 -0.115349 0 -0.115349
430 431 0.0201947 0 -1.07381 0 0 0 0 -1.05361
431 432 0.03787 0 -0.878482 0 0 0 0 -0.840612
432 433 0.00031624 0 -1.25235 0 0 0 0 -1.25203
433 434 0.000617182 0 -1.13908 0 0 0 0 -1.13847
434 435 0.0048394 0 -1.36268 0 0 0 0 -1.35784
435 436 0.0173735 0 -1.1893 0 0 0 0 -1.17193
436 437 0.098588 0 -1.1058 0 0 0 0 -1.00721
437 438 0.000317074 0 -0 0 0 0 0 0.000317074
438 439 0.0107869 0 -1.15609 0 0 0 0 -1.1453
440 441 0.00283521 0 -1.19961 0 0 0 0 -1.19677
441 442 0.0299307 0 -1.0098 0 0 0 0 -0.979867
442 443 0.0879605 0 -1.09505 0 0 0 0 -1.00709
443 444 4.80513e-05 0 -1.1014 0 0 0 0 -1.10135
444 445 0.0369315 0 -1.01517 0 0 0 0 -0.978239
445 446 0.00344575 0 -1.14328 0 0 0 0 -1.13984
446 447 6.98118e-07 0 -1.01689 0 0 0 0 -1.01689
447 448 0.110285 0 -1.08357 0 0 0 0 -0.973282
448 449 0.0102438 0 -0 0 0 0 0 0.0102438
449 450 0.00222968 0 -1.25558 0 0 0 0 -1.25335
447 451 0 0 0 0 0 -0.0891823 -0 -0.0891823
450 451 0.191323 0 -1.23782 0 0 0 0 -1.0465
448 452 0 0 0 0 0 -0.117401 -0 -0.117401
447 452 0 0 0 0 -0.634343 0 -0 -0.634343
446 452 0 0 0 0 -0 -0.146669 -0 -0.146669
451 452 0.0315072 0 -1.26654 0 0 0 0 -1.23503
447 453 0 0 0 0 -0 -0.163639 0 -0.163639
446 453 0 0 0 0 -0.875532 0 -0 -0.875532
445 453 0 0 0 0 -1.97878e-33 -0.194059 0 -0.194059
452 453 0.0016491 0 -1.17582 0 0 0 0 -1.17417
446 454 0 0 0 0 -0 -0.16746 0 -0.16746
445 454 0 0 0 0 -0.634269 0 -0 -0.634269
444 454 0 0 0 0 -3.36158e-28 -0.122402 0 -0.122402
453 454 0.000452294 0 -1.29457 0 0 0 0 -1.29412
445 455 0 0 0 0 -0 -0.121259 -0 -0.121259
444 455 0 0 0 0 -0.868564 0 -0 -0.868564
443 455 0 0 0 0 -0 -0.198286 0 -0.198286
454 455 0.082904 0 -1.0707 0 0 0 0 -0.987796
444 456 0 0 0 0 -0 -0.148038 0 -0.148038
443 456 0 0 0 0 -0.707795 0 -0 -0.707795
442 456 0 0 0 0 -0 -0.166618 0 -0.166618
455 456 0.00178773 0 -1.16641 0 0 0 0 -1.16463
443 457 0 0 0 0 -0 -0.0480191 -0 -0.0480191
442 457 0 0 0 0 -0.714966 0 -0 -0.714966
441 457 0 0 0 0 0 -0.0507351 -0 -0.0507351
456 457 0.00836966 0 -0.900498 0 0 0 0 -0.892129
442 458 0 0 0 0 0 -0.127743 0 -0.127743
441 458 0 0 0 0 -0.72348 0 -0 -0.72348
440 458 0 0 0 0 -0 -0.0225602 0 -0.0225602
457 458 0.00969966 0 -0.818147 0 0 0 0 -0.808447
441 459 0 0 0 0 -0 -0.197208 0 -0.197208
440 459 0 0 0 0 -0 -0.0265571 -0 -0.0265571
458 459 0.0215051 0 -1.22028 0 0 0 0 -1.19877
419 460 0 0 0 0 -0.486025 0 -0 -0.486025
418 460 0 0 0 0 -9.06668e-32 -0.194196 0 -0.194196
419 461 0 0 0 0 -0 -0.046256 -0 -0.046256
418 461 0 0 0 0 -0.427279 0 -0 -0.427279
417 461 0 0 0 0 0 -0.167551 0 -0.167551
460 461 0.043433 0 -1.10521 0 0 0 0 -1.06178
418 462 0 0 0 0 0 -0.0905539 0 -0.0905539
417 462 0 0 0 0 -0.723996 0 -0 -0.723996
416 462 0 0 0 0 -4.18939e-29 -0.146069 0 -0.146069
461 462 0.00524433 0 -1.30237 0 0 0 0 -1.29713
415 463 0 0 0 0 -2.08956e-27 -0.106088 0 -0.106088
417 463 0 0 0 0 -0 -0.113438 -0 -0.113438
416 463 0 0 0 0 -0.764308 0 -0 -0.764308
462 463 0.0513914 0 -1.22987 0 0 0 0 -1.17848
415 464 0 0 0 0 -0.74162 0 -0 -0.74162
414 464 0 0 0 0 -4.93261e-28 -0.111086 0 -0.111086
416 464 0 0 0 0 -0 -0.0758281 -0 -0.0758281
463 464 0.01307 0 -1.12214 0 0 0 0 -1.10907
413 465 0 0 0 0 -0 -0.0750022 -0 -0.0750022
415 465 0 0 0 0 -0 -0.1221 0 -0.1221
414 465 0 0 0 0 -0.641647 0 -0 -0.641647
464 465 0.104826 0 -1.34202 0 0 0 0 -1.2372
413 466 0 0 0 0 -0.793266 0 -0 -0.793266
412 466 0 0 0 0 -7.36423e-30 -0.155366 0 -0.155366
414 466 0 0 0 0 -0 -0.17573 0 -0.17573
465 466 0.0410921 0 -1.18235 0 0 0 0 -1.14126
413 467 0 0 0 0 -0 -0.138966 0 -0.138966
412 467 0 0 0 0 -0.611314 -6.08001e-09 -0 -0.611314
411 467 0 0 0 0 0 -0.124532 0 -0.124532
466 467 0.089412 0 -1.23522 0 0 0 0 -1.14581
412 468 0 0 0 0 0 -0.199389 0 -0.199389
411 468 0 0 0 0 -0.804278 0 -0 -0.804278
410 468 0 0 0 0 0 -0.138352 0 -0.138352
467 468 0.0479509 0 -1.18836 0 0 0 0 -1.14041
411 469 0 0 0 0 0 -0.157699 0 -0.157699
409 469 0 0 0 0 0 -0.0934374 -0 -0.0934374
468 469 0.0790221 0 -1.12932 0 0 0 0 -1.0503
408 470 0 0 0 0 0 -0.110857 -0 -0.110857
410 470 0 0 0 0 0 -0.131364 0 -0.131364
469 470 0.0178579 0 -1.29716 0 0 0 0 -1.2793
408 471 0 0 0 0 -0.793253 0 -0 -0.793253
407 471 0 0 0 0 0 -0.185287 0 -0.185287
409 471 0 0 0 0 0 -0.167733 0 -0.167733
470 471 0.0582774 0 -1.00039 0 0 0 0 -0.942109
408 472 0 0 0 0 0 -0.117903 0 -0.117903
407 472 0 0 0 0 -0.668264 -1.44386e-20 -0 -0.668264
471 472 0.0712897 0 -1.27858 0 0 0 0 -1.20729
407 473 0 0 0 0 -8.44183e-05 0 0 -8.44183e-05
472 473 0.0659296 0 -0.647722 0 0 0 0 -0.581793
473 474 0.0159245 0 -1.11458 0 0 0 0 -1.09865
474 475 0.0327284 0 0 0 0 0 0 0.0327284
475 476 0.0755586 0 -1.31175 0 0 0 0 -1.23619
476 477 0.0611093 0 -1.10305 0 0 0 0 -1.04194
477 478 0.0524141 0 -1.16655 0 0 0 0 -1.11413
478 479 3.58917e-05 0 -1.07023 0 0 0 0 -1.0702
480 481 0.032967 0 -0.742978 0 0 0 0 -0.710011
481 482 0.000564952 0 -1.22608 0 0 0 0 -1.22552
482 483 0.0144607 0 0 0 0 0 0 0.0144607
483 484 0.000211472 0 -1.24578 0 0 0 0 -1.24557
484 485 0.00467128 0 -1.28624 0 0 0 0 -1.28157
485 486 0.206466 0 -1.22702 0 0 0 0 -1.02056
486 487 0.00688511 0 -1.00705 0 0 0 0 -1.00017
487 488 0.0998023 0 -0.770841 0 0 0 0 -0.671038
488 489 0.0439469 0 -1.22135 0 0 0 0 -1.1774
489 490 0.000848995 0 -0.718432 0 0 0 0 -0.717583
490 491 0.0081554 0 -0.875919 0 0 0 0 -0.867763
491 492 0.18095 0 -1.21749 0 0 0 0 -1.03654
488 493 0 0 0 0 0 -0.0576177 0 -0.0576177
492 493 0.00553082 0 -0 0 0 0 0 0.00553082
489 494 0 0 0 0 -0 -0.0434859 -0 -0.0434859
487 494 0 0 0 0 -0 -0.179741 0 -0.179741
493 494 0.0328695 0 -1.01639 0 0 0 0 -0.983518
488 495 0 0 0 0 0 -0.182971 0 -0.182971
487 495 0 0 0 0 -0.817695 0 -0 -0.817695
486 495 0 0 0 0 -9.28758e-30 -0.109575 0 -0.109575
494 495 0.0181375 0 -1.32397 0 0 0 0 -1.30583
487 496 0 0 0 0 -0 -0.135401 0 -0.135401
486 496 0 0 0 0 -0.806573 0 -0 -0.806573
485 496 0 0 0 0 -3.106e-28 -0.154572 0 -0.154572
495 496 0.0217153 0 -1.00386 0 0 0 0 -0.982144
486 497 0 0 0 0 -0 -0.169254 0 -0.169254
485 497 0 0 0 0 -0.878449 0 -0 -0.878449
484 497 0 0 0 0 -0 -0.164299 -0 -0.164299
496 497 0.0312824 0 -1.24404 0 0 0 0 -1.21276
485 498 0 0 0 0 0 -0.07123 0 -0.07123
497 498 0.0378917 0 -1.18349 0 0 0 0 -1.1456
484 499 0 0 0 0 0 -0.0525362 0 -0.0525362
483 499 0 0 0 0 0 -0.00365727 -0 -0.00365727
498 499 0.0114279 0 -1.05744 0 0 0 0 -1.04601
#Total energy per particle is  -1.19554 and should be -1.1955410
