#id1 id2 FENE BEXC STCK NEXC HB CRSTCK CXSTCK total, t = 100000
0 1 0.0261447 0 -1.04197 0 0 0 0 -1.01582
1 2 0.0908251 0 -1.07893 0 0 0 0 -0.988104
2 3 0.0413777 0 -0 0 0 0 0 0.0413777
0 4 0 0 0 0 -0 -0.000381734 -0 -0.000381734
3 4 0.0372136 0 -1.0642 0 0 0 0 -1.02699
4 5 0.00837797 0 -0.967457 0 0 0 0 -0.959079
5 6 0.0131802 0 -1.37864 0 0 0 0 -1.36546
6 7 0.0927552 0 -0.868824 0 0 0 0 -0.776068
7 8 0.0239091 0 -1.03451 0 0 0 0 -1.0106
8 9 0.0239317 0 -1.24076 0 0 0 0 -1.21683
9 10 0.206295 0 -1.02632 0 0 0 0 -0.82002
10 11 7.24674e-05 0 0 0 0 0 0 7.24674e-05
11 12 0.0617584 0 -1.31062 0 0 0 0 -1.24886
12 13 0.149926 0 -1.31736 0 0 0 0 -1.16743
13 14 0.0553988 0 -1.1986 0 0 0 0 -1.1432
14 15 0.0412051 0 -1.26659 0 0 0 0 -1.22539
15 16 0.0638536 0 -1.25149 0 0 0 0 -1.18764
16 17 0.000600409 0 -1.38302 0 0 0 0 -1.38242
17 18 0.0162524 0 -0.62808 0 0 0 0 -0.611827
18 19 0.0113665 0 -1.28438 0 0 0 0 -1.27302
20 21 0.00123093 0 -1.27909 0 0 0 0 -1.27786
21 22 0.0200321 0 -1.17015 0 0 0 0 -1.15012
22 23 0.00792664 0 -1.37509 0 0 0 0 -1.36716
23 24 0.0624551 0 0 0 0 0 0 0.0624551
24 25 0.00139836 0 -0.660998 0 0 0 0 -0.6596
25 26 0.0370894 0 -1.06529 0 0 0 0 -1.0282
26 27 0.00469994 0 -0.679914 0 0 0 0 -0.675214
27 28 0.0780171 0 -0.980763 0 0 0 0 -0.902745
28 29 0.000859291 0 -1.38273 0 0 0 0 -1.38187
29 30 0.0549735 0 -1.19431 0 0 0 0 -1.13934
30 31 0.0651583 0 -1.33632 0 0 0 0 -1.27116
31 32 0.0140996 0 -1.27193 0 0 0 0 -1.25783
32 33 0.0254652 0 -1.36492 0 0 0 0 -1.33946
33 34 0.054562 0 -0.989406 0 0 0 0 -0.934844
34 35 1.57988e-06 0 -1.25798 0 0 0 0 -1.25798
35 36 0.00657799 0 -1.3536 0 0 0 0 -1.34702
36 37 3.7754e-05 0 -1.21133 0 0 0 0 -1.21129
37 38 0.00294093 0 -1.07892 0 0 0 0 -1.07598
38 39 0.00184511 0 -1.20789 0 0 0 0 -1.20605
40 41 0.0242002 0 -1.40059 0 0 0 0 -1.37639
41 42 0.0134042 0 -1.34176 0 0 0 0 -1.32836
42 43 0.0309905 0 -0.820236 0 0 0 0 -0.789245
43 44 3.23601e-05 0 -1.07233 0 0 0 0 -1.0723
44 45 0.000156703 0 -1.22741 0 0 0 0 -1.22725
45 46 0.00149258 0 -1.1971 0 0 0 0 -1.19561
46 47 0.0154585 0 -1.31038 0 0 0 0 -1.29493
47 48 0.000340298 0 -1.27324 0 0 0 0 -1.2729
48 49 0.120214 0 -0.755167 0 0 0 0 -0.634953
49 50 0.108835 0 -0.955742 0 0 0 0 -0.846908
47 51 0 0 0 0 0 -0.000118325 -0 -0.000118325
50 51 0.000625515 0 0 0 0 0 0 0.000625515
46 52 0 0 0 0 0 -0.165754 0 -0.165754
51 52 0.0623731 0 -0.873722 0 0 0 0 -0.811349
47 53 0 0 0 0 0 -0.198464 0 -0.198464
46 53 0 0 0 0 -0.8671 0 -0 -0.8671
45 53 0 0 0 0 -1.64821e-29 -0.0938152 -0 -0.0938152
52 53 2.24035e-06 0 -1.33494 0 0 0 0 -1.33494
46 54 0 0 0 0 -0 -0.170581 -0 -0.170581
45 54 0 0 0 0 -0.879973 0 -0 -0.879973
44 54 0 0 0 0 0 -0.201882 0 -0.201882
53 54 2.03808e-05 0 -1.00843 0 0 0 0 -1.00841
45 55 0 0 0 0 0 -0.146735 0 -0.146735
44 55 0 0 0 0 -0.762186 0 -0 -0.762186
43 55 0 0 0 0 0 -0.14194 0 -0.14194
54 55 0.0174013 0 -0.912439 0 0 0 0 -0.895037
44 56 0 0 0 0 0 -0.109208 -0 -0.109208
43 56 0 0 0 0 -0.694692 0 -0 -0.694692
42 56 0 0 0 0 0 -0.13949 -0 -0.13949
55 56 0.00399489 0 -1.24758 0 0 0 0 -1.24359
43 57 0 0 0 0 0 -0.145732 0 -0.145732
42 57 0 0 0 0 -0.784907 0 -0 -0.784907
41 57 0 0 0 0 -0 -0.158024 0 -0.158024
56 57 0.000217022 0 -1.1559 0 0 0 0 -1.15569
40 58 0 0 0 0 0 -0.0463956 0 -0.0463956
42 58 0 0 0 0 -0 -0.0951529 0 -0.0951529
41 58 0 0 0 0 -0.466768 0 -0 -0.466768
57 58 0.00744604 0 -1.00337 0 0 0 0 -0.995926
40 59 0 0 0 0 0 -0.0018326 0 -0.0018326
41 59 0 0 0 0 0 -0.0125157 0 -0.0125157
58 59 0.0151932 0 -1.07249 0 0 0 0 -1.05729
60 61 1.43842e-06 0 -0.955649 0 0 0 0 -0.955647
61 62 0.00325682 0 -1.04977 0 0 0 0 -1.04652
62 63 0.0656642 0 -1.12709 0 0 0 0 -1.06143
63 64 0.00215032 0 -1.07631 0 0 0 0 -1.07416
64 65 0.000402914 0 -0.12579 0 0 0 0 -0.125387
65 66 0.021467 0 -1.28351 0 0 0 0 -1.26204
66 67 0.0305254 0 -0.999734 0 0 0 0 -0.969209
67 68 3.15466e-05 0 0 0 0 0 0 3.15466e-05
68 69 0.00876855 0 -1.32208 0 0 0 0 -1.31331
69 70 0.00553996 0 -1.21345 0 0 0 0 -1.20791
70 71 0.00383175 0 -0.848467 0 0 0 0 -0.844635
71 72 0.0387548 0 -1.26111 0 0 0 0 -1.22236
72 73 2.66694e-05 0 -1.39756 0 0 0 0 -1.39753
73 74 0.0306624 0 -1.10063 0 0 0 0 -1.06997
74 75 0.0741289 0 -0.95844 0 0 0 0 -0.884311
71 76 0 0 0 0 0 -0.151206 0 -0.151206
75 76 0.0924575 0 0 0 0 0 0 0.0924575
72 77 0 0 0 0 -0 -0.140717 -0 -0.140717
71 77 0 0 0 0 -0.695766 0 -0 -0.695766
70 77 0 0 0 0 -5.37648e-29 -0.139873 0 -0.139873
76 77 0.00393874 0 -0.985873 0 0 0 0 -0.981935
71 78 0 0 0 0 -0 -0.175356 0 -0.175356
70 78 0 0 0 0 -0.775057 0 -0 -0.775057
69 78 0 0 0 0 0 -0.157849 0 -0.157849
77 78 0.0282017 0 -1.2736 0 0 0 0 -1.2454
68 79 0 0 0 0 0 -0.142423 -0 -0.142423
70 79 0 0 0 0 0 -0.171552 0 -0.171552
69 79 0 0 0 0 -0.481319 0 -0 -0.481319
78 79 0.124989 0 -1.15691 0 0 0 0 -1.03192
80 81 0.0216346 0 -1.01946 0 0 0 0 -0.997829
81 82 0.0417924 0 -1.24755 0 0 0 0 -1.20576
82 83 0.135662 0 -1.23039 0 0 0 0 -1.09473
83 84 0.028899 0 -1.28313 0 0 0 0 -1.25423
84 85 0.0137204 0 0 0 0 0 0 0.0137204
85 86 0.0153661 0 -1.16308 0 0 0 0 -1.14771
86 87 0.00764157 0 -1.17069 0 0 0 0 -1.16305
87 88 0.0170986 0 -1.12378 0 0 0 0 -1.10668
88 89 0.00752361 0 -1.04287 0 0 0 0 -1.03535
89 90 0.0716384 0 -1.33248 0 0 0 0 -1.26084
90 91 0.0165148 0 -1.18249 0 0 0 0 -1.16598
91 92 0.0573725 0 -1.18345 0 0 0 0 -1.12608
92 93 0.117893 0 -1.08766 0 0 0 0 -0.969764
93 94 0.0542776 0 -1.36234 0 0 0 0 -1.30806
94 95 0.0440058 0 -1.21369 0 0 0 0 -1.16969
91 96 0 0 0 0 0 -0.192477 0 -0.192477
92 96 0 0 0 0 0 -0.000366916 -0 -0.000366916
95 96 0.0654965 0 0 0 0 0 0 0.0654965
91 97 0 0 0 0 -0.896935 0 -0 -0.896935
90 97 0 0 0 0 -1.52082e-28 -0.155128 0 -0.155128
92 97 0 0 0 0 -0 -0.12773 0 -0.12773
96 97 0.0399312 0 -1.19057 0 0 0 0 -1.15064
91 98 0 0 0 0 -0 -0.127741 0 -0.127741
90 98 0 0 0 0 -0.661895 0 -0 -0.661895
89 98 0 0 0 0 0 -0.182201 0 -0.182201
97 98 0.0138949 0 -1.01443 0 0 0 0 -1.00054
90 99 0 0 0 0 0 -0.113119 0 -0.113119
89 99 0 0 0 0 -0.416241 0 -0 -0.416241
88 99 0 0 0 0 0 -0.165479 -0 -0.165479
98 99 0.505454 0 -1.25004 0 0 0 0 -0.744591
100 101 0.000180409 0 -0.944184 0 0 0 0 -0.944004
101 102 0.0341295 0 -1.36297 0 0 0 0 -1.32884
102 103 0.058253 0 -0.700817 0 0 0 0 -0.642564
103 104 0.00956255 0 -1.13212 0 0 0 0 -1.12255
104 105 0.0172501 0 -1.27905 0 0 0 0 -1.2618
105 106 0.0873208 0 -1.00475 0 0 0 0 -0.917428
106 107 0.0894388 0 -1.3643 0 0 0 0 -1.27486
107 108 0.0138414 0 -1.08831 0 0 0 0 -1.07446
108 109 0.0161227 0 -0.86275 0 0 0 0 -0.846627
109 110 0.136652 0 -1.21279 0 0 0 0 -1.07614
110 111 0.187928 0 -1.3409 0 0 0 0 -1.15297
111 112 0.00447391 0 -1.04787 0 0 0 0 -1.0434
112 113 0.0513137 0 -1.26336 0 0 0 0 -1.21205
113 114 0.0189177 0 -1.28993 0 0 0 0 -1.27101
114 115 0.0276796 0 -1.33301 0 0 0 0 -1.30533
115 116 0.0201576 0 -1.23831 0 0 0 0 -1.21815
116 117 0.028608 0 -1.01295 0 0 0 0 -0.984346
117 118 0.104808 0 -1.03524 0 0 0 0 -0.930434
118 119 0.011112 0 -1.33937 0 0 0 0 -1.32826
120 121 0.0509821 0 -1.20459 0 0 0 0 -1.1536
121 122 0.00696068 0 -1.13133 0 0 0 0 -1.12437
122 123 0.000660801 0 -1.20466 0 0 0 0 -1.204
123 124 0.00288051 0 -0.832713 0 0 0 0 -0.829833
124 125 0.0131586 0 -1.2306 0 0 0 0 -1.21744
125 126 0.0270512 0 -1.20843 0 0 0 0 -1.18138
126 127 0.164383 0 -0.733408 0 0 0 0 -0.569026
127 128 0.0227805 0 -1.04984 0 0 0 0 -1.02706
128 129 0.0314392 0 -1.20137 0 0 0 0 -1.16993
129 130 0.00598115 0 -1.25364 0 0 0 0 -1.24765
130 131 0.081009 0 -1.13462 0 0 0 0 -1.05361
131 132 0.0954127 0 -1.3485 0 0 0 0 -1.25309
132 133 0.0184581 0 -1.17475 0 0 0 0 -1.15629
133 134 0.0897573 0 -1.12919 0 0 0 0 -1.03943
134 135 0.00123895 0 -0.993941 0 0 0 0 -0.992702
135 136 0.000458342 0 -1.22141 0 0 0 0 -1.22095
136 137 0.00737893 0 -0.873055 0 0 0 0 -0.865677
137 138 0.013923 0 -1.29438 0 0 0 0 -1.28045
138 139 0.0315126 0 -0.967425 0 0 0 0 -0.935912
140 141 0.0441812 0 -1.12526 0 0 0 0 -1.08108
141 142 0.00260773 0 -1.19025 0 0 0 0 -1.18764
142 143 5.50991e-05 0 -1.10303 0 0 0 0 -1.10297
143 144 0.000256997 0 0 0 0 0 0 0.000256997
144 145 0.0120584 0 -1.1853 0 0 0 0 -1.17324
145 146 1.76693e-05 0 -1.12764 0 0 0 0 -1.12762
146 147 0.000999508 0 -1.35756 0 0 0 0 -1.35657
147 148 0.0286727 0 0 0 0 0 0 0.0286727
148 149 0.0292678 0 0 0 0 0 0 0.0292678
149 150 0.135089 0 -0.98473 0 0 0 0 -0.849642
150 151 0.000256957 0 -1.30311 0 0 0 0 -1.30285
151 152 0.0375224 0 -1.31773 0 0 0 0 -1.28021
152 153 0.00983886 0 -1.28853 0 0 0 0 -1.27869
153 154 0.000148413 0 -1.35902 0 0 0 0 -1.35887
154 155 0.021692 0 -1.1543 0 0 0 0 -1.1326
155 156 0.0834509 0 -0.951312 0 0 0 0 -0.867861
156 157 0.0299029 0 -0.874488 0 0 0 0 -0.844585
157 158 0.0252815 0 -0.93786 0 0 0 0 -0.912579
158 159 0.0237472 0 -1.26521 0 0 0 0 -1.24146
160 161 0.00308924 0 -1.19813 0 0 0 0 -1.19504
161 162 0.103226 0 -1.18914 0 0 0 0 -1.08591
162 163 0.00470624 0 0 0 0 0 0 0.00470624
163 164 0.00738815 0 -1.00933 0 0 0 0 -1.00194
164 165 0.00192998 0 -0.860344 0 0 0 0 -0.858414
165 166 0.00682856 0 -1.1436 0 0 0 0 -1.13677
166 167 0.0100961 0 0 0 0 0 0 0.0100961
167 168 0.0995301 0 -1.35474 0 0 0 0 -1.25521
168 169 0.0015535 0 -1.31602 0 0 0 0 -1.31446
169 170 0.0083006 0 -1.36372 0 0 0 0 -1.35542
170 171 0.0926252 0 -1.12424 0 0 0 0 -1.03161
171 172 0.119092 0 -1.18192 0 0 0 0 -1.06283
172 173 0.00531286 0 -0.717166 0 0 0 0 -0.711853
173 174 0.00152988 0 -1.2377 0 0 0 0 -1.23617
174 175 0.00804576 0 -1.19767 0 0 0 0 -1.18962
175 176 0.102822 0 -1.27952 0 0 0 0 -1.17669
176 177 0.00630816 0 -1.1188 0 0 0 0 -1.11249
177 178 0.00033049 0 -0.984144 0 0 0 0 -0.983813
178 179 0.00355584 0 -1.12317 0 0 0 0 -1.11962
180 181 0.0166142 0 -1.177 0 0 0 0 -1.16039
181 182 0.00466372 0 -1.26453 0 0 0 0 -1.25986
182 183 0.0236598 0 -1.26922 0 0 0 0 -1.24556
183 184 0.00191999 0 -1.15146 0 0 0 0 -1.14954
184 185 0.073404 0 -1.33516 0 0 0 0 -1.26176
185 186 0.0041114 0 0 0 0 0 0 0.0041114
186 187 0.0289719 0 -1.32253 0 0 0 0 -1.29356
187 188 0.0122879 0 -1.28081 0 0 0 0 -1.26852
188 189 0.0227023 0 -1.21967 0 0 0 0 -1.19697
189 190 0.0235192 0 -1.06051 0 0 0 0 -1.03699
190 191 0.0984143 0 -1.26286 0 0 0 0 -1.16444
191 192 0.0095304 0 -1.26589 0 0 0 0 -1.25636
192 193 0.0022536 0 -0 0 0 0 0 0.0022536
193 194 0.000991086 0 -1.15813 0 0 0 0 -1.15713
194 195 0.0726296 0 -1.15472 0 0 0 0 -1.08209
195 196 0.0552665 0 -1.21006 0 0 0 0 -1.15479
196 197 0.097779 0 -1.01024 0 0 0 0 -0.912462
197 198 0.0135636 0 -0.85074 0 0 0 0 -0.837177
198 199 7.56268e-05 0 -0.565825 0 0 0 0 -0.565749
200 201 4.85997e-06 0 -0.95515 0 0 0 0 -0.955145
201 202 0.0128406 0 -1.2939 0 0 0 0 -1.28106
202 203 0.228902 0 -1.26745 0 0 0 0 -1.03855
203 204 0.0285602 0 -1.20831 0 0 0 0 -1.17975
204 205 2.28179e-06 0 -0.715515 0 0 0 0 -0.715513
205 206 0.010356 0 -1.17076 0 0 0 0 -1.16041
206 207 0.174406 0 -1.33124 0 0 0 0 -1.15683
207 208 0.000185724 0 -1.06905 0 0 0 0 -1.06886
208 209 0.0581136 0 -1.24896 0 0 0 0 -1.19084
67 210 0 0 0 0 0 -0.0829646 0 -0.0829646
209 210 0.0427567 0 -1.31361 0 0 0 0 -1.27085
67 211 0 0 0 0 -0.642827 0 -0 -0.642827
66 211 0 0 0 0 0 -0.136562 0 -0.136562
210 211 0.0209716 0 -1.20287 0 0 0 0 -1.1819
67 212 0 0 0 0 0 -0.147404 -0 -0.147404
66 212 0 0 0 0 -0.754915 0 -0 -0.754915
65 212 0 0 0 0 -0 -0.151357 0 -0.151357
211 212 0.1264 0 -1.38249 0 0 0 0 -1.25609
66 213 0 0 0 0 -0 -0.115235 -0 -0.115235
65 213 0 0 0 0 -0.399208 0 -0 -0.399208
64 213 0 0 0 0 0 -0.075705 0 -0.075705
212 213 0.0786541 0 -1.04504 0 0 0 0 -0.966386
63 214 0 0 0 0 0 -0.0515909 0 -0.0515909
65 214 0 0 0 0 -0 -0.0410429 -0 -0.0410429
64 214 0 0 0 0 0 -0.00325231 -0 -0.00325231
213 214 0.0231534 0 -0.587393 0 0 0 0 -0.564239
62 215 0 0 0 0 -5.57376e-17 -0.0822632 0 -0.0822632
64 215 0 0 0 0 0 -0.07382 0 -0.07382
214 215 0.000698418 0 -1.4039 0 0 0 0 -1.4032
63 216 0 0 0 0 0 -0.0935092 -0 -0.0935092
62 216 0 0 0 0 -0.56771 0 -0 -0.56771
61 216 0 0 0 0 -6.5327e-29 -0.169312 0 -0.169312
215 216 0.0041331 0 -1.22826 0 0 0 0 -1.22412
62 217 0 0 0 0 -0 -0.0901598 -0 -0.0901598
61 217 0 0 0 0 -0.872733 0 -0 -0.872733
60 217 0 0 0 0 0 -0.0537888 -0 -0.0537888
216 217 0.0492409 0 -1.0204 0 0 0 0 -0.971161
61 218 0 0 0 0 0 -0.194222 0 -0.194222
60 218 0 0 0 0 -0.757544 0 -0 -0.757544
217 218 0.0204008 0 -1.18981 0 0 0 0 -1.16941
60 219 0 0 0 0 -0 -0.136156 0 -0.136156
218 219 0.00131168 0 -1.31746 0 0 0 0 -1.31615
220 221 0.0178229 0 0 0 0 0 0 0.0178229
221 222 0.0627727 0 0 0 0 0 0 0.0627727
222 223 0.00438798 0 -1.38625 0 0 0 0 -1.38186
223 224 0.00244932 0 -1.076 0 0 0 0 -1.07355
224 225 0.0119043 0 -0.856458 0 0 0 0 -0.844554
225 226 0.0063718 0 -1.29438 0 0 0 0 -1.28801
226 227 0.000104607 0 -1.25101 0 0 0 0 -1.25091
227 228 0.135287 0 0 0 0 0 0 0.135287
228 229 0.0154661 0 0 0 0 0 0 0.0154661
229 230 0.0385464 0 0 0 0 0 0 0.0385464
230 231 0.0312662 0 -1.37964 0 0 0 0 -1.34838
231 232 0.00334674 0 -1.29783 0 0 0 0 -1.29449
232 233 0.0681615 0 -1.1074 0 0 0 0 -1.03924
233 234 0.0591274 0 -1.2078 0 0 0 0 -1.14867
234 235 0.00587731 0 -0.998624 0 0 0 0 -0.992747
235 236 0.00819041 0 -1.15652 0 0 0 0 -1.14833
236 237 0.0232223 0 -1.12052 0 0 0 0 -1.0973
237 238 0.0025538 0 -1.23635 0 0 0 0 -1.2338
238 239 0.000441177 0 -1.1923 0 0 0 0 -1.19186
240 241 0.0190176 0 -1.09409 0 0 0 0 -1.07508
241 242 0.0931294 0 -0 0 0 0 0 0.0931294
242 243 0.027634 0 -1.30037 0 0 0 0 -1.27273
243 244 0.0606692 0 -1.33681 0 0 0 0 -1.27614
244 245 0.0549575 0 -1.34224 0 0 0 0 -1.28728
245 246 0.000499733 0 -1.05683 0 0 0 0 -1.05633
246 247 0.232287 0 -1.33731 0 0 0 0 -1.10502
247 248 0.00749044 0 -1.36386 0 0 0 0 -1.35637
248 249 0.057894 0 -0 0 0 0 0 0.057894
249 250 0.00463492 0 -1.32638 0 0 0 0 -1.32175
250 251 0.0861942 0 -1.27828 0 0 0 0 -1.19209
251 252 0.0035084 0 -1.08731 0 0 0 0 -1.0838
252 253 0.00134505 0 -1.21563 0 0 0 0 -1.21428
253 254 0.0843772 0 -0.793448 0 0 0 0 -0.709071
254 255 0.0637985 0 -1.19312 0 0 0 0 -1.12932
255 256 0.00368464 0 -1.207 0 0 0 0 -1.20331
256 257 0.0678468 0 -1.06854 0 0 0 0 -1.0007
257 258 0.00743323 0 -1.14135 0 0 0 0 -1.13391
258 259 0.000328377 0 -1.29264 0 0 0 0 -1.29231
260 261 0.00688871 0 -1.20787 0 0 0 0 -1.20099
261 262 0.0904128 0 -1.33755 0 0 0 0 -1.24714
262 263 0.0982588 0 -1.11184 0 0 0 0 -1.01358
263 264 0.00340137 0 -1.24628 0 0 0 0 -1.24288
264 265 0.0274997 0 0 0 0 0 0 0.0274997
265 266 0.00287094 0 -0.877737 0 0 0 0 -0.874866
266 267 0.00525374 0 -1.39625 0 0 0 0 -1.39099
263 268 0 0 0 0 0 -0.000864628 0 -0.000864628
267 268 0.0614712 0 -1.38446 0 0 0 0 -1.32299
262 269 0 0 0 0 0 -0.0039513 -0 -0.0039513
261 269 0 0 0 0 0 -0.146733 0 -0.146733
268 269 0.00306547 0 -1.11486 0 0 0 0 -1.1118
262 270 0 0 0 0 0 -0.156654 0 -0.156654
261 270 0 0 0 0 -0.842062 0 -0 -0.842062
260 270 0 0 0 0 0 -0.15781 -0 -0.15781
269 270 0.00153672 0 -1.38613 0 0 0 0 -1.3846
261 271 0 0 0 0 0 -0.197598 0 -0.197598
260 271 0 0 0 0 -0.616709 0 -0 -0.616709
270 271 0.0592108 0 -1.24359 0 0 0 0 -1.18438
260 272 0 0 0 0 0 -0.0412738 0 -0.0412738
271 272 0.11138 0 -1.16372 0 0 0 0 -1.05234
272 273 0.0479045 0 -1.25806 0 0 0 0 -1.21015
273 274 0.00749356 0 -0.64965 0 0 0 0 -0.642157
274 275 0.00384846 0 -1.08047 0 0 0 0 -1.07662
275 276 0.00615103 0 -0.977707 0 0 0 0 -0.971556
276 277 0.0156398 0 -0.691122 0 0 0 0 -0.675482
277 278 0.213484 0 0 0 0 0 0 0.213484
278 279 0.0302396 0 -1.24743 0 0 0 0 -1.21719
280 281 0.0181245 0 -1.27824 0 0 0 0 -1.26012
281 282 0.160489 0 -1.18998 0 0 0 0 -1.02949
282 283 0.0865351 0 -1.26843 0 0 0 0 -1.18189
283 284 0.00259991 0 -1.0233 0 0 0 0 -1.0207
284 285 0.0950019 0 -1.03231 0 0 0 0 -0.937306
285 286 0.00100543 0 -1.25113 0 0 0 0 -1.25013
286 287 0.0590096 0 -1.2076 0 0 0 0 -1.14859
287 288 0.00246308 0 -1.06606 0 0 0 0 -1.0636
288 289 0.110039 0 0 0 0 0 0 0.110039
289 290 0.117825 0 -1.25877 0 0 0 0 -1.14095
199 291 0 0 0 0 0 -0.154798 0 -0.154798
290 291 0.0735495 0 0 0 0 0 0 0.0735495
199 292 0 0 0 0 -0.553196 0 -0 -0.553196
198 292 0 0 0 0 0 -0.0441261 0 -0.0441261
291 292 0.0696007 0 -1.02908 0 0 0 0 -0.959476
199 293 0 0 0 0 -0 -0.021848 0 -0.021848
198 293 0 0 0 0 0 -0.0051028 0 -0.0051028
197 293 0 0 0 0 -0 -0.0268538 0 -0.0268538
292 293 0.0264429 0 -0.819305 0 0 0 0 -0.792862
198 294 0 0 0 0 0 -0.030531 0 -0.030531
197 294 0 0 0 0 -0.891422 0 -0 -0.891422
196 294 0 0 0 0 -2.41724e-29 -0.176283 0 -0.176283
293 294 0.00843322 0 -1.18812 0 0 0 0 -1.17968
197 295 0 0 0 0 -0 -0.144438 -0 -0.144438
196 295 0 0 0 0 -0.738025 0 -0 -0.738025
195 295 0 0 0 0 -5.24411e-30 -0.0928349 -0 -0.0928349
294 295 0.0373959 0 -1.38675 0 0 0 0 -1.34936
194 296 0 0 0 0 -0 -0.0315929 -0 -0.0315929
196 296 0 0 0 0 -0 -0.167559 -0 -0.167559
195 296 0 0 0 0 -0.457168 0 -0 -0.457168
295 296 0.00785904 0 -1.17757 0 0 0 0 -1.16971
193 297 0 0 0 0 -0 -2.83369e-05 0 -2.83369e-05
195 297 0 0 0 0 -0 -0.0205942 0 -0.0205942
192 297 0 0 0 0 -0.283733 -2.85839e-05 -0 -0.283762
191 297 0 0 0 0 0 -0.1606 0 -0.1606
296 297 0.0390919 0 -1.3546 0 0 0 0 -1.31551
194 298 0 0 0 0 0 -1.03615e-06 -0 -1.03615e-06
193 298 0 0 0 0 0 -7.94945e-06 -0 -7.94945e-06
192 298 0 0 0 0 0 -0.158039 0 -0.158039
191 298 0 0 0 0 -0.257806 0 -0 -0.257806
190 298 0 0 0 0 -0 -0.12993 -0 -0.12993
297 298 0.00303807 0 -1.32083 0 0 0 0 -1.3178
193 299 0 0 0 0 0 -8.57231e-08 0 -8.57231e-08
191 299 0 0 0 0 -0 -0.0399475 -0 -0.0399475
190 299 0 0 0 0 -0.517141 0 -0 -0.517141
189 299 0 0 0 0 0 -0.00674509 0 -0.00674509
298 299 0.0243602 0 -0.884446 0 0 0 0 -0.860086
300 301 0.0773526 0 -1.11064 0 0 0 0 -1.03329
301 302 0.00268874 0 -0.996244 0 0 0 0 -0.993555
302 303 0.0028662 0 -1.06591 0 0 0 0 -1.06304
303 304 0.0407562 0 -1.08801 0 0 0 0 -1.04725
304 305 0.0993077 0 -1.14208 0 0 0 0 -1.04278
305 306 0.00171468 0 -1.25712 0 0 0 0 -1.25541
306 307 0.0152858 0 -1.075 0 0 0 0 -1.05972
307 308 0.22432 0 -0.840454 0 0 0 0 -0.616134
308 309 0.179101 0 -0 0 0 0 0 0.179101
309 310 0.00864516 0 -1.36212 0 0 0 0 -1.35347
308 311 0 0 0 0 -0 -0.00546255 -0 -0.00546255
306 311 0 0 0 0 0 -0.172414 -0 -0.172414
310 311 0.0058113 0 -0.763456 0 0 0 0 -0.757645
307 312 0 0 0 0 -0 -0.0670286 0 -0.0670286
305 312 0 0 0 0 -7.78135e-29 -0.128737 -0 -0.128737
306 312 0 0 0 0 -0.775418 0 -0 -0.775418
311 312 0.0355468 0 -1.36481 0 0 0 0 -1.32927
305 313 0 0 0 0 -0.711687 0 -0 -0.711687
304 313 0 0 0 0 -0 -0.157628 0 -0.157628
306 313 0 0 0 0 -0 -0.189118 0 -0.189118
312 313 0.00836516 0 -1.04466 0 0 0 0 -1.03629
305 314 0 0 0 0 -0 -0.172046 0 -0.172046
304 314 0 0 0 0 -0.687933 0 -0 -0.687933
303 314 0 0 0 0 -1.58859e-28 -0.0519882 -0 -0.0519882
313 314 0.00500626 0 -1.12661 0 0 0 0 -1.12161
304 315 0 0 0 0 -0 -0.0693694 -0 -0.0693694
303 315 0 0 0 0 -0.677371 0 -0 -0.677371
302 315 0 0 0 0 -4.50339e-29 -0.0744924 -0 -0.0744924
314 315 0.0828865 0 -1.30795 0 0 0 0 -1.22506
303 316 0 0 0 0 -0 -0.143384 0 -0.143384
302 316 0 0 0 0 -0.504449 0 -0 -0.504449
315 316 0.000667501 0 -1.28065 0 0 0 0 -1.27999
302 317 0 0 0 0 -0 -0.0954718 -0 -0.0954718
301 317 0 0 0 0 0 -0.0219873 0 -0.0219873
316 317 0.00074433 0 -1.20428 0 0 0 0 -1.20354
301 318 0 0 0 0 -0 -0.00111189 0 -0.00111189
317 318 0.136685 0 -1.14017 0 0 0 0 -1.00349
318 319 0.137747 0 -1.02281 0 0 0 0 -0.885064
320 321 0.0264368 0 -1.1576 0 0 0 0 -1.13116
321 322 0.000717349 0 -0.395744 0 0 0 0 -0.395027
322 323 0.00627255 0 -1.29324 0 0 0 0 -1.28696
323 324 0.000765406 0 -1.16293 0 0 0 0 -1.16217
324 325 0.000102071 0 -1.12142 0 0 0 0 -1.12131
325 326 0.169391 0 -0.884848 0 0 0 0 -0.715457
326 327 0.0896123 0 -1.36733 0 0 0 0 -1.27772
327 328 0.0322599 0 -1.343 0 0 0 0 -1.31074
328 329 0.155083 0 -0.735906 0 0 0 0 -0.580824
329 330 0.15169 0 -0.908698 0 0 0 0 -0.757009
330 331 0.0320479 0 -0.98254 0 0 0 0 -0.950492
331 332 0.0085671 0 0 0 0 0 0 0.0085671
332 333 0.00235902 0 -1.29506 0 0 0 0 -1.2927
333 334 0.0207569 0 -0.905361 0 0 0 0 -0.884604
328 335 0 0 0 0 0 -0.0187233 0 -0.0187233
327 335 0 0 0 0 -0 -0.0396601 0 -0.0396601
334 335 1.09606e-05 0 -1.16969 0 0 0 0 -1.16968
328 336 0 0 0 0 0 -0.0410951 0 -0.0410951
327 336 0 0 0 0 -0.622244 0 -0 -0.622244
326 336 0 0 0 0 -1.09268e-30 -0.111536 -0 -0.111536
335 336 0.0478781 0 -1.12248 0 0 0 0 -1.0746
327 337 0 0 0 0 -0 -0.168709 -0 -0.168709
326 337 0 0 0 0 -0.806245 0 -0 -0.806245
325 337 0 0 0 0 -4.21405e-29 -0.0698903 0 -0.0698903
336 337 0.0285176 0 -0.957822 0 0 0 0 -0.929305
326 338 0 0 0 0 0 -0.134751 0 -0.134751
324 338 0 0 0 0 0 -0.123868 0 -0.123868
337 338 0.0692859 0 -1.23932 0 0 0 0 -1.17003
325 339 0 0 0 0 -0 -0.122047 0 -0.122047
324 339 0 0 0 0 -0.631168 0 -0 -0.631168
323 339 0 0 0 0 -0 -0.169888 0 -0.169888
338 339 0.029181 0 -1.21773 0 0 0 0 -1.18855
340 341 0.142931 0 -0.988695 0 0 0 0 -0.845763
341 342 0.103598 0 -1.21539 0 0 0 0 -1.11179
342 343 0.00341342 0 -1.3259 0 0 0 0 -1.32249
343 344 0.0370656 0 -1.26636 0 0 0 0 -1.2293
344 345 0.00278039 0 -1.30694 0 0 0 0 -1.30416
345 346 0.00955833 0 0 0 0 0 0 0.00955833
346 347 0.00211707 0 -1.02751 0 0 0 0 -1.02539
290 348 0 0 0 0 -0 -0.0553614 -0 -0.0553614
347 348 0.0519776 0 -1.39066 0 0 0 0 -1.33869
290 349 0 0 0 0 -0.803112 0 -0 -0.803112
289 349 0 0 0 0 0 -0.193881 0 -0.193881
348 349 0.00819449 0 -0.915674 0 0 0 0 -0.90748
290 350 0 0 0 0 0 -0.0979778 0 -0.0979778
289 350 0 0 0 0 -0.717623 0 -0 -0.717623
349 350 0.00025436 0 -0.875701 0 0 0 0 -0.875447
289 351 0 0 0 0 -0 -0.119005 0 -0.119005
350 351 0.0121702 0 -1.40648 0 0 0 0 -1.39431
351 352 0.0204688 0 -0.907969 0 0 0 0 -0.8875
352 353 0.0407811 0 -1.30866 0 0 0 0 -1.26788
286 354 0 0 0 0 -0 -0.105647 0 -0.105647
285 354 0 0 0 0 -0.677319 0 -0 -0.677319
284 354 0 0 0 0 -0 -0.122534 0 -0.122534
353 354 0.00117916 0 0 0 0 0 0 0.00117916
285 355 0 0 0 0 -0 -0.165195 -0 -0.165195
284 355 0 0 0 0 -0.62698 0 -0 -0.62698
283 355 0 0 0 0 -2.74901e-27 -0.0812776 0 -0.0812776
354 355 0.00674163 0 -0.943996 0 0 0 0 -0.937254
284 356 0 0 0 0 -0 -0.10228 0 -0.10228
283 356 0 0 0 0 -0.711852 0 -0 -0.711852
282 356 0 0 0 0 -5.07412e-28 -0.117852 -0 -0.117852
355 356 0.226921 0 -1.31503 0 0 0 0 -1.08811
283 357 0 0 0 0 -0 -0.133707 0 -0.133707
282 357 0 0 0 0 -0.73439 0 -0 -0.73439
281 357 0 0 0 0 0 -0.0217537 -0 -0.0217537
356 357 0.0204799 0 -1.1813 0 0 0 0 -1.16082
282 358 0 0 0 0 0 -0.168347 0 -0.168347
281 358 0 0 0 0 -0.540067 0 -0 -0.540067
280 358 0 0 0 0 0 -0.105877 0 -0.105877
357 358 0.000332455 0 -0.949995 0 0 0 0 -0.949663
281 359 0 0 0 0 0 -0.159928 0 -0.159928
280 359 0 0 0 0 0 -0.010806 -0 -0.010806
358 359 0.000234877 0 -1.08106 0 0 0 0 -1.08083
360 361 0.0856204 0 -1.1139 0 0 0 0 -1.02828
361 362 0.0550072 0 0 0 0 0 0 0.0550072
362 363 0.0164343 0 -1.2601 0 0 0 0 -1.24367
363 364 0.113979 0 -1.31487 0 0 0 0 -1.20089
364 365 0.154312 0 -1.06437 0 0 0 0 -0.910055
365 366 0.0641882 0 -1.25086 0 0 0 0 -1.18668
366 367 0.133564 0 -1.11757 0 0 0 0 -0.984005
367 368 0.13527 0 -1.11232 0 0 0 0 -0.97705
368 369 4.30589e-05 0 -1.39246 0 0 0 0 -1.39242
369 370 0.0214439 0 0 0 0 0 0 0.0214439
225 371 0 0 0 0 0 -0.00097522 0 -0.00097522
223 371 0 0 0 0 0 -0.10964 0 -0.10964
370 371 0.00390259 0 0 0 0 0 0 0.00390259
370 372 0 0 0 0.092138 0 0 0 0.092138
224 372 0 0 0 0 -0 -0.170282 0 -0.170282
223 372 0 0 0 0 -0.677296 0 -0 -0.677296
222 372 0 0 0 0 -0 -0.14363 0 -0.14363
371 372 0.0290405 0 -1.30049 0 0 0 0 -1.27145
223 373 0 0 0 0 -0 -0.185946 0 -0.185946
222 373 0 0 0 0 -0.774783 0 -0 -0.774783
372 373 0.0202099 0 -1.12033 0 0 0 0 -1.10012
368 374 0 0 0 0 0 -0.0248509 -0 -0.0248509
222 374 0 0 0 0 -0 -0.0117656 0 -0.0117656
367 374 0 0 0 0 -0 -0.00289547 0 -0.00289547
373 374 0.0601168 0 -1.22206 0 0 0 0 -1.16194
368 375 0 0 0 0 0 -0.141472 0 -0.141472
367 375 0 0 0 0 -0.639744 0 -0 -0.639744
366 375 0 0 0 0 -3.88816e-21 -0.101181 -0 -0.101181
374 375 0.0697506 0 -0.959324 0 0 0 0 -0.889574
367 376 0 0 0 0 -0 -0.0751905 -0 -0.0751905
366 376 0 0 0 0 -0.556775 0 -0 -0.556775
365 376 0 0 0 0 -3.29028e-31 -0.0821579 0 -0.0821579
375 376 0.00961517 0 -1.22181 0 0 0 0 -1.2122
364 377 0 0 0 0 -0 -0.100494 0 -0.100494
366 377 0 0 0 0 -0 -0.167725 0 -0.167725
365 377 0 0 0 0 -0.787967 0 -0 -0.787967
376 377 0.00221566 0 -0.838724 0 0 0 0 -0.836508
363 378 0 0 0 0 0 -0.111864 -0 -0.111864
365 378 0 0 0 0 0 -0.136437 0 -0.136437
377 378 0.0312299 0 -1.01361 0 0 0 0 -0.982384
364 379 0 0 0 0 -0 -0.195009 0 -0.195009
363 379 0 0 0 0 -0.804838 0 -0 -0.804838
362 379 0 0 0 0 -0 -0.124114 0 -0.124114
378 379 0.00292838 0 -1.23647 0 0 0 0 -1.23354
380 381 0.0140891 0 0 0 0 0 0 0.0140891
381 382 0.000181215 0 -1.30184 0 0 0 0 -1.30166
382 383 0.00580592 0 -1.16823 0 0 0 0 -1.16242
383 384 0.0283944 0 -1.06516 0 0 0 0 -1.03677
384 385 0.0289319 0 -1.27161 0 0 0 0 -1.24267
385 386 0.0280088 0 -1.25644 0 0 0 0 -1.22843
386 387 0.0653051 0 -1.23665 0 0 0 0 -1.17135
387 388 0.000564524 0 -1.26756 0 0 0 0 -1.26699
388 389 0.0209495 0 -1.23835 0 0 0 0 -1.2174
389 390 0.00513068 0 -1.22577 0 0 0 0 -1.22064
390 391 0.0388708 0 -1.32384 0 0 0 0 -1.28497
391 392 0.0157541 0 0 0 0 0 0 0.0157541
389 393 0 0 0 0 0 -0.0940925 -0 -0.0940925
387 393 0 0 0 0 -3.18417e-18 -0.107197 0 -0.107197
392 393 0.0312767 0 0 0 0 0 0 0.0312767
386 394 0 0 0 0 -0 -0.0729075 -0 -0.0729075
388 394 0 0 0 0 0 -0.152807 -0 -0.152807
387 394 0 0 0 0 -0.787144 0 -0 -0.787144
393 394 0.0197714 0 -1.10226 0 0 0 0 -1.08249
386 395 0 0 0 0 -0.767448 0 -0 -0.767448
385 395 0 0 0 0 -5.0771e-30 -0.119653 -0 -0.119653
387 395 0 0 0 0 -0 -0.137262 0 -0.137262
394 395 0.0775451 0 -1.23753 0 0 0 0 -1.15999
386 396 0 0 0 0 -0 -0.0583288 -0 -0.0583288
385 396 0 0 0 0 -0.764425 0 -0 -0.764425
384 396 0 0 0 0 -1.32875e-30 -0.175533 0 -0.175533
395 396 0.0419413 0 -1.24252 0 0 0 0 -1.20058
383 397 0 0 0 0 -0 -0.134789 0 -0.134789
385 397 0 0 0 0 -0 -0.0695307 -0 -0.0695307
384 397 0 0 0 0 -0.777963 0 -0 -0.777963
396 397 0.00690149 0 -1.16972 0 0 0 0 -1.16282
382 398 0 0 0 0 0 -0.0854822 -0 -0.0854822
384 398 0 0 0 0 0 -0.0186505 -0 -0.0186505
397 398 0.151107 0 -1.08918 0 0 0 0 -0.938071
382 399 0 0 0 0.0613463 -0.14817 0 -0 -0.0868235
381 399 0 0 0 0 0 -0.073996 0 -0.073996
398 399 0.160418 0 -1.23882 0 0 0 0 -1.0784
126 400 0 0 0 0 0 -0.0336235 -0 -0.0336235
125 400 0 0 0 0 0 -0.0187352 -0 -0.0187352
124 400 0 0 0 0 -0 -0.00486865 0 -0.00486865
123 401 0 0 0 0 0 -0.212183 0 -0.212183
125 401 0 0 0 0 0 -0.152118 0 -0.152118
124 401 0 0 0 0 -0.85068 0 -0 -0.85068
400 401 0.0190675 0 -1.15848 0 0 0 0 -1.13942
123 402 0 0 0 0 -0.872945 0 -0 -0.872945
122 402 0 0 0 0 0 -0.111561 0 -0.111561
124 402 0 0 0 0 0 -0.170753 0 -0.170753
401 402 0.00350959 0 -1.27022 0 0 0 0 -1.26671
123 403 0 0 0 0 -0 -0.141686 0 -0.141686
122 403 0 0 0 0 0 -0.00168654 -0 -0.00168654
121 403 0 0 0 0 0 -0.00232993 0 -0.00232993
402 403 0.0216177 0 -1.1384 0 0 0 0 -1.11679
403 404 0.0191514 0 -1.23551 0 0 0 0 -1.21636
404 405 0.0874076 0 -1.34546 0 0 0 0 -1.25805
405 406 0.0331158 0 -1.03592 0 0 0 0 -1.0028
406 407 0.00163636 0 -1.31538 0 0 0 0 -1.31374
407 408 0.0673994 0 -0.762768 0 0 0 0 -0.695369
408 409 0.000269118 0 -1.24625 0 0 0 0 -1.24598
409 410 0.231293 0 -1.23307 0 0 0 0 -1.00177
410 411 0.00085008 0 -1.29407 0 0 0 0 -1.29322
411 412 0.0007537 0 -1.07454 0 0 0 0 -1.07379
412 413 0.0701121 0 -1.27517 0 0 0 0 -1.20505
413 414 0.0311933 0 -0.939207 0 0 0 0 -0.908013
414 415 0.059222 0 -1.07073 0 0 0 0 -1.01151
415 416 0.000185836 0 -1.26888 0 0 0 0 -1.26869
416 417 0.00757303 0 -1.12976 0 0 0 0 -1.12218
417 418 0.0646354 0 -1.0895 0 0 0 0 -1.02486
418 419 0.120137 0 -1.19613 0 0 0 0 -1.07599
239 420 0 0 0 0 -0.706857 0 -0 -0.706857
238 420 0 0 0 0 -0 -0.16841 0 -0.16841
237 421 0 0 0 0 0 -0.145879 0 -0.145879
239 421 0 0 0 0 -0 -0.0929976 -0 -0.0929976
238 421 0 0 0 0 -0.781852 0 -0 -0.781852
420 421 0.0498278 0 -1.2883 0 0 0 0 -1.23847
237 422 0 0 0 0 -0.604899 0 -0 -0.604899
236 422 0 0 0 0 -0 -0.150126 -0 -0.150126
238 422 0 0 0 0 0 -0.0475113 -0 -0.0475113
421 422 0.00615932 0 -1.19076 0 0 0 0 -1.1846
237 423 0 0 0 0 -0 -0.0994236 0 -0.0994236
236 423 0 0 0 0 -0.732189 0 -0 -0.732189
235 423 0 0 0 0 -1.05232e-18 -0.0845175 -0 -0.0845175
234 423 0 0 0 0 -0 -0.000229822 0 -0.000229822
422 423 0.0922339 0 -0.742677 0 0 0 0 -0.650443
236 424 0 0 0 0 -0 -0.107699 0 -0.107699
235 424 0 0 0 0 -0.731256 0 -0 -0.731256
234 424 0 0 0 0 -9.86329e-29 0 -0 -9.86329e-29
423 424 0.00517158 0 -1.14911 0 0 0 0 -1.14394
235 425 0 0 0 0 -0 -0.14326 0 -0.14326
234 425 0 0 0 0 -0.500466 0 -0 -0.500466
233 425 0 0 0 0 -0 -0.137635 -0 -0.137635
424 425 0.0381231 0 -1.28542 0 0 0 0 -1.2473
234 426 0 0 0 0 -0 -0.0822569 0 -0.0822569
233 426 0 0 0 0 -0.744366 0 -0 -0.744366
232 426 0 0 0 0 -1.03982e-28 -0.123611 0 -0.123611
425 426 0.0353792 0 -0.954917 0 0 0 0 -0.919538
233 427 0 0 0 0 -0 -0.119549 0 -0.119549
232 427 0 0 0 0 -0.795837 0 -0 -0.795837
231 427 0 0 0 0 0 -0.203037 0 -0.203037
426 427 4.97427e-05 0 -1.13969 0 0 0 0 -1.13964
232 428 0 0 0 0 0 -0.0974658 0 -0.0974658
230 428 0 0 0 0 0 -0.0513121 0 -0.0513121
231 428 0 0 0 0 -0.699454 0 -0 -0.699454
427 428 0.0113696 0 -0.820734 0 0 0 0 -0.809364
230 429 0 0 0 0 0 -4.98254e-15 -0 -4.98254e-15
231 429 0 0 0 0 0 -0.069938 0 -0.069938
428 429 0.00449687 0 -1.03548 0 0 0 0 -1.03098
230 430 0 0 0 0 0 -0.0284755 0 -0.0284755
429 430 0.0510544 0 -1.34055 0 0 0 0 -1.28949
430 431 0.0547346 0 -1.30018 0 0 0 0 -1.24544
431 432 0.00089076 0 -1.04282 0 0 0 0 -1.04193
432 433 0.0121022 0 -0.892878 0 0 0 0 -0.880776
433 434 0.0149987 0 -1.20413 0 0 0 0 -1.18913
434 435 0.0558463 0 0 0 0 0 0 0.0558463
435 436 0.0168544 0 -1.19499 0 0 0 0 -1.17813
436 437 0.0721515 0 -1.38852 0 0 0 0 -1.31637
437 438 0.0350436 0 -0.709704 0 0 0 0 -0.67466
438 439 0.041479 0 -1.27315 0 0 0 0 -1.23167
440 441 0.00866024 0 -1.15434 0 0 0 0 -1.14568
441 442 0.000217825 0 -0.823373 0 0 0 0 -0.823155
442 443 0.00134249 0 -1.17098 0 0 0 0 -1.16964
443 444 0.0293546 0 -1.13059 0 0 0 0 -1.10123
444 445 0.0259067 0 -0.636933 0 0 0 0 -0.611026
445 446 0.0696482 0 -0.823936 0 0 0 0 -0.754288
446 447 0.0132057 0 -1.18752 0 0 0 0 -1.17431
447 448 0.0012252 0 -1.3488 0 0 0 0 -1.34758
448 449 0.0305996 0 -0.84573 0 0 0 0 -0.81513
449 450 0.000665992 0 -1.31935 0 0 0 0 -1.31868
450 451 0.0127291 0 -0.987595 0 0 0 0 -0.974866
451 452 0.0720322 0 -1.29882 0 0 0 0 -1.22679
452 453 0.114108 0 -1.13811 0 0 0 0 -1.024
453 454 0.0281274 0 0 0 0 0 0 0.0281274
454 455 0.0313346 0 -1.16272 0 0 0 0 -1.13139
451 456 0 0 0 0 0 -0.018687 0 -0.018687
450 456 0 0 0 0 0 -0.000985386 -0 -0.000985386
449 456 0 0 0 0 -0 -0.0963166 0 -0.0963166
455 456 9.45711e-05 0 -0.630245 0 0 0 0 -0.63015
450 457 0 0 0 0 0 -0.193065 0 -0.193065
449 457 0 0 0 0 -0.863373 0 -0 -0.863373
448 457 0 0 0 0 0 -0.159643 0 -0.159643
456 457 0.00642134 0 -1.27982 0 0 0 0 -1.2734
449 458 0 0 0 0 0 -0.16367 0 -0.16367
448 458 0 0 0 0 -0.65991 0 -0 -0.65991
447 458 0 0 0 0 0 -0.212301 0 -0.212301
457 458 0.00802785 0 -0.997813 0 0 0 0 -0.989785
448 459 0 0 0 0 -0 -0.166304 0 -0.166304
446 459 0 0 0 0 0 -0.00413973 0 -0.00413973
458 459 0.00553067 0 -1.13298 0 0 0 0 -1.12745
419 460 0 0 0 0 -0.636162 0 -0 -0.636162
418 460 0 0 0 0 -8.37159e-30 -0.0960758 -0 -0.0960758
419 461 0 0 0 0 -0 -0.171519 0 -0.171519
418 461 0 0 0 0 -0.715998 0 -0 -0.715998
417 461 0 0 0 0 0 -0.074889 0 -0.074889
460 461 0.001924 0 -1.21902 0 0 0 0 -1.21709
418 462 0 0 0 0 0 -0.160363 0 -0.160363
417 462 0 0 0 0 -0.757969 0 -0 -0.757969
416 462 0 0 0 0 -1.23632e-30 -0.157666 0 -0.157666
461 462 0.00925165 0 -1.01913 0 0 0 0 -1.00988
417 463 0 0 0 0 -0 -0.119571 0 -0.119571
416 463 0 0 0 0 -0.859281 0 -0 -0.859281
415 463 0 0 0 0 -0 -0.154191 -0 -0.154191
462 463 0.00204242 0 -1.02109 0 0 0 0 -1.01904
416 464 0 0 0 0 -0 -0.156968 0 -0.156968
415 464 0 0 0 0 -0.638977 0 -0 -0.638977
414 464 0 0 0 0 -3.33003e-29 -0.124488 0 -0.124488
463 464 0.138307 0 -1.11991 0 0 0 0 -0.981604
415 465 0 0 0 0 -0 -0.0899567 0 -0.0899567
414 465 0 0 0 0 -0.633397 0 -0 -0.633397
413 465 0 0 0 0 -0 -0.0790815 0 -0.0790815
464 465 0.122008 0 -1.26593 0 0 0 0 -1.14393
465 466 0.00825124 0 0 0 0 0 0 0.00825124
466 467 2.9903e-05 0 -1.09411 0 0 0 0 -1.09408
467 468 0.00290932 0 -1.21962 0 0 0 0 -1.21671
468 469 0.000517641 0 -0.754092 0 0 0 0 -0.753574
469 470 0.0018075 0 -1.12862 0 0 0 0 -1.12681
470 471 0.00358483 0 0 0 0 0 0 0.00358483
471 472 0.000704582 0 -1.30403 0 0 0 0 -1.30333
472 473 0.0136614 0 -0.95317 0 0 0 0 -0.939509
469 474 0 0 0 0 -0 -0.0108471 -0 -0.0108471
468 474 0 0 0 0 0 -0.0663397 -0 -0.0663397
473 474 1.91515e-07 0 -1.19614 0 0 0 0 -1.19614
469 475 0 0 0 0 -0 -6.84412e-06 0 -6.84412e-06
467 475 0 0 0 0 -0 -0.142421 0 -0.142421
474 475 0.0122545 0 -1.19547 0 0 0 0 -1.18321
466 476 0 0 0 0 -1.61305e-28 -0.144643 0 -0.144643
468 476 0 0 0 0 0 -0.111695 -0 -0.111695
467 476 0 0 0 0 -0.715338 0 -0 -0.715338
475 476 0.034787 0 -1.32847 0 0 0 0 -1.29368
466 477 0 0 0 0 -0.859297 0 -0 -0.859297
467 477 0 0 0 0 -0 -0.0550973 -0 -0.0550973
476 477 0.00415392 0 -1.03141 0 0 0 0 -1.02726
477 478 7.61858e-05 0 -1.12393 0 0 0 0 -1.12386
478 479 0.00275501 0 -0.981733 0 0 0 0 -0.978978
480 481 0.0308503 0 -1.33358 0 0 0 0 -1.30273
481 482 0.00356939 0 -1.38106 0 0 0 0 -1.37749
482 483 0.00853627 0 -1.1797 0 0 0 0 -1.17117
483 484 0.00116929 0 -1.14549 0 0 0 0 -1.14432
484 485 0.0325676 0 -1.15453 0 0 0 0 -1.12197
485 486 0.0727048 0 -1.34802 0 0 0 0 -1.27531
486 487 0.139417 0 -1.34568 0 0 0 0 -1.20626
487 488 2.97014e-05 0 -1.1729 0 0 0 0 -1.17287
488 489 0.000108531 0 -1.29817 0 0 0 0 -1.29806
489 490 0.0147688 0 -1.14733 0 0 0 0 -1.13256
490 491 0.02794 0 -1.12612 0 0 0 0 -1.09818
491 492 0.0262751 0 0 0 0 0 0 0.0262751
492 493 0.0133602 0 -1.3521 0 0 0 0 -1.33874
488 494 0 0 0 0 0 -0.0204825 0 -0.0204825
487 494 0 0 0 0 -0 -0.0646471 0 -0.0646471
493 494 0.0150958 0 -1.24664 0 0 0 0 -1.23154
487 495 0 0 0 0 -0.0319868 -0.0153476 0 -0.0473344
486 495 0 0 0 0 -0 -0.165178 0 -0.165178
494 495 0.0688098 0 -1.28589 0 0 0 0 -1.21708
487 496 0 0 0 0 -0 -0.0267073 0 -0.0267073
486 496 0 0 0 0 -0.651823 0 -0 -0.651823
485 496 0 0 0 0 -8.19378e-31 -0.164075 0 -0.164075
495 496 3.21845e-05 0 -1.22075 0 0 0 0 -1.22072
486 497 0 0 0 0 -0 -0.142241 0 -0.142241
485 497 0 0 0 0 -0.730515 0 -0 -0.730515
484 497 0 0 0 0 -0 -0.118074 0 -0.118074
496 497 0.179927 0 -1.3497 0 0 0 0 -1.16977
485 498 0 0 0 0 0 -0.136181 0 -0.136181
484 498 0 0 0 0 0 -0.000406722 -0 -0.000406722
483 498 0 0 0 0 0 -0.0014809 0 -0.0014809
497 498 0.00190593 0 -1.40049 0 0 0 0 -1.39858
484 499 0 0 0 0 0 -0.0296583 0 -0.0296583
498 499 0.0434876 0 -1.03069 0 0 0 0 -0.987204
#Total energy per particle is  -1.10362 and should be -1.1036210
