#id1 id2 FENE BEXC STCK NEXC HB CRSTCK CXSTCK total, t = 700000
0 1 0.106209 0 -1.3508 0 0 0 0 -1.24459
1 2 0.0820899 0 -1.1339 0 0 0 0 -1.05181
2 3 0.0187877 0 -1.35029 0 0 0 0 -1.3315
3 4 0.000253638 0 -1.07492 0 0 0 0 -1.07466
4 5 0.0320605 0 -1.30329 0 0 0 0 -1.27123
5 6 0.0239123 0 -1.01296 0 0 0 0 -0.989046
6 7 0.0263387 0 -1.21927 0 0 0 0 -1.19294
7 8 0.00457236 0 -1.26501 0 0 0 0 -1.26044
8 9 0.0141717 0 0 0 0 0 0 0.0141717
9 10 0.0279078 0 -1.30845 0 0 0 0 -1.28055
10 11 0.0430245 0 -0.878508 0 0 0 0 -0.835483
7 12 0 0 0 0 0 -0.00880834 -0 -0.00880834
6 12 0 0 0 0 0 -0.121371 0 -0.121371
11 12 0.0542549 0 -1.27239 0 0 0 0 -1.21813
7 13 0 0 0 0 0 -0.146038 0 -0.146038
6 13 0 0 0 0 -0.795845 0 -0 -0.795845
5 13 0 0 0 0 -3.75373e-28 -0.129007 0 -0.129007
12 13 0.00764928 0 -0.714759 0 0 0 0 -0.707109
6 14 0 0 0 0 -0 -0.186056 0 -0.186056
5 14 0 0 0 0 -0.76948 0 -0 -0.76948
4 14 0 0 0 0 0 -0.126629 0 -0.126629
13 14 0.010239 0 -1.16128 0 0 0 0 -1.15104
5 15 0 0 0 0 0 -0.179568 0 -0.179568
4 15 0 0 0 0 -0.638955 0 -0 -0.638955
3 15 0 0 0 0 0 -0.096299 -0 -0.096299
14 15 0.0354046 0 -1.06793 0 0 0 0 -1.03253
11 16 0 0 0 0 0 -0.106997 0 -0.106997
15 16 0.00774464 0 -0 0 0 0 0 0.00774464
12 17 0 0 0 0 -0 -0.143329 -0 -0.143329
11 17 0 0 0 0 -0.550635 0 -0 -0.550635
10 17 0 0 0 0 -3.5108e-29 -0.154417 0 -0.154417
16 17 0.000534315 0 -1.37315 0 0 0 0 -1.37262
9 18 0 0 0 0 0 -0.0965348 -0 -0.0965348
11 18 0 0 0 0 -0 -0.108234 -0 -0.108234
10 18 0 0 0 0 -0.742195 0 -0 -0.742195
17 18 0.0273495 0 -1.16042 0 0 0 0 -1.13307
9 19 0 0 0 0 -0.812823 0 -0 -0.812823
10 19 0 0 0 0 0 -0.169011 0 -0.169011
18 19 0.145357 0 -1.08628 0 0 0 0 -0.940926
20 21 0.0743081 0 -1.27585 0 0 0 0 -1.20154
21 22 0.00289092 0 -1.23347 0 0 0 0 -1.23058
22 23 0.0188126 0 -0.90729 0 0 0 0 -0.888477
23 24 7.29473e-06 0 -1.32293 0 0 0 0 -1.32292
24 25 0.0122317 0 -1.09436 0 0 0 0 -1.08213
25 26 0.0514938 0 -1.2627 0 0 0 0 -1.21121
26 27 0.123059 0 -1.29534 0 0 0 0 -1.17228
27 28 0.0022171 0 -0.972173 0 0 0 0 -0.969956
28 29 0.0107985 0 -0 0 0 0 0 0.0107985
29 30 0.0963782 0 -1.33692 0 0 0 0 -1.24054
27 31 0 0 0 0 0 -0.0792721 0 -0.0792721
30 31 6.43598e-05 0 -1.20518 0 0 0 0 -1.20511
28 32 0 0 0 0 0 -0.125449 0 -0.125449
26 32 0 0 0 0 0 -0.166808 0 -0.166808
31 32 0.0456387 0 -1.27921 0 0 0 0 -1.23357
27 33 0 0 0 0 0 -0.186785 0 -0.186785
26 33 0 0 0 0 -0.485596 0 -0 -0.485596
25 33 0 0 0 0 -2.68555e-29 -0.118512 0 -0.118512
32 33 0.198187 0 -1.23664 0 0 0 0 -1.03846
26 34 0 0 0 0 -0 -0.148734 0 -0.148734
25 34 0 0 0 0 -0.776155 0 -0 -0.776155
24 34 0 0 0 0 0 -0.0660522 -0 -0.0660522
33 34 0.0445181 0 -1.18877 0 0 0 0 -1.14425
25 35 0 0 0 0 0 -0.188793 0 -0.188793
24 35 0 0 0 0 -0.807299 0 -0 -0.807299
23 35 0 0 0 0 0 -0.157087 0 -0.157087
34 35 0.00727984 0 -1.22573 0 0 0 0 -1.21845
22 36 0 0 0 0 0 -0.152935 0 -0.152935
24 36 0 0 0 0 0 -0.160302 0 -0.160302
23 36 0 0 0 0 -0.650307 0 -0 -0.650307
35 36 0.0432519 0 -1.2817 0 0 0 0 -1.23845
22 37 0 0 0 0 -0.675407 0 -0 -0.675407
21 37 0 0 0 0 -0 -0.133281 -0 -0.133281
23 37 0 0 0 0 0 -0.0333785 -0 -0.0333785
36 37 0.0415777 0 -0.730565 0 0 0 0 -0.688987
22 38 0 0 0 0 -0 -0.190149 0 -0.190149
21 38 0 0 0 0 -0.8709 0 -0 -0.8709
20 38 0 0 0 0 0 -0.035276 0 -0.035276
37 38 0.0140024 0 -0.752364 0 0 0 0 -0.738362
21 39 0 0 0 0 0 -0.169494 0 -0.169494
20 39 0 0 0 0 0 -0.00579685 -0 -0.00579685
38 39 0.171425 0 -1.12359 0 0 0 0 -0.952164
40 41 0.0151632 0 -1.21805 0 0 0 0 -1.20289
41 42 0.000139849 0 -1.40754 0 0 0 0 -1.4074
42 43 0.0957164 0 -1.09366 0 0 0 0 -0.997947
43 44 8.402e-05 0 -1.25132 0 0 0 0 -1.25124
44 45 0.00973685 0 -0.989824 0 0 0 0 -0.980087
45 46 0.0285511 0 -1.4052 0 0 0 0 -1.37664
46 47 0.0720844 0 -1.29457 0 0 0 0 -1.22248
47 48 0.015579 0 -0.833945 0 0 0 0 -0.818366
48 49 0.0163451 0 -0 0 0 0 0 0.0163451
49 50 0.00372815 0 -1.21911 0 0 0 0 -1.21539
50 51 0.0524288 0 -1.24304 0 0 0 0 -1.19061
48 52 0 0 0 0 0 -0.0435178 -0 -0.0435178
46 52 0 0 0 0 0 -0.101661 -0 -0.101661
51 52 0.107632 0 -1.37399 0 0 0 0 -1.26635
47 53 0 0 0 0 0 -0.154615 0 -0.154615
46 53 0 0 0 0 -0.236244 0 -0 -0.236244
45 53 0 0 0 0 -0 -0.140331 -0 -0.140331
52 53 0.0321968 0 -1.2895 0 0 0 0 -1.2573
46 54 0 0 0 0 -0 -0.164153 0 -0.164153
45 54 0 0 0 0 -0.550421 0 -0 -0.550421
44 54 0 0 0 0 0 -0.141404 -0 -0.141404
53 54 0.020964 0 -1.32062 0 0 0 0 -1.29966
45 55 0 0 0 0 0 -0.171549 0 -0.171549
44 55 0 0 0 0 -0.60284 0 -0 -0.60284
43 55 0 0 0 0 0 -0.159457 0 -0.159457
54 55 0.0280022 0 -1.12926 0 0 0 0 -1.10125
44 56 0 0 0 0 0 -0.101468 -0 -0.101468
43 56 0 0 0 0 -0.727699 0 -0 -0.727699
42 56 0 0 0 0 0 -0.163762 0 -0.163762
55 56 0.00314597 0 -1.275 0 0 0 0 -1.27185
43 57 0 0 0 0 0 -0.17135 0 -0.17135
42 57 0 0 0 0 -0.601462 0 -0 -0.601462
41 57 0 0 0 0 -0 -0.157765 0 -0.157765
56 57 0.000946489 0 -1.20475 0 0 0 0 -1.2038
42 58 0 0 0 0 -0 -0.139015 0 -0.139015
41 58 0 0 0 0 -0.000188494 0 -0 -0.000188494
40 58 0 0 0 0 0 -0.00186161 0 -0.00186161
57 58 0.000300196 0 -1.20691 0 0 0 0 -1.20661
41 59 0 0 0 0 0 -3.05629e-05 -0 -3.05629e-05
58 59 0.108223 0 -1.24676 0 0 0 0 -1.13854
60 61 0.00283124 0 -1.21066 0 0 0 0 -1.20783
61 62 0.0548999 0 -1.03088 0 0 0 0 -0.975983
62 63 0.0867508 0 -1.17125 0 0 0 0 -1.0845
63 64 0.052317 0 -0.854533 0 0 0 0 -0.802216
64 65 0.0126858 0 -1.16845 0 0 0 0 -1.15576
65 66 0.0101241 0 -1.3522 0 0 0 0 -1.34207
66 67 0.0023284 0 -1.10904 0 0 0 0 -1.10671
67 68 0.0021836 0 0 0 0 0 0 0.0021836
68 69 0.0132483 0 -0.617543 0 0 0 0 -0.604294
69 70 0.00671042 0 -1.16043 0 0 0 0 -1.15372
70 71 0.00454357 0 -0.954696 0 0 0 0 -0.950153
71 72 0.191277 0 -0.221909 0 0 0 0 -0.0306318
72 73 0.00518192 0 0 0 0 0 0 0.00518192
73 74 0.0105463 0 -1.33284 0 0 0 0 -1.3223
74 75 0.00413367 0 -1.15406 0 0 0 0 -1.14992
71 76 0 0 0 0 0 -0.0558452 0 -0.0558452
75 76 0.00827971 0 -1.25135 0 0 0 0 -1.24307
70 77 0 0 0 0 -0 -0.205125 0 -0.205125
71 77 0 0 0 0 -0.668229 0 -0 -0.668229
76 77 0.107128 0 -1.02447 0 0 0 0 -0.917347
70 78 0 0 0 0 -0.684486 0 -0 -0.684486
71 78 0 0 0 0 -0 -0.133956 -0 -0.133956
69 78 0 0 0 0 0 -0.185079 0 -0.185079
77 78 0.00667261 0 -1.17324 0 0 0 0 -1.16657
70 79 0 0 0 0 0 -0.186975 0 -0.186975
69 79 0 0 0 0 -0.439466 0 -0 -0.439466
68 79 0 0 0 0 0 -0.0859271 0 -0.0859271
78 79 0.00636033 0 -1.23901 0 0 0 0 -1.23265
80 81 0.0174425 0 -1.05196 0 0 0 0 -1.03452
81 82 0.0201022 0 -1.20683 0 0 0 0 -1.18673
82 83 0.0336841 0 -0.509073 0 0 0 0 -0.475389
83 84 0.010967 0 -1.35711 0 0 0 0 -1.34614
84 85 0.0266039 0 -1.09239 0 0 0 0 -1.06579
85 86 0.0650004 0 -1.23227 0 0 0 0 -1.16727
86 87 1.21334e-05 0 0 0 0 0 0 1.21334e-05
87 88 0.0403794 0 -1.35648 0 0 0 0 -1.3161
88 89 0.0322273 0 -0.863522 0 0 0 0 -0.831295
89 90 0.00199214 0 -1.38086 0 0 0 0 -1.37887
90 91 0.00030802 0 -1.3354 0 0 0 0 -1.33509
91 92 0.0809072 0 -0.959844 0 0 0 0 -0.878937
92 93 0.0863993 0 -1.13209 0 0 0 0 -1.04569
93 94 0.0355162 0 -0 0 0 0 0 0.0355162
92 95 0 0 0 0 0 -0.00622618 -0 -0.00622618
94 95 0.00822893 0 -0.968793 0 0 0 0 -0.960564
93 96 0 0 0 0 -0 -0.0125704 0 -0.0125704
91 96 0 0 0 0 0 -0.15479 -0 -0.15479
95 96 0.0110782 0 -0.983703 0 0 0 0 -0.972625
92 97 0 0 0 0 -0 -0.145256 0 -0.145256
91 97 0 0 0 0 -0.760036 0 -0 -0.760036
90 97 0 0 0 0 -1.64928e-30 -0.162366 0 -0.162366
96 97 0.0159086 0 -1.03867 0 0 0 0 -1.02276
91 98 0 0 0 0 -0 -0.0974656 -0 -0.0974656
90 98 0 0 0 0 -0.717498 0 -0 -0.717498
89 98 0 0 0 0 0 -0.16836 0 -0.16836
97 98 0.00577306 0 -1.18371 0 0 0 0 -1.17794
90 99 0 0 0 0 0 -0.11014 -0 -0.11014
89 99 0 0 0 0 -0.387033 -5.47896e-09 -0 -0.387033
88 99 0 0 0 0 0 -0.100322 0 -0.100322
98 99 0.00319649 0 -1.08704 0 0 0 0 -1.08385
100 101 0.0342475 0 -1.32287 0 0 0 0 -1.28862
101 102 0.0682667 0 -1.40526 0 0 0 0 -1.33699
102 103 0.0144875 0 -1.35979 0 0 0 0 -1.3453
103 104 0.198035 0 -1.21444 0 0 0 0 -1.01641
104 105 0.00337666 0 -1.19877 0 0 0 0 -1.19539
105 106 0.0319078 0 -0.747074 0 0 0 0 -0.715166
106 107 0.0176352 0 -0 0 0 0 0 0.0176352
107 108 0.0198517 0 -1.17169 0 0 0 0 -1.15184
108 109 0.000297081 0 -0.690153 0 0 0 0 -0.689856
109 110 0.155863 0 -0.664962 0 0 0 0 -0.509099
110 111 0.00138179 0 -1.32652 0 0 0 0 -1.32513
111 112 0.107208 0 -1.00024 0 0 0 0 -0.893035
112 113 0.0527481 0 -0.950485 0 0 0 0 -0.897737
113 114 0.077261 0 -0.721296 0 0 0 0 -0.644035
114 115 0.20983 0 -1.23421 0 0 0 0 -1.02438
115 116 0.325567 0 -0.833212 0 0 0 0 -0.507644
116 117 0.0207811 0 -0.328277 0 0 0 0 -0.307496
117 118 0.0346539 0 -0.989786 0 0 0 0 -0.955132
118 119 0.0606646 0 -1.1896 0 0 0 0 -1.12893
120 121 0.163704 0 -1.3417 0 0 0 0 -1.17799
121 122 0.0029142 0 -1.22294 0 0 0 0 -1.22003
122 123 0.000666367 0 -1.0608 0 0 0 0 -1.06013
123 124 0.016746 0 -1.40311 0 0 0 0 -1.38637
124 125 0.0189432 0 -1.04502 0 0 0 0 -1.02607
125 126 0.00874997 0 -1.2336 0 0 0 0 -1.22485
126 127 0.13049 0 -1.40088 0 0 0 0 -1.27039
127 128 0.026051 0 -1.14037 0 0 0 0 -1.11432
128 129 0.000689572 0 -1.06315 0 0 0 0 -1.06246
129 130 0.037768 0 -1.29156 0 0 0 0 -1.2538
130 131 0.0772286 0 -1.03845 0 0 0 0 -0.961217
131 132 0.00553878 0 -1.25072 0 0 0 0 -1.24518
132 133 0.00759811 0 -1.38951 0 0 0 0 -1.38191
133 134 0.0231632 0 0 0 0 0 0 0.0231632
134 135 0.0020129 0 -1.32407 0 0 0 0 -1.32206
135 136 0.00946412 0 -1.29183 0 0 0 0 -1.28236
136 137 3.64023e-06 0 -0.643702 0 0 0 0 -0.643698
137 138 0.10342 0 -0.986298 0 0 0 0 -0.882878
138 139 0.00849143 0 -1.22226 0 0 0 0 -1.21377
140 141 0.00111638 0 -0 0 0 0 0 0.00111638
141 142 0.00333163 0 -1.03779 0 0 0 0 -1.03446
142 143 0.0117814 0 -1.2077 0 0 0 0 -1.19592
143 144 0.0274615 0 -1.30985 0 0 0 0 -1.28239
144 145 0.0709325 0 -1.27816 0 0 0 0 -1.20723
145 146 0.257094 0 0 0 0 0 0 0.257094
146 147 0.0118477 0 -1.2844 0 0 0 0 -1.27256
145 148 0 0 0 0 0 -0.0866638 -0 -0.0866638
147 148 0.00537345 0 -1.07599 0 0 0 0 -1.07061
145 149 0 0 0 0 -0.366186 0 -0 -0.366186
144 149 0 0 0 0 0 -0.186474 0 -0.186474
148 149 0.291058 0 -1.25719 0 0 0 0 -0.966128
145 150 0 0 0 0 0 -0.124556 -0 -0.124556
144 150 0 0 0 0 -0.876164 0 -0 -0.876164
143 150 0 0 0 0 0 -0.123851 -0 -0.123851
149 150 0.0254688 0 -1.16441 0 0 0 0 -1.13894
142 151 0 0 0 0 0 -0.110825 -0 -0.110825
144 151 0 0 0 0 -0 -0.193542 0 -0.193542
150 151 0.0377503 0 -1.25368 0 0 0 0 -1.21593
142 152 0 0 0 0 0 -5.38976e-05 -0 -5.38976e-05
143 152 0 0 0 0 -0 -0.0792217 0 -0.0792217
151 152 8.12611e-05 0 -0.955937 0 0 0 0 -0.955856
152 153 0.00482713 0 -1.42093 0 0 0 0 -1.41611
153 154 0.000553377 0 -1.17758 0 0 0 0 -1.17702
154 155 0.0831093 0 -1.33441 0 0 0 0 -1.2513
155 156 0.095302 0 -1.33972 0 0 0 0 -1.24442
156 157 0.0106689 0 -1.18907 0 0 0 0 -1.1784
157 158 0.288011 0 -1.39123 0 0 0 0 -1.10322
158 159 0.0277882 0 -0.620941 0 0 0 0 -0.593152
160 161 0.00115725 0 -0.746053 0 0 0 0 -0.744895
161 162 0.0245431 0 -1.17546 0 0 0 0 -1.15092
162 163 2.69381e-05 0 -1.28862 0 0 0 0 -1.28859
163 164 0.0474421 0 -1.41099 0 0 0 0 -1.36355
164 165 0.187108 0 -1.22352 0 0 0 0 -1.03641
165 166 0.0187013 0 -1.18504 0 0 0 0 -1.16634
166 167 0.0032693 0 0 0 0 0 0 0.0032693
167 168 0.00794644 0 -1.11124 0 0 0 0 -1.10329
165 169 0 0 0 0 -0 -0.00688326 -0 -0.00688326
168 169 0.0480003 0 -0.846932 0 0 0 0 -0.798932
164 170 0 0 0 0 -0 -0.164457 -0 -0.164457
166 170 0 0 0 0 0 -0.0926434 -0 -0.0926434
169 170 0.00154697 0 -1.38408 0 0 0 0 -1.38253
164 171 0 0 0 0 -0.720187 0 -0 -0.720187
165 171 0 0 0 0 0 -0.144502 0 -0.144502
163 171 0 0 0 0 0 -0.208577 0 -0.208577
170 171 0.0743635 0 -1.02708 0 0 0 0 -0.952717
164 172 0 0 0 0 0 -0.168007 0 -0.168007
163 172 0 0 0 0 -0.446018 0 -0 -0.446018
162 172 0 0 0 0 0 -0.125459 -0 -0.125459
171 172 0.167311 0 -0.700983 0 0 0 0 -0.533671
163 173 0 0 0 0 -0 -0.0337572 -0 -0.0337572
172 173 0.00186484 0 -1.11631 0 0 0 0 -1.11445
173 174 0.019066 0 0 0 0 0 0 0.019066
174 175 0.0636036 0 -1.10168 0 0 0 0 -1.03808
175 176 0.156889 0 -1.11489 0 0 0 0 -0.958004
176 177 0.0100199 0 -1.37302 0 0 0 0 -1.363
177 178 0.000679089 0 -1.35864 0 0 0 0 -1.35796
178 179 0.0908863 0 -1.31948 0 0 0 0 -1.22859
180 181 0.0171998 0 -1.22984 0 0 0 0 -1.21264
181 182 0.107096 0 -1.04623 0 0 0 0 -0.939135
182 183 0.0150394 0 -0.758109 0 0 0 0 -0.74307
183 184 0.0688712 0 -0.558793 0 0 0 0 -0.489922
184 185 0.0232178 0 -1.24433 0 0 0 0 -1.22112
185 186 0.169417 0 -1.28041 0 0 0 0 -1.11099
186 187 0.074402 0 -1.26847 0 0 0 0 -1.19407
187 188 0.063045 0 -1.32201 0 0 0 0 -1.25897
188 189 0.000681616 0 -0.977577 0 0 0 0 -0.976895
189 190 5.23474e-06 0 -1.20607 0 0 0 0 -1.20606
190 191 0.113003 0 -1.15382 0 0 0 0 -1.04082
191 192 0.130378 0 -1.27562 0 0 0 0 -1.14524
192 193 0.00131902 0 -1.24785 0 0 0 0 -1.24654
193 194 0.0748198 0 -1.19161 0 0 0 0 -1.11679
194 195 0.00511848 0 -1.25993 0 0 0 0 -1.25481
195 196 0.0036394 0 -1.1768 0 0 0 0 -1.17316
196 197 0.0489405 0 -1.33312 0 0 0 0 -1.28418
197 198 0.0243567 0 -1.32624 0 0 0 0 -1.30188
198 199 0.0704779 0 -1.1996 0 0 0 0 -1.12912
200 201 0.0714197 0 -1.12219 0 0 0 0 -1.05077
201 202 0.00317389 0 -1.06432 0 0 0 0 -1.06115
202 203 0.00170287 0 -1.09208 0 0 0 0 -1.09037
203 204 0.000535848 0 -1.21248 0 0 0 0 -1.21195
204 205 0.262781 0 -1.21055 0 0 0 0 -0.94777
205 206 0.00790197 0 -1.18816 0 0 0 0 -1.18026
206 207 0.00423678 0 -0.925823 0 0 0 0 -0.921586
207 208 0.0310632 0 -1.27828 0 0 0 0 -1.24722
208 209 0.00130651 0 -0.625977 0 0 0 0 -0.624671
67 210 0 0 0 0 0 -0.0804203 0 -0.0804203
209 210 0.0142793 0 -1.11901 0 0 0 0 -1.10473
66 211 0 0 0 0 0 -0.168748 0 -0.168748
67 211 0 0 0 0 -0.636798 0 -0 -0.636798
210 211 0.0113303 0 -1.18291 0 0 0 0 -1.17158
66 212 0 0 0 0 -0.743861 0 -0 -0.743861
65 212 0 0 0 0 -0 -0.168401 0 -0.168401
67 212 0 0 0 0 0 -0.0795945 0 -0.0795945
211 212 0.0070393 0 -1.32939 0 0 0 0 -1.32235
66 213 0 0 0 0 -0 -0.144215 0 -0.144215
65 213 0 0 0 0 -0.537204 0 -0 -0.537204
64 213 0 0 0 0 0 -0.161024 0 -0.161024
212 213 0.000263047 0 -1.14559 0 0 0 0 -1.14533
65 214 0 0 0 0 -0 -0.00485876 -0 -0.00485876
63 214 0 0 0 0 0 -0.0240178 0 -0.0240178
213 214 0.000104168 0 -0.978416 0 0 0 0 -0.978312
64 215 0 0 0 0 0 -0.0828158 -0 -0.0828158
63 215 0 0 0 0 0 -3.74921e-16 -0 -3.74921e-16
62 215 0 0 0 0 -3.89047e-28 -0.0657711 0 -0.0657711
214 215 0.214762 0 -0.959213 0 0 0 0 -0.74445
63 216 0 0 0 0 0 -0.151457 0 -0.151457
62 216 0 0 0 0 -0.584176 0 -0 -0.584176
61 216 0 0 0 0 -1.17127e-30 -0.0318554 -0 -0.0318554
215 216 0.0193044 0 -1.25679 0 0 0 0 -1.23749
62 217 0 0 0 0 -0 -0.133245 0 -0.133245
60 217 0 0 0 0 0 -0.131278 0 -0.131278
61 217 0 0 0 0 -0.572868 0 -0 -0.572868
216 217 0.0984784 0 -1.25535 0 0 0 0 -1.15687
60 218 0 0 0 0 -0.510394 -6.18793e-07 -0 -0.510394
61 218 0 0 0 0 0 -0.16922 0 -0.16922
217 218 0.0236692 0 -0.921289 0 0 0 0 -0.897619
60 219 0 0 0 0 -0 -0.0251529 0 -0.0251529
218 219 0.0675973 0 -1.36631 0 0 0 0 -1.29872
220 221 0.00678867 0 -1.11824 0 0 0 0 -1.11145
221 222 0.0258506 0 -0 0 0 0 0 0.0258506
221 223 0 0 0 0 0 0 -5.00533e-18 -5.00533e-18
220 223 0 0 0 0 0 -0.040883 0 -0.040883
222 223 6.33411e-05 0 -1.17186 0 0 0 0 -1.17179
223 224 0.210185 0 -1.2818 0 0 0 0 -1.07162
224 225 0.00304261 0 -0.706868 0 0 0 0 -0.703826
225 226 0.00963993 0 -1.26067 0 0 0 0 -1.25103
226 227 0.00139499 0 -1.14222 0 0 0 0 -1.14083
227 228 0.075838 0 -1.30739 0 0 0 0 -1.23155
228 229 0.0890703 0 -1.31975 0 0 0 0 -1.23068
229 230 0.0176187 0 -1.27121 0 0 0 0 -1.25359
230 231 0.00715526 0 -1.17651 0 0 0 0 -1.16936
231 232 0.0569889 0 -1.17082 0 0 0 0 -1.11384
232 233 0.00365193 0 -1.07777 0 0 0 0 -1.07411
233 234 0.0308248 0 -1.27497 0 0 0 0 -1.24415
234 235 0.0623696 0 -1.06336 0 0 0 0 -1.00099
235 236 0.00800445 0 -1.00242 0 0 0 0 -0.994416
236 237 0.0414744 0 -1.07957 0 0 0 0 -1.0381
237 238 0.066398 0 -1.37707 0 0 0 0 -1.31067
238 239 0.000653717 0 -1.17465 0 0 0 0 -1.174
189 240 0 0 0 0 0 -0.00182641 0 -0.00182641
187 240 0 0 0 0 0 -0.0257874 -0 -0.0257874
188 241 0 0 0 0 -0 -0.130192 -0 -0.130192
187 241 0 0 0 0 -0.774334 0 -0 -0.774334
186 241 0 0 0 0 0 -0.134859 -0 -0.134859
240 241 0.0924137 0 -1.22198 0 0 0 0 -1.12956
187 242 0 0 0 0 0 -0.17022 0 -0.17022
186 242 0 0 0 0 -0.635348 0 -0 -0.635348
185 242 0 0 0 0 -7.52501e-29 -0.125674 0 -0.125674
241 242 0.00197626 0 -1.21471 0 0 0 0 -1.21274
186 243 0 0 0 0 -0 -0.184738 0 -0.184738
185 243 0 0 0 0 -0.779536 0 -0 -0.779536
184 243 0 0 0 0 0 -0.154369 0 -0.154369
242 243 0.0365865 0 -0.95194 0 0 0 0 -0.915353
185 244 0 0 0 0 -0 -0.172461 0 -0.172461
183 244 0 0 0 0 0 -0.105608 -0 -0.105608
243 244 0.048455 0 -1.21952 0 0 0 0 -1.17107
184 245 0 0 0 0 0 -0.0707955 0 -0.0707955
182 245 0 0 0 0 -0 -0.166918 0 -0.166918
244 245 0.00427598 0 -0.982695 0 0 0 0 -0.978419
183 246 0 0 0 0 0 -0.127766 0 -0.127766
182 246 0 0 0 0 -0.769334 0 -0 -0.769334
181 246 0 0 0 0 -3.28772e-28 -0.119236 0 -0.119236
245 246 0.0594025 0 -1.33018 0 0 0 0 -1.27078
182 247 0 0 0 0 -0 -0.126075 0 -0.126075
181 247 0 0 0 0 -0.685482 0 -0 -0.685482
180 247 0 0 0 0 0 -0.173106 0 -0.173106
246 247 0.00487723 0 -1.12577 0 0 0 0 -1.12089
181 248 0 0 0 0 0 -0.169719 0 -0.169719
180 248 0 0 0 0 -0.850982 0 -0 -0.850982
247 248 0.00122815 0 -0.901509 0 0 0 0 -0.900281
180 249 0 0 0 0 -0 -0.0396943 0 -0.0396943
248 249 0.0723513 0 -1.03423 0 0 0 0 -0.961874
249 250 0.0592327 0 -1.10385 0 0 0 0 -1.04462
250 251 0.256053 0 -1.31445 0 0 0 0 -1.05839
251 252 0.0121287 0 -1.14159 0 0 0 0 -1.12946
252 253 0.287498 0 -1.34065 0 0 0 0 -1.05315
253 254 0.00343772 0 -1.32739 0 0 0 0 -1.32395
254 255 0.0044327 0 -1.30798 0 0 0 0 -1.30355
255 256 0.000103782 0 -1.26466 0 0 0 0 -1.26456
256 257 0.0298299 0 -1.2179 0 0 0 0 -1.18807
257 258 0.0599423 0 -0.899203 0 0 0 0 -0.839261
258 259 0.00480989 0 -1.40196 0 0 0 0 -1.39715
260 261 0.00219478 0 -1.03635 0 0 0 0 -1.03416
261 262 0.0127332 0 -1.30454 0 0 0 0 -1.2918
262 263 0.0359064 0 -1.10517 0 0 0 0 -1.06927
263 264 0.000303083 0 -1.08157 0 0 0 0 -1.08127
264 265 0.227445 0 -1.23957 0 0 0 0 -1.01213
265 266 0.00243652 0 -1.01879 0 0 0 0 -1.01635
266 267 0.00517653 0 -1.24749 0 0 0 0 -1.24232
267 268 0.0342209 0 -1.33662 0 0 0 0 -1.3024
268 269 0.0526886 0 -1.23023 0 0 0 0 -1.17754
269 270 0.0197715 0 -0.895902 0 0 0 0 -0.87613
270 271 0.0105775 0 -0.9701 0 0 0 0 -0.959522
271 272 0.08091 0 -1.05226 0 0 0 0 -0.971348
272 273 0.0384528 0 -1.35956 0 0 0 0 -1.32111
273 274 0.0108085 0 0 0 0 0 0 0.0108085
274 275 0.019962 0 0 0 0 0 0 0.019962
275 276 0.0268228 0 -0.612257 0 0 0 0 -0.585434
276 277 0.00410879 0 -0.718067 0 0 0 0 -0.713958
277 278 0.110579 0 -1.23549 0 0 0 0 -1.12491
278 279 0.00286586 0 -1.00079 0 0 0 0 -0.997923
280 281 0.0485153 0 -1.15768 0 0 0 0 -1.10917
281 282 0.010979 0 -1.08847 0 0 0 0 -1.07749
282 283 0.0545808 0 -1.07594 0 0 0 0 -1.02136
283 284 0.00770691 0 -0.932082 0 0 0 0 -0.924375
284 285 1.13213e-05 0 -1.06282 0 0 0 0 -1.06281
285 286 0.0026441 0 -1.21467 0 0 0 0 -1.21203
286 287 0.0128636 0 -1.17104 0 0 0 0 -1.15818
287 288 0.0228432 0 -1.11468 0 0 0 0 -1.09184
288 289 0.00360449 0 -0.87912 0 0 0 0 -0.875516
289 290 0.0204788 0 -1.31171 0 0 0 0 -1.29123
290 291 0.0481459 0 -1.29738 0 0 0 0 -1.24924
291 292 0.000148384 0 -1.02142 0 0 0 0 -1.02128
198 293 0 0 0 0 0 -0.0406262 0 -0.0406262
197 293 0 0 0 0 -0 -0.00495931 0 -0.00495931
292 293 0.0790205 0 -1.24748 0 0 0 0 -1.16846
198 294 0 0 0 0 0 -0.111989 0 -0.111989
197 294 0 0 0 0 -0.840412 0 -0 -0.840412
196 294 0 0 0 0 -4.64215e-29 -0.144298 0 -0.144298
293 294 0.000617326 0 -1.21894 0 0 0 0 -1.21832
197 295 0 0 0 0 -0 -0.129949 0 -0.129949
196 295 0 0 0 0 -0.803412 0 -0 -0.803412
195 295 0 0 0 0 -1.04981e-29 -0.13852 0 -0.13852
294 295 0.0768357 0 -1.30872 0 0 0 0 -1.23189
196 296 0 0 0 0 -0 -0.122309 -0 -0.122309
195 296 0 0 0 0 -0.736391 0 -0 -0.736391
194 296 0 0 0 0 -1.14053e-32 -0.170605 0 -0.170605
295 296 0.000709736 0 -1.0559 0 0 0 0 -1.05519
195 297 0 0 0 0 -0 -0.180467 0 -0.180467
194 297 0 0 0 0 -0.873485 0 -0 -0.873485
193 297 0 0 0 0 -0 -0.184444 0 -0.184444
296 297 0.0037876 0 -1.30993 0 0 0 0 -1.30615
194 298 0 0 0 0 0 -0.205825 0 -0.205825
192 298 0 0 0 0 0 -0.107306 0 -0.107306
297 298 0.0068362 0 -1.0452 0 0 0 0 -1.03837
193 299 0 0 0 0 0 -0.114706 -0 -0.114706
298 299 0.459997 0 -1.38196 0 0 0 0 -0.921961
300 301 0.0936113 0 -1.09915 0 0 0 0 -1.00554
301 302 0.053885 0 -1.21884 0 0 0 0 -1.16496
302 303 0.000154247 0 -1.29051 0 0 0 0 -1.29035
303 304 0.00047863 0 -1.19566 0 0 0 0 -1.19518
304 305 0.0832162 0 -1.42456 0 0 0 0 -1.34134
305 306 0.0186965 0 -1.17279 0 0 0 0 -1.15409
306 307 0.0123933 0 -1.00635 0 0 0 0 -0.993962
307 308 0.00026311 0 -1.13914 0 0 0 0 -1.13888
308 309 0.0629168 0 -1.12581 0 0 0 0 -1.06289
309 310 0.00338438 0 -1.11245 0 0 0 0 -1.10906
306 311 0 0 0 0 0 -0.0789006 0 -0.0789006
308 311 0 0 0 0 -0 -0.00413203 -0 -0.00413203
307 311 0 0 0 0 0 -0.0606265 -0 -0.0606265
310 311 0.129613 0 0 0 0 0 0 0.129613
306 312 0 0 0 0 -0.789083 0 -0 -0.789083
305 312 0 0 0 0 -3.11609e-28 -0.129922 0 -0.129922
307 312 0 0 0 0 -0 -0.124637 0 -0.124637
311 312 0.00275074 0 -1.1642 0 0 0 0 -1.16145
306 313 0 0 0 0 -0 -0.169292 0 -0.169292
305 313 0 0 0 0 -0.763297 -5.10359e-37 -0 -0.763297
304 313 0 0 0 0 -0 -0.188753 0 -0.188753
312 313 0.0680987 0 -1.03333 0 0 0 0 -0.96523
305 314 0 0 0 0 -0 -0.138256 0 -0.138256
304 314 0 0 0 0 -0.620019 0 -0 -0.620019
303 314 0 0 0 0 -0 -0.18905 0 -0.18905
313 314 0.0039584 0 -0.805132 0 0 0 0 -0.801173
305 315 0 0 0 0 -0 -0.142954 0 -0.142954
304 315 0 0 0 0 -0.276635 0 -0 -0.276635
303 315 0 0 0 0 -2.0552e-28 -0.149545 0 -0.149545
314 315 0.161879 0 -0 0 0 0 0 0.161879
304 316 0 0 0 0 -0 -0.176685 0 -0.176685
303 316 0 0 0 0 -0.756903 0 -0 -0.756903
302 316 0 0 0 0 -0 -0.154341 -0 -0.154341
315 316 0.0890699 0 -1.13595 0 0 0 0 -1.04688
303 317 0 0 0 0 -0 -0.198784 0 -0.198784
302 317 0 0 0 0 -0.823343 0 -0 -0.823343
301 317 0 0 0 0 0 -0.148289 0 -0.148289
316 317 0.0253758 0 -1.0968 0 0 0 0 -1.07143
302 318 0 0 0 0 0 -0.119503 -0 -0.119503
301 318 0 0 0 0 -0.735659 0 -0 -0.735659
300 318 0 0 0 0 0 -0.11488 0 -0.11488
317 318 0.0158509 0 -1.02422 0 0 0 0 -1.00837
301 319 0 0 0 0 0 -0.110662 -0 -0.110662
318 319 0.0119007 0 -1.01391 0 0 0 0 -1.00201
320 321 0.0435724 0 -1.3237 0 0 0 0 -1.28013
321 322 0.000177746 0 -1.25046 0 0 0 0 -1.25028
322 323 0.00723227 0 -1.1117 0 0 0 0 -1.10447
323 324 0.00526477 0 -1.07102 0 0 0 0 -1.06575
324 325 0.0858989 0 -1.23578 0 0 0 0 -1.14988
325 326 4.09565e-05 0 -1.27547 0 0 0 0 -1.27543
326 327 0.0982765 0 -0.887857 0 0 0 0 -0.78958
327 328 0.133464 0 -0.924097 0 0 0 0 -0.790633
328 329 0.00279884 0 -1.36423 0 0 0 0 -1.36143
329 330 0.0220575 0 -1.32303 0 0 0 0 -1.30097
330 331 0.00630775 0.155406 -0 0 0 0 0 0.161714
328 332 0 0 0 0 0 -0.0243293 0 -0.0243293
327 332 0 0 0 0 -0 -0.176777 0 -0.176777
331 332 0.0180201 0 -1.18844 0 0 0 0 -1.17042
327 333 0 0 0 0 -0.659629 0 -0 -0.659629
326 333 0 0 0 0 -2.07653e-29 -0.195024 0 -0.195024
332 333 0.042602 0 -1.33204 0 0 0 0 -1.28944
327 334 0 0 0 0 -0 -0.131432 0 -0.131432
326 334 0 0 0 0 -0.58535 0 -0 -0.58535
325 334 0 0 0 0 -0 -0.171571 0 -0.171571
333 334 6.6347e-05 0 -1.30587 0 0 0 0 -1.3058
326 335 0 0 0 0 -0 -0.160558 0 -0.160558
324 335 0 0 0 0 -5.45734e-30 -0.175015 0 -0.175015
325 335 0 0 0 0 -0.818721 0 -0 -0.818721
334 335 0.00089386 0 -0.652409 0 0 0 0 -0.651515
324 336 0 0 0 0 -0.670451 0 -0 -0.670451
323 336 0 0 0 0 -1.70868e-29 -0.103141 0 -0.103141
325 336 0 0 0 0 -0 -0.0959228 0 -0.0959228
335 336 0.260067 0 -1.32886 0 0 0 0 -1.0688
324 337 0 0 0 0 -0 -0.138202 0 -0.138202
323 337 0 0 0 0 -0.834529 0 -0 -0.834529
322 337 0 0 0 0 -8.54844e-18 -0.109835 0 -0.109835
336 337 0.00821228 0 -1.20773 0 0 0 0 -1.19951
323 338 0 0 0 0 0 -0.135866 0 -0.135866
322 338 0 0 0 0 0 -3.26569e-06 0 -3.26569e-06
321 338 0 0 0 0 -0 -0.0713616 0 -0.0713616
337 338 0.0149733 0 -1.14792 0 0 0 0 -1.13294
321 339 0 0 0 0 0 -0.0023908 0 -0.0023908
338 339 0.0157368 0 -1.22371 0 0 0 0 -1.20797
340 341 1.14952e-06 0 -1.22278 0 0 0 0 -1.22278
341 342 2.48115e-05 0 -1.39622 0 0 0 0 -1.3962
342 343 0.104695 0 -1.10325 0 0 0 0 -0.998556
343 344 0.0154758 0 -1.09427 0 0 0 0 -1.07879
344 345 0.722724 0 -1.30922 0 0 0 0 -0.586498
345 346 0.017311 0 -1.09511 0 0 0 0 -1.0778
346 347 0.258513 0 -1.1895 0 0 0 0 -0.93099
291 348 0 0 0 0 0 -0.00332503 -0 -0.00332503
290 348 0 0 0 0 -0 -0.135642 0 -0.135642
292 348 0 0 0 0 0 -0.127163 0 -0.127163
347 348 0.027556 0 0 0 0 0 0 0.027556
291 349 0 0 0 0 0 -0.0315639 0 -0.0315639
290 349 0 0 0 0 -0.755679 0 -0 -0.755679
289 349 0 0 0 0 0 -0.191697 0 -0.191697
348 349 0.00281725 0 -1.35463 0 0 0 0 -1.35182
290 350 0 0 0 0 0 -0.132434 0 -0.132434
289 350 0 0 0 0 -0.773634 0 -0 -0.773634
288 350 0 0 0 0 -3.10743e-29 -0.141829 0 -0.141829
349 350 0.080812 0 -1.28796 0 0 0 0 -1.20714
289 351 0 0 0 0 -0 -0.151292 0 -0.151292
288 351 0 0 0 0 -0.851817 0 -0 -0.851817
287 351 0 0 0 0 0 -0.18983 0 -0.18983
350 351 0.0366679 0 -1.24218 0 0 0 0 -1.20551
288 352 0 0 0 0 0 -0.138324 0 -0.138324
287 352 0 0 0 0 -0.843475 0 -0 -0.843475
286 352 0 0 0 0 -1.32545e-30 -0.125157 -0 -0.125157
351 352 0.00244231 0 -0.978755 0 0 0 0 -0.976313
287 353 0 0 0 0 -0 -0.128708 0 -0.128708
286 353 0 0 0 0 -0.711138 0 -0 -0.711138
285 353 0 0 0 0 -0 -0.133967 0 -0.133967
352 353 0.011655 0 -0.936866 0 0 0 0 -0.925211
286 354 0 0 0 0 -0 -0.126167 0 -0.126167
285 354 0 0 0 0 -0.724832 0 -0 -0.724832
284 354 0 0 0 0 -1.51517e-29 -0.1683 0 -0.1683
353 354 0.021247 0 -1.15614 0 0 0 0 -1.13489
283 355 0 0 0 0 -0 -0.113812 -0 -0.113812
285 355 0 0 0 0 -0 -0.108467 -0 -0.108467
284 355 0 0 0 0 -0.524258 0 -0 -0.524258
354 355 0.112306 0 -0.896545 0 0 0 0 -0.784238
283 356 0 0 0 0 -0.464393 0 -0 -0.464393
282 356 0 0 0 0 -1.14487e-29 -0.0295985 -0 -0.0295985
284 356 0 0 0 0 -0 -0.0947927 0 -0.0947927
355 356 2.16647e-05 0 -1.3527 0 0 0 0 -1.35268
283 357 0 0 0 0 -0 -0.115073 -0 -0.115073
282 357 0 0 0 0 -0.632673 0 -0 -0.632673
356 357 0.00124855 0 -1.23764 0 0 0 0 -1.23639
282 358 0 0 0 0 0 -0.122688 0 -0.122688
281 358 0 0 0 0 -0.813896 0 -0 -0.813896
280 358 0 0 0 0 0 -0.0559185 0 -0.0559185
357 358 0.00450847 0 -1.07242 0 0 0 0 -1.06791
281 359 0 0 0 0 0 -0.138978 0 -0.138978
280 359 0 0 0 0 0 -0.00069688 0 -0.00069688
358 359 0.0410509 0 -1.27432 0 0 0 0 -1.23327
360 361 0.0158721 0 0 0 0 0 0 0.0158721
361 362 0.00986981 0 -1.19939 0 0 0 0 -1.18952
362 363 0.000748119 0 -1.01394 0 0 0 0 -1.01319
363 364 0.0760397 0 -1.04875 0 0 0 0 -0.972707
364 365 0.00801054 0 -1.38958 0 0 0 0 -1.38157
365 366 0.00363242 0 -1.20658 0 0 0 0 -1.20295
366 367 0.0381511 0 -1.15954 0 0 0 0 -1.12139
367 368 0.0561156 0 -0.971588 0 0 0 0 -0.915472
368 369 0.000138905 0 -1.00453 0 0 0 0 -1.00439
369 370 0.0156133 0 -1.12336 0 0 0 0 -1.10774
370 371 0.0142312 0 -1.378 0 0 0 0 -1.36377
371 372 0.009618 0 -1.30632 0 0 0 0 -1.29671
369 373 0 0 0 0.00333004 0 -0 -0 0.00333004
372 373 0.0119823 0 0 0 0 0 0 0.0119823
369 374 0 0 0 0 0 -0.0683058 -0 -0.0683058
368 374 0 0 0 0 0 -0.0262012 -0 -0.0262012
367 374 0 0 0 0 -0 -0.151563 0 -0.151563
373 374 0.0120214 0 -1.18385 0 0 0 0 -1.17182
368 375 0 0 0 0 0 -0.122745 0 -0.122745
367 375 0 0 0 0 -0.784552 0 -0 -0.784552
366 375 0 0 0 0 -0 -0.159021 0 -0.159021
374 375 0.0151218 0 -1.33763 0 0 0 0 -1.32251
367 376 0 0 0 0 -0 -0.133859 0 -0.133859
366 376 0 0 0 0 -0.754049 0 -0 -0.754049
365 376 0 0 0 0 -4.34783e-29 -0.193772 0 -0.193772
375 376 0.155887 0 -1.26254 0 0 0 0 -1.10665
364 377 0 0 0 0 -0 -0.155382 0 -0.155382
366 377 0 0 0 0 -0 -0.125319 0 -0.125319
365 377 0 0 0 0 -0.822398 0 -0 -0.822398
376 377 0.00584436 0 -1.15887 0 0 0 0 -1.15302
363 378 0 0 0 0 0 -0.0185304 0 -0.0185304
365 378 0 0 0 0 0 -0.0691264 -0 -0.0691264
377 378 0.0369309 0 -0.98022 0 0 0 0 -0.943289
364 379 0 0 0 0 -0 -0.0125756 0 -0.0125756
363 379 0 0 0 0 -4.69743e-07 -0.00582657 0 -0.00582704
378 379 0.0449867 0 -1.25523 0 0 0 0 -1.21024
380 381 0.000714163 0 -1.15155 0 0 0 0 -1.15084
381 382 0.180979 0 -0.833981 0 0 0 0 -0.653002
382 383 0.00433055 0 -1.24332 0 0 0 0 -1.23899
383 384 0.137287 0 -1.28191 0 0 0 0 -1.14463
384 385 0.0302108 0 -1.33654 0 0 0 0 -1.30632
385 386 0.0405633 0 -1.02434 0 0 0 0 -0.983773
386 387 0.000866139 0 -1.06717 0 0 0 0 -1.06631
387 388 0.122659 0 -1.16776 0 0 0 0 -1.0451
388 389 0.0037094 0 -1.11331 0 0 0 0 -1.1096
389 390 0.00109807 0 -0 0 0 0 0 0.00109807
390 391 0.000492887 0 -1.09849 0 0 0 0 -1.09799
391 392 0.00414409 0 -1.1194 0 0 0 0 -1.11526
387 393 0 0 0 0 -0 -0.193865 0 -0.193865
389 393 0 0 0 0 0 -0.111407 -0 -0.111407
392 393 0.088024 0 -1.09254 0 0 0 0 -1.00452
388 394 0 0 0 0 0 -0.153998 0 -0.153998
387 394 0 0 0 0 -0.715292 0 -0 -0.715292
386 394 0 0 0 0 -9.34739e-34 -0.190525 0 -0.190525
393 394 0.118802 0 -1.24148 0 0 0 0 -1.12267
387 395 0 0 0 0 -0 -0.141293 0 -0.141293
386 395 0 0 0 0 -0.698895 0 -0 -0.698895
385 395 0 0 0 0 -0 -0.102146 -0 -0.102146
394 395 0.0273088 0 -1.17788 0 0 0 0 -1.15057
386 396 0 0 0 0 -0 -0.155403 0 -0.155403
385 396 0 0 0 0 -0.597525 0 -0 -0.597525
384 396 0 0 0 0 -2.22703e-30 -0.177155 0 -0.177155
395 396 2.36964e-05 0 -0.903348 0 0 0 0 -0.903324
385 397 0 0 0 0 -0 -0.140599 0 -0.140599
384 397 0 0 0 0 -0.655205 -2.53521e-17 -0 -0.655205
383 397 0 0 0 0 -0 -0.159444 0 -0.159444
396 397 1.43005e-05 0 -1.17947 0 0 0 0 -1.17946
384 398 0 0 0 0 0 -0.116452 0 -0.116452
382 398 0 0 0 0 0 -0.0191309 -0 -0.0191309
397 398 0.00949086 0 -1.38367 0 0 0 0 -1.37418
383 399 0 0 0 0 -0 -2.21476e-07 0 -2.21476e-07
382 399 0 0 0 0 -0 -8.1601e-05 -0 -8.1601e-05
398 399 0.0170665 0 -1.27428 0 0 0 0 -1.25722
346 400 0 0 0 0 0 -0.00146548 0 -0.00146548
347 401 0 0 0 0 0 -0.0389737 0 -0.0389737
346 401 0 0 0 0 0 -0.0026672 -0 -0.0026672
345 401 0 0 0 0 0 -0.0772731 0 -0.0772731
400 401 0.0874635 0 -1.41824 0 0 0 0 -1.33078
346 402 0 0 0 0 -0 -0.139285 0 -0.139285
345 402 0 0 0 0 -0.809711 0 -0 -0.809711
344 402 0 0 0 0 -1.57784e-29 -0.0844732 -0 -0.0844732
401 402 0.072426 0 -1.26264 0 0 0 0 -1.19022
345 403 0 0 0 0 -0 -0.140922 0 -0.140922
344 403 0 0 0 0 -0.730686 0 -0 -0.730686
343 403 0 0 0 0 -0 -0.104609 0 -0.104609
402 403 0.0130628 0 -1.13221 0 0 0 0 -1.11915
344 404 0 0 0 0 -0 -0.128917 -0 -0.128917
343 404 0 0 0 0 -0.617299 0 -0 -0.617299
342 404 0 0 0 0 -1.44585e-18 -0.139057 0 -0.139057
403 404 0.0348996 0 -1.05227 0 0 0 0 -1.01737
343 405 0 0 0 0 -0 -0.0668125 -0 -0.0668125
342 405 0 0 0 0 -0.895756 0 -0 -0.895756
341 405 0 0 0 0 0 -0.198094 0 -0.198094
404 405 0.00649042 0 -0.972166 0 0 0 0 -0.965675
342 406 0 0 0 0 -0 -0.108376 -0 -0.108376
405 406 0.0353252 0 -0.891288 0 0 0 0 -0.855962
159 407 0 0 0 0 0 0 -0.636449 -0.636449
406 407 0.00185372 0 0 0 0 0 0 0.00185372
407 408 0.0102795 0 -1.09037 0 0 0 0 -1.08009
408 409 0.0198158 0 -1.08586 0 0 0 0 -1.06605
409 410 0.0532867 0 -1.04839 0 0 0 0 -0.995098
410 411 0.047214 0 -1.24158 0 0 0 0 -1.19437
411 412 0.00610379 0 -1.21458 0 0 0 0 -1.20848
412 413 0.0494602 0 -1.11542 0 0 0 0 -1.06596
413 414 0.0018217 0 -1.01661 0 0 0 0 -1.01479
414 415 0.00570552 0 -1.19847 0 0 0 0 -1.19277
415 416 0.00265364 0 -1.10535 0 0 0 0 -1.10269
416 417 0.028275 0 -0.809274 0 0 0 0 -0.780999
417 418 0.0107098 0 -1.24619 0 0 0 0 -1.23549
418 419 0.00559267 0 -1.2217 0 0 0 0 -1.21611
238 420 0 0 0 0 -0 -0.100772 -0 -0.100772
239 420 0 0 0 0 -0.616159 0 -0 -0.616159
238 421 0 0 0 0 -0.750806 0 -0 -0.750806
237 421 0 0 0 0 0 -0.130601 0 -0.130601
239 421 0 0 0 0 -0 -0.187013 0 -0.187013
420 421 0.0511856 0 -1.28626 0 0 0 0 -1.23508
238 422 0 0 0 0 0 -0.144685 -0 -0.144685
237 422 0 0 0 0 -0.745674 0 -0 -0.745674
236 422 0 0 0 0 -2.97139e-27 -0.0777971 0 -0.0777971
421 422 0.0679294 0 -1.32001 0 0 0 0 -1.25208
237 423 0 0 0 0 -0 -0.093473 -0 -0.093473
236 423 0 0 0 0 -0.654171 0 -0 -0.654171
235 423 0 0 0 0 -0 -0.0928635 0 -0.0928635
422 423 0.0835671 0 -1.20611 0 0 0 0 -1.12254
234 424 0 0 0 0 -0 -0.0521749 0 -0.0521749
236 424 0 0 0 0 -0 -0.124184 -0 -0.124184
235 424 0 0 0 0 -0.61586 0 -0 -0.61586
423 424 0.155785 0 -1.38971 0 0 0 0 -1.23392
234 425 0 0 0 0 -0.59335 0 -0 -0.59335
235 425 0 0 0 0 -0 -0.0846571 0 -0.0846571
233 425 0 0 0 0 -1.86831e-17 -0.101126 0 -0.101126
424 425 0.313329 0 -1.14682 0 0 0 0 -0.833488
234 426 0 0 0 0 -0 -0.161704 -0 -0.161704
233 426 0 0 0 0 -0.836864 0 -0 -0.836864
232 426 0 0 0 0 -1.5961e-29 -0.167042 0 -0.167042
425 426 0.0331869 0 -1.0851 0 0 0 0 -1.05191
233 427 0 0 0 0 -0 -0.14264 0 -0.14264
232 427 0 0 0 0 -0.777073 0 -0 -0.777073
231 427 0 0 0 0 0 -0.0524183 0 -0.0524183
426 427 0.0294673 0 -0.981778 0 0 0 0 -0.95231
230 428 0 0 0 0 0 -0.0767619 0 -0.0767619
232 428 0 0 0 0 0 -0.159444 0 -0.159444
231 428 0 0 0 0 -0.620608 0 -0 -0.620608
427 428 0.0120802 0 -1.03582 0 0 0 0 -1.02374
230 429 0 0 0 0 0 -4.09622e-17 -0 -4.09622e-17
229 429 0 0 0 0 0 -0.0757216 0 -0.0757216
231 429 0 0 0 0 0 -0.0763902 -0 -0.0763902
428 429 0.139992 0 -1.35198 0 0 0 0 -1.21199
228 430 0 0 0 0 -0 -0.164974 0 -0.164974
230 430 0 0 0 0 0 -0.188671 0 -0.188671
229 430 0 0 0 0 -0.721758 0 -0 -0.721758
429 430 0.147826 0 -0.614394 0 0 0 0 -0.466568
228 431 0 0 0 0 0 -0.000317549 -0 -0.000317549
227 431 0 0 0 0 0 -0.00056543 -0 -0.00056543
229 431 0 0 0 0 0 -0.110988 -0 -0.110988
430 431 0.1249 0 -0.986419 0 0 0 0 -0.861519
431 432 0.000656587 0 0 0 0 0 0 0.000656587
432 433 0.0102008 0 -1.35732 0 0 0 0 -1.34712
433 434 0.00131086 0 -1.24572 0 0 0 0 -1.24441
434 435 0.133113 0 -1.28039 0 0 0 0 -1.14728
435 436 0.0228433 0 0 0 0 0 0 0.0228433
436 437 0.00691003 0 0 0 0 0 0 0.00691003
437 438 0.018703 0 -1.29028 0 0 0 0 -1.27158
438 439 0.029271 0 -1.0933 0 0 0 0 -1.06403
440 441 0.000767457 0 -1.11279 0 0 0 0 -1.11202
441 442 0.0131496 0 -1.19793 0 0 0 0 -1.18478
442 443 0.000377055 0 -1.08404 0 0 0 0 -1.08367
443 444 0.0116481 0 -1.25411 0 0 0 0 -1.24247
444 445 0.0636714 0 -0.766767 0 0 0 0 -0.703095
445 446 0.0538143 0 -1.29528 0 0 0 0 -1.24147
446 447 1.63926e-05 0 -1.02268 0 0 0 0 -1.02266
447 448 0.0334464 0 -0.844445 0 0 0 0 -0.810998
448 449 0.0680679 0 -0 0 0 0 0 0.0680679
449 450 0.00217851 0 -1.27298 0 0 0 0 -1.2708
448 451 0 0 0 0 -0 -0.0168454 -0 -0.0168454
447 451 0 0 0 0 0 -0.165244 0 -0.165244
450 451 0.0138879 0 -1.28483 0 0 0 0 -1.27094
448 452 0 0 0 0 0 -0.0932824 0 -0.0932824
447 452 0 0 0 0 -0.759089 0 -0 -0.759089
446 452 0 0 0 0 -0 -0.0591398 -0 -0.0591398
451 452 0.00306332 0 -1.16293 0 0 0 0 -1.15987
447 453 0 0 0 0 -0 -0.158349 0 -0.158349
446 453 0 0 0 0 -0.785742 0 -0 -0.785742
445 453 0 0 0 0 -4.06803e-33 -0.134431 0 -0.134431
452 453 0.00389022 0 -1.1373 0 0 0 0 -1.13341
446 454 0 0 0 0 -0 -0.17657 0 -0.17657
445 454 0 0 0 0 -0.731322 0 -0 -0.731322
444 454 0 0 0 0 -2.87078e-29 -0.102654 -0 -0.102654
453 454 0.00584401 0 -1.13162 0 0 0 0 -1.12578
445 455 0 0 0 0 -0 -0.150126 0 -0.150126
443 455 0 0 0 0 -3.91617e-31 -0.0894834 0 -0.0894834
444 455 0 0 0 0 -0.63272 0 -0 -0.63272
454 455 0.0381179 0 -1.07555 0 0 0 0 -1.03744
442 456 0 0 0 0 -0 -0.152873 0 -0.152873
443 456 0 0 0 0 -0.530362 0 -0 -0.530362
444 456 0 0 0 0 -0 -0.143742 0 -0.143742
455 456 0.00511859 0 -1.27664 0 0 0 0 -1.27152
442 457 0 0 0 0 -0.734528 0 -0 -0.734528
441 457 0 0 0 0 0 -0.0821226 -0 -0.0821226
443 457 0 0 0 0 -0 -0.117948 0 -0.117948
456 457 0.0300964 0 -1.2196 0 0 0 0 -1.1895
442 458 0 0 0 0 0 -0.18221 0 -0.18221
441 458 0 0 0 0 -0.821835 0 -0 -0.821835
440 458 0 0 0 0 -8.56024e-29 -0.105572 -0 -0.105572
457 458 0.0226534 0 -1.10001 0 0 0 0 -1.07735
441 459 0 0 0 0 -0 -0.140707 0 -0.140707
440 459 0 0 0 0 -0.753454 0 -0 -0.753454
458 459 0.261535 0 -1.27257 0 0 0 0 -1.01103
419 460 0 0 0 0 -0.589952 0 -0 -0.589952
418 460 0 0 0 0 -0 -0.13793 0 -0.13793
419 461 0 0 0 0 -0 -0.135466 -0 -0.135466
418 461 0 0 0 0 -0.761625 0 -0 -0.761625
417 461 0 0 0 0 0 -0.148799 0 -0.148799
460 461 0.00100695 0 -1.26318 0 0 0 0 -1.26218
416 462 0 0 0 0 -2.65164e-28 -0.07036 0 -0.07036
418 462 0 0 0 0 0 -0.148559 -0 -0.148559
417 462 0 0 0 0 -0.860852 0 -0 -0.860852
461 462 0.137125 0 -1.32716 0 0 0 0 -1.19003
416 463 0 0 0 0 -0.7365 0 -0 -0.7365
415 463 0 0 0 0 -6.3211e-17 -0.0994136 0 -0.0994136
417 463 0 0 0 0 -0 -0.108087 -0 -0.108087
462 463 0.00767171 0 -1.03283 0 0 0 0 -1.02515
416 464 0 0 0 0 -0 -0.209765 0 -0.209765
415 464 0 0 0 0 -0.710822 0 -0 -0.710822
414 464 0 0 0 0 -1.21597e-27 -0.113663 0 -0.113663
463 464 0.0191465 0 -1.12118 0 0 0 0 -1.10204
415 465 0 0 0 0 -0 -0.174997 0 -0.174997
414 465 0 0 0 0 -0.702857 0 -0 -0.702857
413 465 0 0 0 0 -0 -0.0250958 -0 -0.0250958
464 465 0.0430529 0 -1.30075 0 0 0 0 -1.25769
414 466 0 0 0 0 -0 -0.137101 -0 -0.137101
413 466 0 0 0 0 -0.683216 0 -0 -0.683216
412 466 0 0 0 0 -1.64873e-30 -0.0268823 -0 -0.0268823
465 466 0.00269083 0 -1.24299 0 0 0 0 -1.2403
413 467 0 0 0 0 -0 -0.121688 0 -0.121688
412 467 0 0 0 0 -0.745838 0 -0 -0.745838
411 467 0 0 0 0 0 -0.112301 -0 -0.112301
466 467 0.00104772 0 -1.15195 0 0 0 0 -1.1509
412 468 0 0 0 0 0 -0.12614 0 -0.12614
411 468 0 0 0 0 -0.726856 0 -0 -0.726856
410 468 0 0 0 0 0 -0.106192 -0 -0.106192
467 468 0.117723 0 -1.19394 0 0 0 0 -1.07622
411 469 0 0 0 0 0 -0.201757 0 -0.201757
409 469 0 0 0 0 0 -0.0011452 -0 -0.0011452
468 469 0.0995494 0 -1.12442 0 0 0 0 -1.02487
410 470 0 0 0 0 0 -0.0483682 0 -0.0483682
408 470 0 0 0 0 0 -0.141213 0 -0.141213
469 470 0.0865342 0 -0.668196 0 0 0 0 -0.581662
407 471 0 0 0 0 0 -0.180829 0 -0.180829
409 471 0 0 0 0 0 -0.000556589 -0 -0.000556589
408 471 0 0 0 0 -0.650321 0 -0 -0.650321
470 471 0.00188718 0 -1.30919 0 0 0 0 -1.3073
407 472 0 0 0 0 -0.710027 0 -0 -0.710027
159 472 0 0 0 0 -0 -0.127115 0 -0.127115
408 472 0 0 0 0 0 -0.0718599 -0 -0.0718599
471 472 0.0286361 0 -1.30079 0 0 0 0 -1.27215
407 473 0 0 0 0 -0 -0.148212 -0 -0.148212
159 473 0 0 0 0 -0.613579 0 -0 -0.613579
158 473 0 0 0 0 0 -0.0191766 0 -0.0191766
472 473 0.0037086 0 -1.26884 0 0 0 0 -1.26513
159 474 0 0 0 0 -0 -0.0472226 0 -0.0472226
157 474 0 0 0 0 -0 -0.0272408 -0 -0.0272408
473 474 0.000602556 0 -0.663504 0 0 0 0 -0.662901
158 475 0 0 0 0 0 -0.0795579 0 -0.0795579
157 475 0 0 0 0 -0.461209 0 -0 -0.461209
156 475 0 0 0 0 -0 -0.118131 0 -0.118131
474 475 0.244377 0 -1.12113 0 0 0 0 -0.876757
157 476 0 0 0 0 -0 -0.135809 0 -0.135809
156 476 0 0 0 0 -0.661194 0 -0 -0.661194
155 476 0 0 0 0 -0 -0.137977 0 -0.137977
475 476 0.00644966 0 -1.23172 0 0 0 0 -1.22527
156 477 0 0 0 0 -0 -0.156687 0 -0.156687
155 477 0 0 0 0 -0.511122 0 -0 -0.511122
154 477 0 0 0 0 -0 -0.146405 -0 -0.146405
476 477 0.00381815 0 -1.13478 0 0 0 0 -1.13096
155 478 0 0 0 0 0 -0.132808 -0 -0.132808
153 478 0 0 0 0 0 -0.0826467 -0 -0.0826467
477 478 0.202112 0 -1.40648 0 0 0 0 -1.20437
478 479 0.00425174 0 -1.06039 0 0 0 0 -1.05614
480 481 0.144246 0 -0.92899 0 0 0 0 -0.784744
481 482 0.0884249 0 -1.16641 0 0 0 0 -1.07799
482 483 0.00592851 0 -1.23458 0 0 0 0 -1.22866
483 484 0.0120467 0 -1.24795 0 0 0 0 -1.2359
484 485 0.102195 0 -1.26528 0 0 0 0 -1.16308
485 486 0.0722756 0 -1.1894 0 0 0 0 -1.11713
486 487 0.0266199 0 -1.1787 0 0 0 0 -1.15208
487 488 0.00378069 0 -1.1147 0 0 0 0 -1.11091
488 489 0.00864635 0 -1.23044 0 0 0 0 -1.22179
489 490 0.0513605 0 -1.31095 0 0 0 0 -1.25959
490 491 0.00137558 0 -1.26525 0 0 0 0 -1.26387
491 492 0.0253996 0 0 0 0 0 0 0.0253996
490 493 0 0 0 0 0 -0.126943 0 -0.126943
489 493 0 0 0 0 -0.610586 0 -0 -0.610586
488 493 0 0 0 0 0 -0.205615 0 -0.205615
492 493 0.0791412 0 0 0 0 0 0 0.0791412
489 494 0 0 0 0 -0 -0.0674744 0 -0.0674744
488 494 0 0 0 0 0 -1.42628e-05 -0 -1.42628e-05
487 494 0 0 0 0 -0 -0.131676 0 -0.131676
493 494 0.143225 0 -0.95214 0 0 0 0 -0.808916
488 495 0 0 0 0 0 -0.0285513 -0 -0.0285513
487 495 0 0 0 0 -0.879903 0 -0 -0.879903
486 495 0 0 0 0 -0 -0.138318 0 -0.138318
494 495 0.0652803 0 -1.13563 0 0 0 0 -1.07035
487 496 0 0 0 0 -0 -0.182567 0 -0.182567
486 496 0 0 0 0 -0.437541 0 -0 -0.437541
485 496 0 0 0 0 -1.71838e-30 -0.131814 0 -0.131814
495 496 0.134208 0 -1.35929 0 0 0 0 -1.22508
486 497 0 0 0 0 -0 -0.109734 -0 -0.109734
485 497 0 0 0 0 -0.450802 0 -0 -0.450802
484 497 0 0 0 0 -0 -0.147761 -0 -0.147761
496 497 0.00395979 0 -1.27079 0 0 0 0 -1.26683
483 498 0 0 0 0 0 -0.0108309 0 -0.0108309
485 498 0 0 0 0 0 -8.00879e-05 0 -8.00879e-05
484 498 0 0 0 0 0 -0.00932758 -0 -0.00932758
497 498 0.164422 0 -1.11611 0 0 0 0 -0.95169
483 499 0 0 0 0 0 -0.00208716 -0 -0.00208716
498 499 0.00227411 0 -1.19109 0 0 0 0 -1.18882
#Total energy per particle is  -1.20186 and should be -1.2018610
