#id1 id2 FENE BEXC STCK NEXC HB CRSTCK CXSTCK total, t = 800000
0 1 0.00979664 0 -0.804155 0 0 0 0 -0.794358
1 2 0.0283723 0 -1.10363 0 0 0 0 -1.07526
2 3 0.00274491 0 -0.857257 0 0 0 0 -0.854512
3 4 0.0550234 0 -1.36802 0 0 0 0 -1.313
4 5 3.03583e-08 0 -1.31094 0 0 0 0 -1.31094
5 6 0.0119884 0 -0.959621 0 0 0 0 -0.947632
6 7 0.00206695 0 -1.27109 0 0 0 0 -1.26903
7 8 0.0299959 0 -1.03798 0 0 0 0 -1.00798
8 9 0.321363 0 -0 0 0 0 0 0.321363
9 10 0.0116888 0 -0.899682 0 0 0 0 -0.887993
7 11 0 0 0 0 0 -0.138332 0 -0.138332
8 11 0 0 0 0 0 -0.000326836 -0 -0.000326836
10 11 0.000505584 0 -1.22702 0 0 0 0 -1.22651
6 12 0 0 0 0 0 -0.189542 0 -0.189542
8 12 0 0 0 0 0 -0.12405 0 -0.12405
11 12 0.00161655 0 -1.35055 0 0 0 0 -1.34893
7 13 0 0 0 0 0 -0.107977 0 -0.107977
6 13 0 0 0 0 -0.877314 0 -0 -0.877314
5 13 0 0 0 0 -0 -0.0850754 0 -0.0850754
12 13 0.0609996 0 -1.24093 0 0 0 0 -1.17993
6 14 0 0 0 0 -0 -0.137163 0 -0.137163
5 14 0 0 0 0 -0.523013 0 -0 -0.523013
4 14 0 0 0 0 0 -0.159903 -0 -0.159903
13 14 0.230116 0 -1.20589 0 0 0 0 -0.975772
5 15 0 0 0 0 0 -0.138104 -0 -0.138104
4 15 0 0 0 0 -0.725941 0 -0 -0.725941
3 15 0 0 0 0 0 -0.0839247 -0 -0.0839247
14 15 0.178809 0 -1.14042 0 0 0 0 -0.961614
12 16 0 0 0 0 0 -0.0195326 -0 -0.0195326
11 16 0 0 0 0 0 -0.0880059 0 -0.0880059
15 16 0.118572 0 0 0 0 0 0 0.118572
12 17 0 0 0 0 -0 -0.139041 0 -0.139041
11 17 0 0 0 0 -0.609967 0 -0 -0.609967
10 17 0 0 0 0 -0 -0.173832 0 -0.173832
16 17 0.180411 0 -1.08538 0 0 0 0 -0.904971
11 18 0 0 0 0 -0 -0.18967 0 -0.18967
10 18 0 0 0 0 -0.915136 0 -0 -0.915136
9 18 0 0 0 0 0 -0.152791 0 -0.152791
17 18 0.0126036 0 -0.98457 0 0 0 0 -0.971967
10 19 0 0 0 0 0 -0.0926424 -0 -0.0926424
9 19 0 0 0 0 -0.643587 0 -0 -0.643587
18 19 0.050676 0 -1.21985 0 0 0 0 -1.16917
20 21 0.00449216 0 -1.13918 0 0 0 0 -1.13468
21 22 0.00975838 0 -1.06424 0 0 0 0 -1.05448
22 23 0.00106857 0 -1.05431 0 0 0 0 -1.05324
23 24 0.164525 0 -1.10714 0 0 0 0 -0.942616
24 25 0.100387 0 -1.06228 0 0 0 0 -0.961891
25 26 0.0551366 0 -1.34659 0 0 0 0 -1.29145
26 27 0.0457842 0 -1.1602 0 0 0 0 -1.11442
27 28 0.0193028 0 -1.12496 0 0 0 0 -1.10566
28 29 9.23266e-05 0 -0 0 0 0 0 9.23266e-05
29 30 0.151146 0 -1.23117 0 0 0 0 -1.08003
27 31 0 0 0 0 0 -0.0914564 0 -0.0914564
30 31 6.34824e-06 0 -1.29545 0 0 0 0 -1.29544
28 32 0 0 0 0 0 -0.0822465 0 -0.0822465
26 32 0 0 0 0 0 -0.156233 0 -0.156233
31 32 0.0813012 0 -1.20781 0 0 0 0 -1.12651
27 33 0 0 0 0 0 -0.14271 0 -0.14271
26 33 0 0 0 0 -0.724134 0 -0 -0.724134
25 33 0 0 0 0 -0 -0.148415 0 -0.148415
32 33 0.00066901 0 -1.20272 0 0 0 0 -1.20205
26 34 0 0 0 0 -0 -0.165281 0 -0.165281
25 34 0 0 0 0 -0.614234 0 -0 -0.614234
24 34 0 0 0 0 0 -0.0856222 -0 -0.0856222
33 34 0.047851 0 -1.11686 0 0 0 0 -1.06901
25 35 0 0 0 0 0 -0.087058 0 -0.087058
24 35 0 0 0 0 -0.780781 0 -0 -0.780781
23 35 0 0 0 0 0 -0.080183 0 -0.080183
34 35 0.0355498 0 -1.13283 0 0 0 0 -1.09728
24 36 0 0 0 0 0 -0.164724 0 -0.164724
23 36 0 0 0 0 -0.649307 0 -0 -0.649307
22 36 0 0 0 0 0 -0.148066 0 -0.148066
35 36 0.0823526 0 -1.18151 0 0 0 0 -1.09916
23 37 0 0 0 0 0 -0.133118 -0 -0.133118
22 37 0 0 0 0 -0.878095 0 -0 -0.878095
21 37 0 0 0 0 -4.18154e-28 -0.149287 0 -0.149287
36 37 0.00248283 0 -1.21746 0 0 0 0 -1.21498
20 38 0 0 0 0 0 -0.161387 0 -0.161387
22 38 0 0 0 0 -0 -0.20813 0 -0.20813
21 38 0 0 0 0 -0.74073 0 -0 -0.74073
37 38 0.0532742 0 -1.25432 0 0 0 0 -1.20104
21 39 0 0 0 0 0 -0.102555 -0 -0.102555
38 39 0.00117543 0 -1.33985 0 0 0 0 -1.33867
40 41 0.0144032 0 -1.33888 0 0 0 0 -1.32448
41 42 0.0216736 0 -1.1489 0 0 0 0 -1.12723
42 43 0.0760003 0 -0.949274 0 0 0 0 -0.873274
43 44 0.000507713 0 -1.21186 0 0 0 0 -1.21135
44 45 0.00265282 0 -1.08943 0 0 0 0 -1.08678
45 46 0.15989 0 -1.14126 0 0 0 0 -0.981368
46 47 0.0010153 0 -0.958779 0 0 0 0 -0.957763
47 48 0.0197765 0 -1.09797 0 0 0 0 -1.07819
48 49 0.000555215 0 -0 0 0 0 0 0.000555215
48 50 0 0 0 0.00305051 0 -0 -0 0.00305051
49 50 0.0259084 0 -1.10917 0 0 0 0 -1.08327
47 51 0 0 0 0 0 -0.00373764 -0 -0.00373764
50 51 0.253918 0 -1.12023 0 0 0 0 -0.866307
48 52 0 0 0 0 0 -0.0157921 -0 -0.0157921
46 52 0 0 0 0 0 -0.182401 0 -0.182401
51 52 0.000355451 0 -1.39047 0 0 0 0 -1.39012
47 53 0 0 0 0 0 -0.118734 0 -0.118734
46 53 0 0 0 0 -0.82593 0 -0 -0.82593
45 53 0 0 0 0 -3.61018e-29 -0.196239 0 -0.196239
52 53 0.0146819 0 -1.29543 0 0 0 0 -1.28075
44 54 0 0 0 0 0 -0.142283 0 -0.142283
46 54 0 0 0 0 -0 -0.0847741 0 -0.0847741
45 54 0 0 0 0 -0.73858 0 -0 -0.73858
53 54 0.026432 0 -1.18414 0 0 0 0 -1.15771
44 55 0 0 0 0 -0.756185 0 -0 -0.756185
43 55 0 0 0 0 0 -0.0748605 0 -0.0748605
45 55 0 0 0 0 0 -0.141528 0 -0.141528
54 55 0.0860052 0 -1.19508 0 0 0 0 -1.10908
44 56 0 0 0 0 0 -0.135782 0 -0.135782
43 56 0 0 0 0 -0.535254 0 -0 -0.535254
42 56 0 0 0 0 0 -0.0944247 -0 -0.0944247
55 56 0.0145753 0 -1.02494 0 0 0 0 -1.01037
43 57 0 0 0 0 0 -0.0778207 0 -0.0778207
42 57 0 0 0 0 -0.638547 0 -0 -0.638547
41 57 0 0 0 0 -7.23348e-07 -0.0501793 -0 -0.05018
56 57 0.0357278 0 -1.19404 0 0 0 0 -1.15831
40 58 0 0 0 0 0 -0.105306 0 -0.105306
42 58 0 0 0 0 -0 -0.16187 0 -0.16187
41 58 0 0 0 0 -0.667478 0 -0 -0.667478
57 58 0.00162103 0 -1.25611 0 0 0 0 -1.25449
58 59 0.00354731 0 -0 0 0 0 0 0.00354731
60 61 0.0175208 0 -1.00966 0 0 0 0 -0.992135
61 62 0.0178746 0 -1.27357 0 0 0 0 -1.25569
62 63 0.00419778 0 -0.910321 0 0 0 0 -0.906124
63 64 0.0565879 0 -1.24219 0 0 0 0 -1.1856
64 65 0.0070467 0 -1.37958 0 0 0 0 -1.37254
65 66 0.00196056 0 -1.11763 0 0 0 0 -1.11567
66 67 0.0634807 0 -1.14303 0 0 0 0 -1.07955
67 68 0.00646456 0 -1.1661 0 0 0 0 -1.15964
68 69 0.00731244 0 -1.3008 0 0 0 0 -1.29349
69 70 0.0155335 0 -1.33347 0 0 0 0 -1.31793
70 71 0.0130056 0 -1.03106 0 0 0 0 -1.01805
71 72 0.0425747 0 -1.27004 0 0 0 0 -1.22746
72 73 0.0105166 0 0 0 0 0 0 0.0105166
73 74 0.303455 0 0 0 0 0 0 0.303455
74 75 0.0291196 0 -0.976972 0 0 0 0 -0.947853
71 76 0 0 0 0 0 -0.14658 0 -0.14658
75 76 0.00955353 0 -0.905268 0 0 0 0 -0.895715
72 77 0 0 0 0 -0 -0.065579 -0 -0.065579
71 77 0 0 0 0 -0.486243 0 -0 -0.486243
70 77 0 0 0 0 -0 -0.0917901 0 -0.0917901
76 77 0.0230432 0 -1.16197 0 0 0 0 -1.13893
71 78 0 0 0 0 -0 -0.136755 0 -0.136755
70 78 0 0 0 0 -0.466698 0 -0 -0.466698
69 78 0 0 0 0 0 -0.155372 0 -0.155372
77 78 0.0886387 0 -1.1024 0 0 0 0 -1.01376
68 79 0 0 0 0 0 -0.174842 0 -0.174842
70 79 0 0 0 0 0 -0.180518 0 -0.180518
69 79 0 0 0 0 -0.728112 0 -0 -0.728112
78 79 0.00458335 0 -1.08816 0 0 0 0 -1.08358
80 81 0.000420162 0 -1.34154 0 0 0 0 -1.34112
81 82 0.0658402 0 -1.10936 0 0 0 0 -1.04352
82 83 0.0207266 0 -1.34331 0 0 0 0 -1.32258
83 84 0.0168571 0 -1.2673 0 0 0 0 -1.25044
84 85 0.00356398 0 0 0 0 0 0 0.00356398
85 86 0.017349 0 -1.24981 0 0 0 0 -1.23246
86 87 0.0802958 0 -1.07562 0 0 0 0 -0.995324
87 88 0.000165495 0 -1.11767 0 0 0 0 -1.11751
88 89 0.0022853 0 -1.19946 0 0 0 0 -1.19717
89 90 0.00482997 0 -0.928385 0 0 0 0 -0.923555
90 91 0.00288632 0 -1.20248 0 0 0 0 -1.19959
91 92 0.0148886 0 -1.08792 0 0 0 0 -1.07303
92 93 0.0341783 0 0 0 0 0 0 0.0341783
93 94 0.0218351 0 0 0 0 0 0 0.0218351
94 95 0.00656197 0 -1.22355 0 0 0 0 -1.21699
92 96 0 0 0 0 0 -0.000277386 -0 -0.000277386
91 96 0 0 0 0 0 -0.110383 0 -0.110383
95 96 0.117428 0 -1.25214 0 0 0 0 -1.13472
92 97 0 0 0 0 -0 -0.133086 0 -0.133086
91 97 0 0 0 0 -0.814877 0 -0 -0.814877
90 97 0 0 0 0 -6.99544e-32 -0.158075 0 -0.158075
96 97 0.02919 0 -1.13496 0 0 0 0 -1.10577
89 98 0 0 0 0 0 -0.101037 0 -0.101037
91 98 0 0 0 0 -0 -0.124076 -0 -0.124076
90 98 0 0 0 0 -0.729694 0 -0 -0.729694
97 98 0.0133815 0 -1.21181 0 0 0 0 -1.19843
89 99 0 0 0 0 -0.519543 0 -0 -0.519543
90 99 0 0 0 0 0 -0.0714982 -0 -0.0714982
98 99 1.14523e-06 0 -1.24247 0 0 0 0 -1.24247
100 101 0.0613774 0 0 0 0 0 0 0.0613774
101 102 0.000328501 0 -0.901932 0 0 0 0 -0.901603
102 103 0.0030708 0 -1.13776 0 0 0 0 -1.13469
103 104 0.00964914 0 -0.852024 0 0 0 0 -0.842374
104 105 0.0109052 0 -1.35898 0 0 0 0 -1.34808
105 106 0.00249077 0 -0.939323 0 0 0 0 -0.936832
106 107 0.026803 0 -0 0 0 0 0 0.026803
107 108 0.0352623 0 0 0 0 0 0 0.0352623
108 109 0.040125 0 -1.32609 0 0 0 0 -1.28597
109 110 0.000224041 0 -1.29563 0 0 0 0 -1.29541
110 111 0.00139086 0 -1.35207 0 0 0 0 -1.35067
111 112 7.0284e-06 0 -1.25789 0 0 0 0 -1.25789
112 113 0.0175186 0 0 0 0 0 0 0.0175186
113 114 0.00104778 0 -0.00401187 0 0 0 0 -0.00296409
114 115 0.0086541 0 -1.34612 0 0 0 0 -1.33747
115 116 0.00242141 0 -1.31342 0 0 0 0 -1.311
116 117 0.136915 0 -1.07463 0 0 0 0 -0.937714
117 118 0.122344 0 -0.850564 0 0 0 0 -0.728221
118 119 0.00215715 0 0 0 0 0 0 0.00215715
120 121 0.0196056 0 -1.15834 0 0 0 0 -1.13874
121 122 0.0175075 0 -1.35877 0 0 0 0 -1.34126
122 123 0.0314244 0 -1.11231 0 0 0 0 -1.08089
123 124 0.143279 0 -0.79543 0 0 0 0 -0.652151
124 125 0.403463 0 0 0 0 0 0 0.403463
125 126 0.000510547 0 -0.962837 0 0 0 0 -0.962327
126 127 0.18561 0 -1.35917 0 0 0 0 -1.17356
127 128 0.133552 0 -1.12065 0 0 0 0 -0.987094
128 129 0.0274427 0 0 0 0 0 0 0.0274427
124 130 0 0 0 0 -0 -0.00651671 -0 -0.00651671
129 130 0.000674311 0 -1.18531 0 0 0 0 -1.18464
124 131 0 0 0 0 -0.708139 0 -0 -0.708139
123 131 0 0 0 0 0 -0.0272367 -0 -0.0272367
130 131 0.0164983 0 -1.02425 0 0 0 0 -1.00776
131 132 0.0274051 0 0 0 0 0 0 0.0274051
132 133 0.00566563 0 -1.34708 0 0 0 0 -1.34141
133 134 0.0485193 0 -0.575049 0 0 0 0 -0.52653
134 135 0.0303435 0 -1.20052 0 0 0 0 -1.17017
135 136 0.00206952 0 -0.90023 0 0 0 0 -0.898161
136 137 0.014731 0 -1.22315 0 0 0 0 -1.20842
137 138 0.0149404 0 -1.1735 0 0 0 0 -1.15856
138 139 0.00157906 0 -1.35006 0 0 0 0 -1.34849
140 141 0.00540351 0 0 0 0 0 0 0.00540351
141 142 0.00410233 0 -1.32106 0 0 0 0 -1.31696
142 143 2.45747e-06 0 -1.29815 0 0 0 0 -1.29814
143 144 0.00295447 0 -0 0 0 0 0 0.00295447
144 145 0.122515 0 -1.32452 0 0 0 0 -1.202
145 146 0.002333 0 -1.16028 0 0 0 0 -1.15795
146 147 0.00119221 0 -1.00909 0 0 0 0 -1.0079
147 148 0.0383857 0 -1.27519 0 0 0 0 -1.2368
148 149 0.0266044 0 -0.919263 0 0 0 0 -0.892658
149 150 0.030774 0 -1.039 0 0 0 0 -1.00823
150 151 0.0173072 0 -1.16487 0 0 0 0 -1.14756
151 152 0.0132093 0 -1.15578 0 0 0 0 -1.14258
152 153 0.0144716 0 -1.09891 0 0 0 0 -1.08444
153 154 0.028364 0 -1.05756 0 0 0 0 -1.02919
154 155 0.05015 0 -0.943961 0 0 0 0 -0.893811
155 156 0.000542821 0 -1.29391 0 0 0 0 -1.29337
156 157 0.0808315 0 -1.27992 0 0 0 0 -1.19909
157 158 0.14678 0 -1.06079 0 0 0 0 -0.914009
158 159 0.0118148 0 -0.702143 0 0 0 0 -0.690328
160 161 0.0251044 0 -1.2678 0 0 0 0 -1.24269
161 162 0.00336781 0 -1.38738 0 0 0 0 -1.38401
162 163 0.00012824 0 -1.1061 0 0 0 0 -1.10597
163 164 8.63963e-06 0 -1.11314 0 0 0 0 -1.11313
164 165 0.00153397 0 -1.13959 0 0 0 0 -1.13806
165 166 0.0181289 0 -1.08181 0 0 0 0 -1.06368
166 167 0.0340142 0 0 0 0 0 0 0.0340142
167 168 0.0666878 0 -1.21754 0 0 0 0 -1.15085
168 169 0.00412931 0 -1.23452 0 0 0 0 -1.23039
164 170 0 0 0 0 -0 -0.0909185 -0 -0.0909185
169 170 0.130504 0 -1.25368 0 0 0 0 -1.12317
165 171 0 0 0 0 0 -0.161089 0 -0.161089
164 171 0 0 0 0 -0.746737 0 -0 -0.746737
163 171 0 0 0 0 0 -0.140724 -0 -0.140724
170 171 0.118904 0 -1.19581 0 0 0 0 -1.0769
162 172 0 0 0 0 0 -0.109913 0 -0.109913
164 172 0 0 0 0 0 -0.178789 0 -0.178789
163 172 0 0 0 0 -0.729674 0 -0 -0.729674
171 172 0.0221807 0 -1.32185 0 0 0 0 -1.29967
162 173 0 0 0 0 0 -0.000231233 -0 -0.000231233
161 173 0 0 0 0 0 -0.03815 0 -0.03815
163 173 0 0 0 0 -0 -0.0074782 0 -0.0074782
172 173 0.0788703 0 -0.917404 0 0 0 0 -0.838534
173 174 0.0309524 0 -0.156929 0 0 0 0 -0.125977
174 175 0.103312 0 -1.14835 0 0 0 0 -1.04503
175 176 0.0156969 0 -1.2636 0 0 0 0 -1.2479
176 177 0.0923592 0 -1.17567 0 0 0 0 -1.08331
177 178 0.00352677 0 0 0 0 0 0 0.00352677
178 179 0.12191 0 -1.07131 0 0 0 0 -0.9494
180 181 0.0175577 0 -1.29842 0 0 0 0 -1.28086
181 182 0.00488223 0 -1.30046 0 0 0 0 -1.29558
182 183 0.121032 0 -1.3133 0 0 0 0 -1.19227
183 184 0.000978351 0 -0.64545 0 0 0 0 -0.644471
184 185 0.0293114 0 -1.33758 0 0 0 0 -1.30827
185 186 0.11807 0 -1.41012 0 0 0 0 -1.29205
186 187 0.0161043 0 -1.0838 0 0 0 0 -1.0677
187 188 0.0304349 0 -1.17795 0 0 0 0 -1.14752
188 189 0.11492 0 -1.08205 0 0 0 0 -0.967132
189 190 0.0163791 0 -1.048 0 0 0 0 -1.03163
190 191 0.0550487 0 -1.00603 0 0 0 0 -0.950983
191 192 0.0555535 0 -1.31573 0 0 0 0 -1.26018
192 193 0.00325903 0 -1.37709 0 0 0 0 -1.37383
193 194 0.0396196 0 -1.0904 0 0 0 0 -1.05078
194 195 0.0069135 0 -0.953444 0 0 0 0 -0.94653
195 196 0.0234125 0 -1.26739 0 0 0 0 -1.24397
196 197 0.0923231 0 -1.04124 0 0 0 0 -0.948918
197 198 0.0821754 0 -1.28457 0 0 0 0 -1.20239
198 199 0.186332 0 -1.32095 0 0 0 0 -1.13462
200 201 0.00335758 0 -0.876837 0 0 0 0 -0.87348
201 202 0.0972339 0 -1.23707 0 0 0 0 -1.13984
202 203 0.00981219 0 -1.23933 0 0 0 0 -1.22952
203 204 0.0226512 0 -1.02608 0 0 0 0 -1.00343
204 205 0.123583 0 -1.0163 0 0 0 0 -0.892714
205 206 0.274908 0 -1.07921 0 0 0 0 -0.804301
206 207 0.000614002 0 -1.28542 0 0 0 0 -1.28481
207 208 0.000852471 0 -1.04602 0 0 0 0 -1.04517
208 209 0.00319736 0 -1.15163 0 0 0 0 -1.14844
68 210 0 0 0 0 0 -0.00778981 -0 -0.00778981
67 210 0 0 0 0 0 -0.163477 0 -0.163477
69 210 0 0 0 0 0 -0.0287526 0 -0.0287526
209 210 0.0308497 0 0 0 0 0 0 0.0308497
68 211 0 0 0 0 -0 -0.00237831 0 -0.00237831
67 211 0 0 0 0 -0.698411 -9.4204e-21 -0 -0.698411
66 211 0 0 0 0 0 -0.105228 0 -0.105228
210 211 0.00132315 0 -1.05172 0 0 0 0 -1.0504
67 212 0 0 0 0 0 -0.166419 0 -0.166419
66 212 0 0 0 0 -0.572669 0 -0 -0.572669
65 212 0 0 0 0 -0 -2.63566e-05 -0 -2.63566e-05
211 212 0.000437765 0 -1.09493 0 0 0 0 -1.0945
66 213 0 0 0 0 -0 -0.148294 0 -0.148294
65 213 0 0 0 0 -0.661215 0 -0 -0.661215
64 213 0 0 0 0 0 -0.128823 -0 -0.128823
212 213 0.00512136 0 -1.05721 0 0 0 0 -1.05209
65 214 0 0 0 0 -0 -0.161026 0 -0.161026
63 214 0 0 0 0 0 -0.123039 0 -0.123039
213 214 7.40175e-06 0 -1.09114 0 0 0 0 -1.09113
64 215 0 0 0 0 0 -0.0344828 -0 -0.0344828
62 215 0 0 0 0 -3.8834e-28 -0.0704803 -0 -0.0704803
214 215 0.00180493 0 -1.0317 0 0 0 0 -1.02989
61 216 0 0 0 0 -2.39535e-29 -0.191418 0 -0.191418
63 216 0 0 0 0 0 -0.0228621 -0 -0.0228621
62 216 0 0 0 0 -0.813874 0 -0 -0.813874
215 216 0.0650826 0 -0.751028 0 0 0 0 -0.685945
61 217 0 0 0 0 -0.57099 0 -0 -0.57099
60 217 0 0 0 0 0 -0.153549 0 -0.153549
62 217 0 0 0 0 -0 -0.172548 0 -0.172548
216 217 0.00294728 0 -1.13836 0 0 0 0 -1.13541
61 218 0 0 0 0 0 -0.102985 -0 -0.102985
60 218 0 0 0 0 -0.691401 0 -0 -0.691401
217 218 0.0698661 0 -1.17124 0 0 0 0 -1.10137
60 219 0 0 0 0 -0 -0.191028 0 -0.191028
218 219 0.147374 0 -1.31248 0 0 0 0 -1.16511
138 221 0 0 0 0 -0 -0.0788654 -0 -0.0788654
139 221 0 0 0 0 0 -3.84106e-05 -0 -3.84106e-05
220 221 0.0242308 0 -1.3806 0 0 0 0 -1.35637
137 222 0 0 0 0 -0 -0.152858 -0 -0.152858
139 222 0 0 0 0 -0 -0.159787 0 -0.159787
221 222 0.00318923 0 -1.22402 0 0 0 0 -1.22083
138 223 0 0 0 0 0 -0.165814 0 -0.165814
137 223 0 0 0 0 -0.77569 0 -0 -0.77569
136 223 0 0 0 0 -4.92268e-29 -0.197854 0 -0.197854
222 223 0.00741645 0 -1.31608 0 0 0 0 -1.30867
137 224 0 0 0 0 -0 -0.144193 0 -0.144193
136 224 0 0 0 0 -0.746235 0 -0 -0.746235
135 224 0 0 0 0 -1.40303e-28 -0.092281 0 -0.092281
223 224 0.00371487 0 -1.24507 0 0 0 0 -1.24136
136 225 0 0 0 0 -0 -0.177693 0 -0.177693
135 225 0 0 0 0 -0.856744 0 -0 -0.856744
134 225 0 0 0 0 -1.53746e-28 -0.180092 0 -0.180092
224 225 0.106317 0 -1.24232 0 0 0 0 -1.136
135 226 0 0 0 0 -0 -0.107434 -0 -0.107434
134 226 0 0 0 0 -0.813449 0 -0 -0.813449
133 226 0 0 0 0 -5.44437e-30 -0.151125 0 -0.151125
225 226 0.111667 0 -0.892661 0 0 0 0 -0.780994
134 227 0 0 0 0 -0 -0.150286 0 -0.150286
133 227 0 0 0 0 -0.899672 0 -0 -0.899672
132 227 0 0 0 0 -0 -0.040693 0 -0.040693
226 227 0.00235125 0 -1.24041 0 0 0 0 -1.23805
133 228 0 0 0 0 0 -0.190331 0 -0.190331
132 228 0 0 0 0 0 -0.00196901 -0 -0.00196901
227 228 0.0693318 0 -1.37836 0 0 0 0 -1.30903
228 229 0.0139729 0 -1.07073 0 0 0 0 -1.05676
229 230 0.00062212 0 -1.13112 0 0 0 0 -1.1305
230 231 0.0252593 0 -1.0534 0 0 0 0 -1.02814
231 232 0.0510673 0 -1.08896 0 0 0 0 -1.0379
232 233 0.000345902 0 -1.30722 0 0 0 0 -1.30688
233 234 0.123102 0 -1.19679 0 0 0 0 -1.07369
234 235 0.0749483 0 -0.922486 0 0 0 0 -0.847538
235 236 0.0179495 0 -1.3206 0 0 0 0 -1.30266
236 237 0.038518 0 -1.12211 0 0 0 0 -1.0836
237 238 2.16108e-05 0 -1.19038 0 0 0 0 -1.19036
238 239 0.146523 0 -0.999155 0 0 0 0 -0.852633
187 240 0 0 0 0 0 -0.14696 0 -0.14696
189 240 0 0 0 0 0 -0.0890951 -0 -0.0890951
188 240 0 0 0 0 0 -1.6002e-05 -0 -1.6002e-05
187 241 0 0 0 0 -0.555139 0 -0 -0.555139
186 241 0 0 0 0 0 -0.0645454 0 -0.0645454
188 241 0 0 0 0 -0 -0.137681 0 -0.137681
240 241 0.00149106 0 -1.38651 0 0 0 0 -1.38502
185 242 0 0 0 0 -3.30197e-17 -0.0432903 0 -0.0432903
187 242 0 0 0 0 0 -0.0703912 0 -0.0703912
186 242 0 0 0 0 -0.5231 -7.38566e-10 -0 -0.5231
241 242 0.0196975 0 -0.80187 0 0 0 0 -0.782173
185 243 0 0 0 0 -0.679868 0 -0 -0.679868
184 243 0 0 0 0 0 -0.091504 0 -0.091504
186 243 0 0 0 0 -0 -0.0979908 0 -0.0979908
242 243 0.00142436 0 -1.10037 0 0 0 0 -1.09895
185 244 0 0 0 0 -0 -0.0289212 0 -0.0289212
183 244 0 0 0 0 0 -0.0374494 0 -0.0374494
243 244 0.000233544 0 -1.09063 0 0 0 0 -1.0904
184 245 0 0 0 0 0 -0.00892528 -0 -0.00892528
183 245 0 0 0 0 0 -0.00018652 -0 -0.00018652
182 245 0 0 0 0 -3.44087e-17 -0.0492145 0 -0.0492145
244 245 0.00873985 0 -1.10665 0 0 0 0 -1.09791
181 246 0 0 0 0 -1.46422e-28 -0.139475 0 -0.139475
183 246 0 0 0 0 0 -0.112433 0 -0.112433
182 246 0 0 0 0 -0.677522 0 -0 -0.677522
245 246 0.0147592 0 -0.871887 0 0 0 0 -0.857127
181 247 0 0 0 0 -0.580354 0 -0 -0.580354
180 247 0 0 0 0 0 -0.0908498 -0 -0.0908498
182 247 0 0 0 0 -0 -0.154594 -0 -0.154594
246 247 0.0284131 0 -1.25798 0 0 0 0 -1.22957
181 248 0 0 0 0 0 -0.184817 0 -0.184817
180 248 0 0 0 0 -0.791029 0 -0 -0.791029
247 248 0.0187663 0 -1.01216 0 0 0 0 -0.993393
180 249 0 0 0 0 -0 -0.151909 0 -0.151909
248 249 0.101839 0 -1.34049 0 0 0 0 -1.23865
249 250 0.000195883 0 -0.984481 0 0 0 0 -0.984285
250 251 0.0380564 0 -1.3246 0 0 0 0 -1.28654
251 252 0.0523241 0 -0.916687 0 0 0 0 -0.864363
252 253 0.0407746 0 -1.29747 0 0 0 0 -1.2567
253 254 0.138006 0 -0.81789 0 0 0 0 -0.679884
254 255 3.62051e-05 0 0 0 0 0 0 3.62051e-05
255 256 0.0835543 0 -1.22247 0 0 0 0 -1.13891
251 257 0 0 0 0 0 -0.000778272 -0 -0.000778272
250 257 0 0 0 0 0 -0.0296225 0 -0.0296225
256 257 0.163862 0 -1.17481 0 0 0 0 -1.01095
251 258 0 0 0 0 0 -0.132071 0 -0.132071
250 258 0 0 0 0 -0.761901 0 -0 -0.761901
249 258 0 0 0 0 0 -0.0492488 -0 -0.0492488
257 258 0.0671905 0 -1.03278 0 0 0 0 -0.965589
250 259 0 0 0 0 -0 -0.162007 0 -0.162007
248 259 0 0 0 0 0 -0.0435168 -0 -0.0435168
180 259 0 0 0 0 -0 -0 -0.408796 -0.408796
258 259 0.000350602 0 -1.4054 0 0 0 0 -1.40505
260 261 0.0477885 0 -1.31872 0 0 0 0 -1.27093
261 262 0.00779088 0 -0.504771 0 0 0 0 -0.49698
262 263 0.0132498 0 -1.18039 0 0 0 0 -1.16714
263 264 0.0103539 0 -1.2671 0 0 0 0 -1.25675
264 265 0.00190847 0 -1.06023 0 0 0 0 -1.05832
265 266 0.00258334 0 -1.16276 0 0 0 0 -1.16018
266 267 0.0826515 0 -1.10969 0 0 0 0 -1.02704
267 268 0.0939848 0 -0.912039 0 0 0 0 -0.818054
268 269 0.152452 0 -1.13589 0 0 0 0 -0.983438
269 270 0.0110836 0 -1.21063 0 0 0 0 -1.19955
270 271 0.0041691 0 -1.41727 0 0 0 0 -1.4131
271 272 0.00337587 0 -0.928472 0 0 0 0 -0.925096
272 273 0.2328 0 0 0 0 0 0 0.2328
273 274 0.0159922 0 -0.947197 0 0 0 0 -0.931205
274 275 0.00124567 0 -1.35665 0 0 0 0 -1.3554
275 276 0.0870827 0 -1.30911 0 0 0 0 -1.22202
276 277 0.000871873 0 0 0 0 0 0 0.000871873
277 278 0.0320042 0 -0.916874 0 0 0 0 -0.884869
278 279 0.000555913 0 -1.17974 0 0 0 0 -1.17919
280 281 0.241491 0 -1.24458 0 0 0 0 -1.00309
281 282 0.0002639 0 -1.11327 0 0 0 0 -1.11301
282 283 0.00615776 0 -1.06772 0 0 0 0 -1.06156
283 284 0.00400738 0 -1.19331 0 0 0 0 -1.18931
284 285 0.00542901 0 -1.22024 0 0 0 0 -1.21482
285 286 0.0193696 0 -0.974005 0 0 0 0 -0.954635
286 287 0.000848178 0 -1.25668 0 0 0 0 -1.25583
287 288 0.00879597 0 -1.14246 0 0 0 0 -1.13366
288 289 0.000164454 0 -1.05977 0 0 0 0 -1.0596
289 290 0.00545535 0 -1.25401 0 0 0 0 -1.24856
290 291 0.0841293 0 -1.29128 0 0 0 0 -1.20715
291 292 0.182051 0 -1.37816 0 0 0 0 -1.19611
198 293 0 0 0 0 0 -0.0144097 0 -0.0144097
292 293 0.124982 0 0 0 0 0 0 0.124982
196 294 0 0 0 0 -0 -0.0710282 0 -0.0710282
198 294 0 0 0 0 0 -0.13616 0 -0.13616
197 294 0 0 0 0 -0.590639 0 -0 -0.590639
293 294 0.0338888 0 -0.871301 0 0 0 0 -0.837412
196 295 0 0 0 0 -0.651012 0 -0 -0.651012
195 295 0 0 0 0 -0 -0.15781 0 -0.15781
197 295 0 0 0 0 -0 -0.124968 0 -0.124968
294 295 0.26792 0 -1.31813 0 0 0 0 -1.05021
196 296 0 0 0 0 -0 -0.183795 0 -0.183795
195 296 0 0 0 0 -0.628068 0 -0 -0.628068
194 296 0 0 0 0 -8.66194e-29 -0.168556 0 -0.168556
295 296 0.0711394 0 -1.17838 0 0 0 0 -1.10724
193 297 0 0 0 0 -0 -0.130447 -0 -0.130447
195 297 0 0 0 0 -0 -0.00525347 -0 -0.00525347
194 297 0 0 0 0 -0.858682 0 -0 -0.858682
296 297 0.0336957 0 -0.991183 0 0 0 0 -0.957487
192 298 0 0 0 0 0 -0.152488 0 -0.152488
194 298 0 0 0 0 0 -0.171082 0 -0.171082
297 298 0.0109212 0 -1.30255 0 0 0 0 -1.29162
193 299 0 0 0 0 0 -0.0876723 0 -0.0876723
192 299 0 0 0 0 0 -0.00112649 -0 -0.00112649
298 299 0.0279783 0 -1.34287 0 0 0 0 -1.31489
300 301 0.14481 0 -1.02414 0 0 0 0 -0.87933
301 302 0.00932102 0 -1.15911 0 0 0 0 -1.14979
302 303 0.0187878 0 -1.14903 0 0 0 0 -1.13024
303 304 9.33925e-05 0 -1.13099 0 0 0 0 -1.1309
304 305 0.025839 0 -1.20993 0 0 0 0 -1.18409
305 306 0.0896928 0 -1.19677 0 0 0 0 -1.10707
306 307 0.0251065 0 -1.21873 0 0 0 0 -1.19362
307 308 0.0192817 0 0 0 0 0 0 0.0192817
308 309 0.398717 0 -1.32058 0 0 0 0 -0.921861
307 310 0 0 0 0 0 -0.000842138 -0 -0.000842138
309 310 0.00260196 0 -1.27713 0 0 0 0 -1.27453
307 311 0 0 0 0.0464556 0 0 -0 0.0464556
306 311 0 0 0 0 0 -0.104092 -0 -0.104092
310 311 0.00528031 0 -1.31237 0 0 0 0 -1.30709
307 312 0 0 0 0 -0 -0.150521 -0 -0.150521
306 312 0 0 0 0 -0.484995 0 -0 -0.484995
305 312 0 0 0 0 -5.42776e-29 -0.136467 -0 -0.136467
311 312 0.000524023 0 -1.35831 0 0 0 0 -1.35779
306 313 0 0 0 0 -0 -0.0866648 0 -0.0866648
305 313 0 0 0 0 -0.803769 0 -0 -0.803769
304 313 0 0 0 0 -7.53583e-29 -0.177363 0 -0.177363
312 313 0.0795493 0 -1.07779 0 0 0 0 -0.998243
305 314 0 0 0 0 -0 -0.153802 0 -0.153802
304 314 0 0 0 0 -0.781949 0 -0 -0.781949
303 314 0 0 0 0 -0 -0.18048 0 -0.18048
313 314 0.148372 0 -1.25238 0 0 0 0 -1.10401
302 315 0 0 0 0 -0 -0.0398521 0 -0.0398521
304 315 0 0 0 0 -0 -0.151083 0 -0.151083
303 315 0 0 0 0 -0.423256 0 -0 -0.423256
314 315 0.076931 0 -1.29989 0 0 0 0 -1.22296
303 316 0 0 0 0 -0 -0.00141786 0 -0.00141786
315 316 0.000489049 0 -0 0 0 0 0 0.000489049
302 317 0 0 0 0 -0.349133 0 -0 -0.349133
303 317 0 0 0 0 -0 -0.126042 0 -0.126042
301 317 0 0 0 0 0 -0.203333 0 -0.203333
316 317 0.0148321 0 -1.21844 0 0 0 0 -1.20361
302 318 0 0 0 0 0 -0.189061 0 -0.189061
301 318 0 0 0 0 -0.676189 0 -0 -0.676189
300 318 0 0 0 0 0 -0.0611352 0 -0.0611352
317 318 0.00164436 0 -1.30899 0 0 0 0 -1.30734
301 319 0 0 0 0 0 -0.130684 0 -0.130684
318 319 0.00963754 0 -1.39154 0 0 0 0 -1.3819
320 321 0.08861 0 -1.20477 0 0 0 0 -1.11616
321 322 0.008853 0 -1.19261 0 0 0 0 -1.18376
322 323 0.0118991 0 -1.20097 0 0 0 0 -1.18907
323 324 0.0327236 0 -1.18547 0 0 0 0 -1.15275
324 325 0.0240459 0 -1.21696 0 0 0 0 -1.19292
325 326 0.00043366 0 -0.773479 0 0 0 0 -0.773045
326 327 0.0184557 0 -1.15725 0 0 0 0 -1.13879
327 328 0.018989 0 -1.31224 0 0 0 0 -1.29325
328 329 0.00797371 0 -1.28629 0 0 0 0 -1.27831
329 330 0.0289254 0 -1.36911 0 0 0 0 -1.34019
330 331 0.00725996 0 -1.2779 0 0 0 0 -1.27064
327 332 0 0 0 0 -0 -0.116976 -0 -0.116976
331 332 0.00138815 0 0 0 0 0 0 0.00138815
328 333 0 0 0 0 0 -0.125323 -0 -0.125323
327 333 0 0 0 0 -0.609295 0 -0 -0.609295
326 333 0 0 0 0 -1.68449e-30 -0.182824 0 -0.182824
332 333 0.0382712 0 -1.32359 0 0 0 0 -1.28532
325 334 0 0 0 0 -4.31255e-28 -0.107724 -0 -0.107724
327 334 0 0 0 0 -0 -0.183922 0 -0.183922
326 334 0 0 0 0 -0.866112 0 -0 -0.866112
333 334 0.12168 0 -1.15972 0 0 0 0 -1.03804
325 335 0 0 0 0 -0.736283 0 -0 -0.736283
326 335 0 0 0 0 -0 -0.192737 0 -0.192737
324 335 0 0 0 0 -3.67949e-29 -0.0973591 -0 -0.0973591
334 335 0.250655 0 -1.37725 0 0 0 0 -1.1266
325 336 0 0 0 0 -0 -0.163695 -0 -0.163695
324 336 0 0 0 0 -0.719396 0 -0 -0.719396
323 336 0 0 0 0 -9.96321e-29 -0.131099 0 -0.131099
335 336 0.013513 0 -1.26454 0 0 0 0 -1.25103
324 337 0 0 0 0 -0 -0.152055 -0 -0.152055
323 337 0 0 0 0 -0.895862 0 -0 -0.895862
322 337 0 0 0 0 -0 -0.200614 0 -0.200614
336 337 0.0286954 0 -0.807329 0 0 0 0 -0.778634
323 338 0 0 0 0 0 -0.0402358 0 -0.0402358
322 338 0 0 0 0 0 -0.0197481 -0 -0.0197481
337 338 0.00967705 0 -1.10445 0 0 0 0 -1.09477
338 339 0.0851574 0 -0.804752 0 0 0 0 -0.719594
340 341 0.0513422 0 -1.39647 0 0 0 0 -1.34513
341 342 0.111173 0 -1.32151 0 0 0 0 -1.21033
342 343 0.000596837 0 -1.28366 0 0 0 0 -1.28306
343 344 0.0500106 0 -1.18678 0 0 0 0 -1.13677
344 345 0.0013879 0 -1.21556 0 0 0 0 -1.21417
345 346 0.00280463 0 -1.3467 0 0 0 0 -1.34389
291 347 0 0 0 0 0 -0.135781 0 -0.135781
346 347 0.0111102 0 -0.978071 0 0 0 0 -0.966961
291 348 0 0 0 0 0 -0.00385857 -0 -0.00385857
290 348 0 0 0 0 -0 -0.0789628 0 -0.0789628
347 348 0.0271777 0 -1.19533 0 0 0 0 -1.16816
291 349 0 0 0 0 0 -0.145167 -0 -0.145167
290 349 0 0 0 0 -0.656089 0 -0 -0.656089
289 349 0 0 0 0 0 -0.159768 -0 -0.159768
348 349 1.41726e-05 0 -1.22396 0 0 0 0 -1.22395
290 350 0 0 0 0 0 -0.113336 -0 -0.113336
289 350 0 0 0 0 -0.692659 0 -0 -0.692659
288 350 0 0 0 0 -0 -0.162907 0 -0.162907
349 350 0.00644999 0 -1.22328 0 0 0 0 -1.21683
289 351 0 0 0 0 -0 -0.112936 -0 -0.112936
288 351 0 0 0 0 -0.787706 0 -0 -0.787706
287 351 0 0 0 0 0 -0.084383 0 -0.084383
350 351 0.00564242 0 -1.26839 0 0 0 0 -1.26275
288 352 0 0 0 0 0 -0.173481 0 -0.173481
287 352 0 0 0 0 -0.801707 0 -0 -0.801707
286 352 0 0 0 0 -1.40669e-30 -0.121305 -0 -0.121305
351 352 1.05552e-06 0 -1.15112 0 0 0 0 -1.15112
287 353 0 0 0 0 -0 -0.15439 -0 -0.15439
286 353 0 0 0 0 -0.766503 0 -0 -0.766503
285 353 0 0 0 0 -0 -0.0703446 -0 -0.0703446
352 353 0.0633463 0 -1.29225 0 0 0 0 -1.2289
286 354 0 0 0 0 -0 -0.159511 0 -0.159511
285 354 0 0 0 0 -0.77051 0 -0 -0.77051
284 354 0 0 0 0 -0 -0.0794078 -0 -0.0794078
353 354 0.00986139 0 -1.22308 0 0 0 0 -1.21322
285 355 0 0 0 0 -0 -0.18275 0 -0.18275
284 355 0 0 0 0 -0.797287 0 -0 -0.797287
283 355 0 0 0 0 -0 -0.13528 -0 -0.13528
354 355 0.113097 0 -1.20471 0 0 0 0 -1.09162
284 356 0 0 0 0 -0 -0.12917 0 -0.12917
283 356 0 0 0 0 -0.783375 0 -0 -0.783375
282 356 0 0 0 0 -6.31602e-29 -0.157999 0 -0.157999
355 356 0.00862922 0 -1.28949 0 0 0 0 -1.28087
283 357 0 0 0 0 -0 -0.153361 0 -0.153361
282 357 0 0 0 0 -0.84426 0 -0 -0.84426
281 357 0 0 0 0 0 -0.145675 0 -0.145675
356 357 0.00309816 0 -1.20009 0 0 0 0 -1.19699
280 358 0 0 0 0 0 -0.146024 -0 -0.146024
282 358 0 0 0 0 0 -0.15006 -0 -0.15006
281 358 0 0 0 0 -0.604437 0 -0 -0.604437
357 358 0.0937845 0 -1.05292 0 0 0 0 -0.959137
281 359 0 0 0 0 0 -0.141988 0 -0.141988
358 359 0.0171706 0 -1.33435 0 0 0 0 -1.31718
360 361 0.0797172 0 -1.19608 0 0 0 0 -1.11636
361 362 3.01274e-05 0 -0.871524 0 0 0 0 -0.871493
362 363 0.193377 0 -1.31814 0 0 0 0 -1.12476
363 364 0.000786122 0 -1.26693 0 0 0 0 -1.26614
364 365 0.216294 0 -1.18164 0 0 0 0 -0.965344
365 366 0.0157996 0 -0.766415 0 0 0 0 -0.750616
366 367 0.00081164 0 -1.20059 0 0 0 0 -1.19977
367 368 0.0013516 0 -1.37375 0 0 0 0 -1.3724
368 369 0.00554314 0 -0.524105 0 0 0 0 -0.518562
369 370 0.032255 0 -1.10802 0 0 0 0 -1.07576
370 371 0.147374 0 -1.25173 0 0 0 0 -1.10436
371 372 0.0666523 0 -0 0 0 0 0 0.0666523
369 373 0 0 0 0 0 -0.0081126 -0 -0.0081126
368 373 0 0 0 0 0 -0.0477935 0 -0.0477935
372 373 0.171208 0 0 0 0 0 0 0.171208
367 374 0 0 0 0 -1.02889e-29 -0.152999 0 -0.152999
373 374 1.18465e-05 0 -1.05031 0 0 0 0 -1.0503
368 375 0 0 0 0 0 -0.131387 -0 -0.131387
367 375 0 0 0 0 -0.560122 0 -0 -0.560122
366 375 0 0 0 0 -0 -0.115845 0 -0.115845
374 375 0.0354505 0 -1.2699 0 0 0 0 -1.23445
365 376 0 0 0 0 -0 -0.126849 0 -0.126849
367 376 0 0 0 0 -0 -0.151125 0 -0.151125
366 376 0 0 0 0 -0.807458 0 -0 -0.807458
375 376 0.0107454 0 -0.977401 0 0 0 0 -0.966656
365 377 0 0 0 0 -0.500764 0 -0 -0.500764
364 377 0 0 0 0 -0 -0.102862 0 -0.102862
366 377 0 0 0 0 -0 -0.138467 0 -0.138467
376 377 0.00285389 0 -1.41595 0 0 0 0 -1.4131
365 378 0 0 0 0 0 -0.0474397 0 -0.0474397
364 378 0 0 0 0 0 -0.000499016 -0 -0.000499016
363 378 0 0 0 0 0 -0.0903339 0 -0.0903339
377 378 0.000165802 0 -1.37609 0 0 0 0 -1.37593
378 379 0.0247885 0 -1.18114 0 0 0 0 -1.15635
380 381 0.164608 0 -1.10604 0 0 0 0 -0.941436
381 382 6.05102e-05 0 -0.945942 0 0 0 0 -0.945882
382 383 0.0241059 0 -1.23511 0 0 0 0 -1.211
383 384 0.0813609 0 -1.34894 0 0 0 0 -1.26757
384 385 0.00184108 0 -1.14305 0 0 0 0 -1.14121
385 386 0.0556589 0 -1.14446 0 0 0 0 -1.0888
386 387 0.051801 0 -1.22405 0 0 0 0 -1.17225
387 388 0.134051 0 -0.910394 0 0 0 0 -0.776343
388 389 0.197126 0 -1.0472 0 0 0 0 -0.850078
389 390 0.000225566 0 0 0 0 0 0 0.000225566
390 391 0.0718292 0 -0.947503 0 0 0 0 -0.875674
388 392 0 0 0 0 0 -0.000708211 0 -0.000708211
391 392 0.064078 0 -0.918719 0 0 0 0 -0.854641
387 393 0 0 0 0 -0 -0.0748509 0 -0.0748509
389 393 0 0 0 0 0 -0.0639138 -0 -0.0639138
392 393 0.122308 0 -1.16022 0 0 0 0 -1.03791
388 394 0 0 0 0 0 -0.082236 0 -0.082236
387 394 0 0 0 0 -0.753079 0 -0 -0.753079
386 394 0 0 0 0 -4.8562e-29 -0.098505 0 -0.098505
393 394 0.0233512 0 -1.33123 0 0 0 0 -1.30788
387 395 0 0 0 0 -0 -0.179417 0 -0.179417
386 395 0 0 0 0 -0.796707 0 -0 -0.796707
385 395 0 0 0 0 -0 -0.0695067 -0 -0.0695067
394 395 0.00142815 0 -1.21933 0 0 0 0 -1.2179
386 396 0 0 0 0 -0 -0.138919 0 -0.138919
385 396 0 0 0 0 -0.792841 0 -0 -0.792841
384 396 0 0 0 0 -6.89908e-33 -0.193721 0 -0.193721
395 396 0.0141383 0 -1.05135 0 0 0 0 -1.03721
385 397 0 0 0 0 -0 -0.146731 0 -0.146731
384 397 0 0 0 0 -0.841039 0 -0 -0.841039
383 397 0 0 0 0 -0 -0.133864 0 -0.133864
396 397 0.00606011 0 -1.17397 0 0 0 0 -1.16791
384 398 0 0 0 0 0 -0.171757 0 -0.171757
382 398 0 0 0 0 0 -0.0381818 0 -0.0381818
397 398 0.00437045 0 -1.09341 0 0 0 0 -1.08904
382 399 0 0 0 0 -0 -0.000473889 0 -0.000473889
398 399 0.123617 0 -1.01335 0 0 0 0 -0.889732
346 400 0 0 0 0 0 -0.0937791 0 -0.0937791
347 400 0 0 0 0 0 -1.08409e-05 -0 -1.08409e-05
345 401 0 0 0 0 0 -0.14282 -0 -0.14282
347 401 0 0 0 0 0 -0.127751 0 -0.127751
400 401 0.137276 0 -1.39929 0 0 0 0 -1.26202
346 402 0 0 0 0 -0 -0.167655 0 -0.167655
345 402 0 0 0 0 -0.76732 0 -0 -0.76732
344 402 0 0 0 0 -1.63566e-30 -0.127528 0 -0.127528
401 402 8.32359e-05 0 -1.31682 0 0 0 0 -1.31673
345 403 0 0 0 0 -0 -0.207952 0 -0.207952
344 403 0 0 0 0 -0.847767 0 -0 -0.847767
343 403 0 0 0 0 -1.52953e-27 -0.0823409 0 -0.0823409
402 403 0.0247881 0 -0.998875 0 0 0 0 -0.974087
344 404 0 0 0 0 -0 -0.184283 0 -0.184283
343 404 0 0 0 0 -0.7008 0 -0 -0.7008
342 404 0 0 0 0 -4.05364e-29 -0.183342 0 -0.183342
403 404 0.0300448 0 -1.05687 0 0 0 0 -1.02683
343 405 0 0 0 0 -0 -0.144353 0 -0.144353
342 405 0 0 0 0 -0.621956 -2.72997e-17 -0 -0.621956
341 405 0 0 0 0 0 -0.174069 0 -0.174069
404 405 0.00670415 0 -1.10833 0 0 0 0 -1.10163
159 406 0 0 0 0 0 -0 -0.259788 -0.259788
405 406 0.0274664 0 0 0 0 0 0 0.0274664
406 407 0.0187857 0 -1.26709 0 0 0 0 -1.24831
407 408 0.000367416 0 -0.90748 0 0 0 0 -0.907113
408 409 0.000333525 0 -1.15261 0 0 0 0 -1.15227
409 410 0.00589583 0 -1.01581 0 0 0 0 -1.00992
410 411 0.0119715 0 -1.13378 0 0 0 0 -1.1218
411 412 0.0301187 0 -1.29213 0 0 0 0 -1.26201
412 413 0.123152 0 -1.16724 0 0 0 0 -1.04409
413 414 0.142537 0 -0.820968 0 0 0 0 -0.678431
414 415 0.11152 0 -1.27023 0 0 0 0 -1.15871
415 416 0.0936881 0 -1.24258 0 0 0 0 -1.14889
416 417 0.00356936 0 -1.27445 0 0 0 0 -1.27088
417 418 0.00501271 0 -1.02555 0 0 0 0 -1.02054
418 419 0.0285059 0 -1.02891 0 0 0 0 -1.00041
239 420 0 0 0 0 -0.095812 0 -0 -0.095812
238 420 0 0 0 0 -0 -0.0166729 0 -0.0166729
239 421 0 0 0 0 -0 -0.0739631 0 -0.0739631
238 421 0 0 0 0 -0.826726 0 -0 -0.826726
237 421 0 0 0 0 0 -0.170837 0 -0.170837
420 421 0.00241535 0 -1.14866 0 0 0 0 -1.14625
238 422 0 0 0 0 0 -0.117505 0 -0.117505
237 422 0 0 0 0 -0.584957 0 -0 -0.584957
236 422 0 0 0 0 -0 -0.0474524 -0 -0.0474524
421 422 0.00878452 0 -1.26232 0 0 0 0 -1.25354
237 423 0 0 0 0 -0 -0.190788 0 -0.190788
236 423 0 0 0 0 -0.806887 0 -0 -0.806887
235 423 0 0 0 0 -0 -0.168509 0 -0.168509
422 423 0.00808061 0 -0.847194 0 0 0 0 -0.839113
236 424 0 0 0 0 -0 -0.165968 0 -0.165968
235 424 0 0 0 0 -0.750892 0 -0 -0.750892
234 424 0 0 0 0 -3.82394e-31 -0.104153 -0 -0.104153
423 424 0.00129435 0 -0.979169 0 0 0 0 -0.977874
235 425 0 0 0 0 -0 -0.147833 0 -0.147833
234 425 0 0 0 0 -0.413305 0 -0 -0.413305
233 425 0 0 0 0 -0 -0.0639073 -0 -0.0639073
424 425 0.0920641 0 -1.28202 0 0 0 0 -1.18996
234 426 0 0 0 0 -0 -0.127865 0 -0.127865
233 426 0 0 0 0 -0.724996 0 -0 -0.724996
232 426 0 0 0 0 -0 -0.132673 0 -0.132673
425 426 0.000235394 0 -0.992982 0 0 0 0 -0.992746
231 427 0 0 0 0 0 -0.0759768 -0 -0.0759768
233 427 0 0 0 0 -0 -0.122113 -0 -0.122113
232 427 0 0 0 0 -0.765188 0 -0 -0.765188
426 427 0.0451597 0 -1.00212 0 0 0 0 -0.956964
230 428 0 0 0 0 0 -0.155162 0 -0.155162
231 428 0 0 0 0 -0.839821 0 -0 -0.839821
232 428 0 0 0 0 0 -0.0684689 0 -0.0684689
427 428 0.0386083 0 -1.27188 0 0 0 0 -1.23327
229 429 0 0 0 0 0 -0.124725 0 -0.124725
231 429 0 0 0 0 0 -0.0927411 -0 -0.0927411
428 429 0.00190026 0 -1.10268 0 0 0 0 -1.10078
230 430 0 0 0 0 0 -0.127593 -0 -0.127593
229 430 0 0 0 0 -0.576311 0 -0 -0.576311
228 430 0 0 0 0 -0 -0.00584836 0 -0.00584836
429 430 0.0946173 0 -1.32725 0 0 0 0 -1.23263
229 431 0 0 0 0 0 -0.102766 0 -0.102766
228 431 0 0 0 0 0 -0.0426851 0 -0.0426851
430 431 0.0524707 0 -1.2622 0 0 0 0 -1.20973
131 432 0 0 0 0 0 0 -0.588047 -0.588047
124 432 0 0 0 0 0 -0.0134539 -0 -0.0134539
122 432 0 0 0 0 -0 -0.0666045 -0 -0.0666045
431 432 0.194309 0 0 0 0 0 0 0.194309
121 433 0 0 0 0 -0 -0.123825 0 -0.123825
123 433 0 0 0 0 0 -0.017403 -0 -0.017403
122 433 0 0 0 0 -0.32745 0 -0 -0.32745
432 433 0.0274984 0 -1.34157 0 0 0 0 -1.31407
121 434 0 0 0 0 -0.465928 0 -0 -0.465928
120 434 0 0 0 0 0 -0.0388984 0 -0.0388984
122 434 0 0 0 0 -0 -0.0829102 -0 -0.0829102
433 434 0.146686 0 -1.28998 0 0 0 0 -1.14329
121 435 0 0 0 0 -0 -0.110155 0 -0.110155
120 435 0 0 0 0 0 -0.0252719 -0 -0.0252719
434 435 0.0157567 0 -1.21342 0 0 0 0 -1.19766
435 436 0.137323 0 -1.32493 0 0 0 0 -1.18761
436 437 0.0236568 0 -1.39024 0 0 0 0 -1.36659
437 438 0.0289761 0 -1.36784 0 0 0 0 -1.33886
438 439 0.000963513 0 0 0 0 0 0 0.000963513
440 441 0.00418162 0 -1.1358 0 0 0 0 -1.13162
441 442 0.0187146 0 -0.953434 0 0 0 0 -0.93472
442 443 8.42728e-05 0 -1.3143 0 0 0 0 -1.31422
443 444 0.0199467 0 -1.10192 0 0 0 0 -1.08197
444 445 0.00323961 0 -0.808075 0 0 0 0 -0.804835
445 446 0.00570468 0 -1.14127 0 0 0 0 -1.13556
446 447 0.0038897 0 -1.0049 0 0 0 0 -1.00101
447 448 0.0203755 0 -0.818781 0 0 0 0 -0.798406
448 449 0.0662051 0 -0 0 0 0 0 0.0662051
449 450 0.0258028 0 -1.25744 0 0 0 0 -1.23164
448 451 0 0 0 0 -0.113676 0 -0 -0.113676
447 451 0 0 0 0 0 -0.132115 0 -0.132115
450 451 0.0266674 0 -0.710883 0 0 0 0 -0.684216
448 452 0 0 0 0 0 -0.0568227 0 -0.0568227
447 452 0 0 0 0 -0.70078 0 -0 -0.70078
446 452 0 0 0 0 -1.00717e-28 -0.153212 0 -0.153212
451 452 0.0197688 0 -1.34623 0 0 0 0 -1.32646
447 453 0 0 0 0 -0 -0.0727828 0 -0.0727828
446 453 0 0 0 0 -0.56551 0 -0 -0.56551
445 453 0 0 0 0 -0 -0.158309 0 -0.158309
452 453 0.000677929 0 -0.933142 0 0 0 0 -0.932464
446 454 0 0 0 0 -0 -0.0402886 -0 -0.0402886
445 454 0 0 0 0 -0.533491 0 -0 -0.533491
444 454 0 0 0 0 -0 -0.17464 0 -0.17464
453 454 0.0592598 0 -1.1064 0 0 0 0 -1.04714
445 455 0 0 0 0 -0 -0.0268923 -0 -0.0268923
444 455 0 0 0 0 -0.663233 0 -0 -0.663233
443 455 0 0 0 0 -0 -0.084873 -0 -0.084873
454 455 0.0304167 0 -1.31514 0 0 0 0 -1.28472
442 456 0 0 0 0 -1.12257e-29 -0.0840473 -0 -0.0840473
444 456 0 0 0 0 -0 -0.146334 0 -0.146334
443 456 0 0 0 0 -0.769056 0 -0 -0.769056
455 456 0.0597742 0 -1.09109 0 0 0 0 -1.03131
442 457 0 0 0 0 -0.64625 0 -0 -0.64625
441 457 0 0 0 0 0 -0.140024 -0 -0.140024
443 457 0 0 0 0 -0 -0.132619 0 -0.132619
456 457 0.160015 0 -1.22201 0 0 0 0 -1.06199
440 458 0 0 0 0 -0 -0.167978 -0 -0.167978
442 458 0 0 0 0 0 -0.157086 0 -0.157086
441 458 0 0 0 0 -0.689534 0 -0 -0.689534
457 458 0.00126723 0 -1.36264 0 0 0 0 -1.36137
441 459 0 0 0 0 -0 -0.12981 0 -0.12981
458 459 0.0921571 0 -1.15339 0 0 0 0 -1.06123
418 460 0 0 0 0 -1.18136e-29 -0.192617 0 -0.192617
419 460 0 0 0 0 -0.662984 0 -0 -0.662984
418 461 0 0 0 0 -0.901034 0 -0 -0.901034
417 461 0 0 0 0 0 -0.180471 0 -0.180471
419 461 0 0 0 0 -0 -0.147879 0 -0.147879
460 461 0.00586225 0 -1.18558 0 0 0 0 -1.17972
418 462 0 0 0 0 0 -0.187677 0 -0.187677
417 462 0 0 0 0 -0.856839 0 -0 -0.856839
416 462 0 0 0 0 -0 -0.128463 -0 -0.128463
461 462 0.00593994 0 -1.19427 0 0 0 0 -1.18833
417 463 0 0 0 0 -0 -0.14907 0 -0.14907
416 463 0 0 0 0 -0.580025 0 -0 -0.580025
415 463 0 0 0 0 -0 -0.0840794 -0 -0.0840794
462 463 0.0984945 0 -1.15374 0 0 0 0 -1.05525
416 464 0 0 0 0 -0 -0.0920446 0 -0.0920446
415 464 0 0 0 0 -0.79942 0 -0 -0.79942
414 464 0 0 0 0 -6.17847e-29 -0.150731 0 -0.150731
463 464 0.00834671 0 -0.840538 0 0 0 0 -0.832192
415 465 0 0 0 0 -0 -0.127398 0 -0.127398
414 465 0 0 0 0 -0.853073 0 -0 -0.853073
413 465 0 0 0 0 -4.7279e-30 -0.158206 0 -0.158206
464 465 0.0292538 0 -0.938882 0 0 0 0 -0.909629
412 466 0 0 0 0 -0 -0.0429332 0 -0.0429332
414 466 0 0 0 0 -0 -0.0964141 0 -0.0964141
413 466 0 0 0 0 -0.584839 -1.2187e-18 -0 -0.584839
465 466 0.20029 0 -1.18187 0 0 0 0 -0.981582
412 467 0 0 0 0 -0.606939 0 -0 -0.606939
411 467 0 0 0 0 0 -0.135943 0 -0.135943
413 467 0 0 0 0 -0 -0.0833413 -0 -0.0833413
466 467 0.0294983 0 -1.27169 0 0 0 0 -1.24219
412 468 0 0 0 0 0 -0.0971792 -0 -0.0971792
411 468 0 0 0 0 -0.618409 0 -0 -0.618409
410 468 0 0 0 0 0 -0.123802 -0 -0.123802
467 468 0.064892 0 -1.02716 0 0 0 0 -0.96227
411 469 0 0 0 0 0 -0.132193 0 -0.132193
409 469 0 0 0 0 0 -0.15903 0 -0.15903
468 469 0.0164252 0 -0.972907 0 0 0 0 -0.956482
410 470 0 0 0 0 0 -0.18703 0 -0.18703
408 470 0 0 0 0 0 -0.098783 0 -0.098783
469 470 0.0153376 0 -1.40912 0 0 0 0 -1.39378
409 471 0 0 0 0 0 -0.190747 0 -0.190747
408 471 0 0 0 0 -0.777486 0 -0 -0.777486
407 471 0 0 0 0 0 -0.171725 0 -0.171725
470 471 0.0267291 0 -1.15405 0 0 0 0 -1.12732
408 472 0 0 0 0 0 -0.110868 0 -0.110868
407 472 0 0 0 0 -0.711216 0 -0 -0.711216
406 472 0 0 0 0 -0 -0.188509 0 -0.188509
471 472 0.0131268 0 -1.02503 0 0 0 0 -1.0119
407 473 0 0 0 0 -0 -0.150805 0 -0.150805
406 473 0 0 0 0 -0.866551 0 -0 -0.866551
159 473 0 0 0 0 -0 -0.115306 -0 -0.115306
472 473 0.0138622 0 -1.33031 0 0 0 0 -1.31645
157 474 0 0 0 0 -0 -0.00407108 0 -0.00407108
158 474 0 0 0 0 0 -0.00292175 -0 -0.00292175
406 474 0 0 0 0 -0 -0.00169727 0 -0.00169727
159 474 0 0 0 0 -0.699755 0 -0 -0.699755
473 474 0.0779998 0 -0.624085 0 0 0 0 -0.546085
157 475 0 0 0 0 -0.689767 0 -0 -0.689767
156 475 0 0 0 0 -6.34288e-29 -0.142275 0 -0.142275
158 475 0 0 0 0 0 -0.0257743 0 -0.0257743
474 475 0.000173032 0 -1.23172 0 0 0 0 -1.23155
157 476 0 0 0 0 -0 -0.118717 -0 -0.118717
156 476 0 0 0 0 -0.781953 0 -0 -0.781953
155 476 0 0 0 0 -0 -0.0999736 0 -0.0999736
475 476 0.0076637 0 -1.20913 0 0 0 0 -1.20147
156 477 0 0 0 0 -0 -0.151545 -0 -0.151545
155 477 0 0 0 0 -0.527575 0 -0 -0.527575
154 477 0 0 0 0 -0 -0.0461017 -0 -0.0461017
476 477 0.0929109 0 -1.31722 0 0 0 0 -1.22431
153 478 0 0 0 0 0 -0.0696885 0 -0.0696885
477 478 0.0170113 0 -0.740109 0 0 0 0 -0.723097
154 479 0 0 0 0 0 -0.0206439 0 -0.0206439
153 479 0 0 0 0 0 -0.000715423 0 -0.000715423
478 479 0.0267703 0 -1.28363 0 0 0 0 -1.25686
480 481 0.0624262 0 0 0 0 0 0 0.0624262
481 482 0.0567195 0 -0 0 0 0 0 0.0567195
482 483 0.000196542 0 -1.42132 0 0 0 0 -1.42113
483 484 0.101275 0 0 0 0 0 0 0.101275
484 485 0.00770957 0 -1.2598 0 0 0 0 -1.25209
485 486 0.113149 0 -1.20484 0 0 0 0 -1.09169
486 487 0.0250989 0 -1.20593 0 0 0 0 -1.18083
487 488 0.0201093 0 -1.14754 0 0 0 0 -1.12743
488 489 0.0266497 0 -1.09713 0 0 0 0 -1.07048
489 490 0.00688917 0 -1.19923 0 0 0 0 -1.19234
490 491 0.0030249 0 -1.33506 0 0 0 0 -1.33203
491 492 0.00895182 0 -1.30288 0 0 0 0 -1.29393
488 493 0 0 0 0 0 -0.0690914 -0 -0.0690914
492 493 0.0317281 0 0 0 0 0 0 0.0317281
489 494 0 0 0 0 -0 -0.163181 0 -0.163181
487 494 0 0 0 0 -0 -0.124747 0 -0.124747
493 494 0.0385806 0 -1.14673 0 0 0 0 -1.10815
488 495 0 0 0 0 0 -0.142149 -0 -0.142149
487 495 0 0 0 0 -0.685999 0 -0 -0.685999
486 495 0 0 0 0 -2.25214e-28 -0.0818961 0 -0.0818961
494 495 0.0477953 0 -1.38004 0 0 0 0 -1.33225
487 496 0 0 0 0 -0 -0.179637 0 -0.179637
486 496 0 0 0 0 -0.65902 0 -0 -0.65902
485 496 0 0 0 0 -0 -0.167996 0 -0.167996
495 496 0.00347634 0 -0.998131 0 0 0 0 -0.994654
486 497 0 0 0 0 -0 -0.142233 0 -0.142233
485 497 0 0 0 0 -0.321909 0 -0 -0.321909
484 497 0 0 0 0 -0 -0.0659276 0 -0.0659276
496 497 0.0784848 0 -1.2969 0 0 0 0 -1.21842
485 498 0 0 0 0 0 -0.0999001 0 -0.0999001
497 498 0.00162608 0 -1.18405 0 0 0 0 -1.18243
498 499 0.00971038 0 -1.18498 0 0 0 0 -1.17527
#Total energy per particle is  -1.196 and should be -1.19610
