#id1 id2 FENE BEXC STCK NEXC HB CRSTCK CXSTCK total, t = 200000
0 1 0.104392 0 -1.23671 0 0 0 0 -1.13232
1 2 0.00132712 0 -1.05705 0 0 0 0 -1.05572
2 3 0.00871861 0 -1.29721 0 0 0 0 -1.28849
3 4 0.0105756 0 -1.28444 0 0 0 0 -1.27387
4 5 0.000631237 0 0 0 0 0 0 0.000631237
5 6 0.00334677 0 -1.27568 0 0 0 0 -1.27234
6 7 0.0212925 0 -1.16477 0 0 0 0 -1.14348
7 8 0.0422162 0 -1.13681 0 0 0 0 -1.09459
8 9 0.0067006 0 -1.33394 0 0 0 0 -1.32724
9 10 0.0379083 0 -1.31724 0 0 0 0 -1.27933
10 11 0.000244822 0 -1.17093 0 0 0 0 -1.17069
11 12 0.0193486 0 -1.39529 0 0 0 0 -1.37594
12 13 0.0230291 0 -1.24822 0 0 0 0 -1.22519
13 14 0.445117 0 -0.912729 0 0 0 0 -0.467611
14 15 0.104784 0 -0 0 0 0 0 0.104784
11 16 0 0 0 0 0 -0.15734 -0 -0.15734
15 16 0.00368439 0 0 0 0 0 0 0.00368439
12 17 0 0 0 0 -0 -0.178661 0 -0.178661
11 17 0 0 0 0 -0.799128 0 -0 -0.799128
10 17 0 0 0 0 -4.64873e-30 -0.201931 0 -0.201931
16 17 0.000450657 0 -1.29223 0 0 0 0 -1.29178
11 18 0 0 0 0 -0 -0.150754 0 -0.150754
10 18 0 0 0 0 -0.759313 0 -0 -0.759313
9 18 0 0 0 0 0 -0.165958 -0 -0.165958
17 18 0.00173903 0 -0.956599 0 0 0 0 -0.95486
8 19 0 0 0 0 0 -0.0945088 -0 -0.0945088
10 19 0 0 0 0 0 -0.164547 0 -0.164547
9 19 0 0 0 0 -0.633165 0 -0 -0.633165
18 19 0.017365 0 -1.26072 0 0 0 0 -1.24335
20 21 0.137272 0 -1.23827 0 0 0 0 -1.101
21 22 0.0460213 0 -0.952576 0 0 0 0 -0.906555
22 23 0.00822811 0 -1.17707 0 0 0 0 -1.16884
23 24 0.0078475 0 -1.16465 0 0 0 0 -1.1568
24 25 0.0536112 0 -1.07325 0 0 0 0 -1.01964
25 26 0.0372429 0 -1.36036 0 0 0 0 -1.32312
26 27 0.0737746 0 -1.31286 0 0 0 0 -1.23908
27 28 0.00865491 0 -1.21332 0 0 0 0 -1.20467
28 29 0.0259275 0 -1.19837 0 0 0 0 -1.17245
29 30 0.0709256 0 -0.0859006 0 0 0 0 -0.014975
30 31 0.00131071 0 -1.07203 0 0 0 0 -1.07072
31 32 0.0260423 0 -0.796742 0 0 0 0 -0.7707
32 33 0.0357271 0 -1.32029 0 0 0 0 -1.28456
33 34 0.0809103 0 -1.13707 0 0 0 0 -1.05616
34 35 0.00147251 0 -0.941015 0 0 0 0 -0.939543
35 36 0.00421477 0 0 0 0 0 0 0.00421477
33 37 0 0 0 0 0 -0.0498279 0 -0.0498279
32 37 0 0 0 0 -0.737211 0 -0 -0.737211
31 37 0 0 0 0 -0 -0.123112 0 -0.123112
36 37 0.0764859 0 0 0 0 0 0 0.0764859
32 38 0 0 0 0 -0 -0.185271 0 -0.185271
31 38 0 0 0 0 -0.748691 0 -0 -0.748691
30 38 0 0 0 0 -1.0009e-17 -0.127306 0 -0.127306
37 38 0.00349946 0 -1.25133 0 0 0 0 -1.24783
31 39 0 0 0 0 0 -0.0619971 0 -0.0619971
30 39 0 0 0 0 0 -0.0203683 -0 -0.0203683
38 39 0.0584953 0 -1.19132 0 0 0 0 -1.13283
40 41 0.11463 0 -1.25395 0 0 0 0 -1.13932
41 42 0.092033 0 -1.29878 0 0 0 0 -1.20674
42 43 0.0696064 0 -1.06557 0 0 0 0 -0.995969
43 44 0.00860862 0 -1.19804 0 0 0 0 -1.18943
44 45 0.00356255 0 -1.22561 0 0 0 0 -1.22205
45 46 0.00130039 0 -1.20478 0 0 0 0 -1.20348
46 47 0.0969017 0 -1.20558 0 0 0 0 -1.10868
47 48 0.0138891 0 -1.13141 0 0 0 0 -1.11752
48 49 0.0191552 0 -1.27138 0 0 0 0 -1.25223
49 50 0.0105661 0 -1.31141 0 0 0 0 -1.30085
47 51 0 0 0 0 0 -0.000338975 -0 -0.000338975
50 51 0.177109 0 0 0 0 0 0 0.177109
47 52 0 0 0 0 0 -0.0369722 -0 -0.0369722
46 52 0 0 0 0 0 -0.0826893 0 -0.0826893
51 52 0.000275456 0 -1.12138 0 0 0 0 -1.1211
47 53 0 0 0 0 0 -0.0769994 0 -0.0769994
46 53 0 0 0 0 -0.709552 0 -0 -0.709552
45 53 0 0 0 0 -0 -0.139113 -0 -0.139113
52 53 0.00280319 0 -0.609482 0 0 0 0 -0.606679
46 54 0 0 0 0 -0 -0.18766 0 -0.18766
45 54 0 0 0 0 -0.703811 0 -0 -0.703811
44 54 0 0 0 0 0 -0.120543 0 -0.120543
53 54 0.0524578 0 -0.93982 0 0 0 0 -0.887363
43 55 0 0 0 0 0 -0.143159 0 -0.143159
45 55 0 0 0 0 0 -0.124552 -0 -0.124552
44 55 0 0 0 0 -0.701025 0 -0 -0.701025
54 55 0.0189596 0 -0.924615 0 0 0 0 -0.905656
43 56 0 0 0 0 -0.777764 0 -0 -0.777764
42 56 0 0 0 0 0 -0.175413 0 -0.175413
44 56 0 0 0 0 0 -0.12819 0 -0.12819
55 56 0.000974864 0 -1.04557 0 0 0 0 -1.0446
43 57 0 0 0 0 0 -0.132307 0 -0.132307
42 57 0 0 0 0 -0.872375 0 -0 -0.872375
41 57 0 0 0 0 -0 -0.139895 0 -0.139895
56 57 0.00102137 0 -1.24948 0 0 0 0 -1.24846
40 58 0 0 0 0 0 -0.103577 0 -0.103577
42 58 0 0 0 0 -0 -0.139117 0 -0.139117
41 58 0 0 0 0 -0.551396 0 -0 -0.551396
57 58 0.000389309 0 -0.994392 0 0 0 0 -0.994002
40 59 0 0 0 0 0 -0.00100734 -0 -0.00100734
41 59 0 0 0 0 0 -0.111031 0 -0.111031
58 59 0.000260942 0 -1.0455 0 0 0 0 -1.04523
60 61 0.00375353 0 -1.00746 0 0 0 0 -1.0037
61 62 0.0139864 0 -1.10091 0 0 0 0 -1.08692
62 63 0.0683655 0 -1.33317 0 0 0 0 -1.2648
63 64 0.0837828 0 -1.26865 0 0 0 0 -1.18487
64 65 0.0477479 0 -1.27118 0 0 0 0 -1.22344
65 66 0.0835687 0 -1.15552 0 0 0 0 -1.07195
66 67 0.0180358 0 -1.13082 0 0 0 0 -1.11279
67 68 0.0456596 0 0 0 0 0 0 0.0456596
68 69 7.56956e-06 0 -1.24965 0 0 0 0 -1.24964
69 70 0.0141693 0 -0.873384 0 0 0 0 -0.859215
70 71 0.0615969 0 -1.24025 0 0 0 0 -1.17866
71 72 0.0243123 0 -1.33748 0 0 0 0 -1.31317
72 73 0.133326 0 -1.02306 0 0 0 0 -0.889735
73 74 0.011245 0 -1.20914 0 0 0 0 -1.1979
74 75 0.23766 0 -1.32183 0 0 0 0 -1.08417
72 76 0 0 0 0 0 -0.000582576 -0 -0.000582576
71 76 0 0 0 0 0 -0.164112 0 -0.164112
75 76 0.00137681 0 0 0 0 0 0 0.00137681
72 77 0 0 0 0 -0 -0.165817 0 -0.165817
71 77 0 0 0 0 -0.750205 0 -0 -0.750205
70 77 0 0 0 0 -1.295e-32 -0.17371 0 -0.17371
76 77 0.0275311 0 -0.754616 0 0 0 0 -0.727085
71 78 0 0 0 0 -0 -0.182134 0 -0.182134
70 78 0 0 0 0 -0.669 0 -0 -0.669
69 78 0 0 0 0 0 -0.132549 0 -0.132549
77 78 0.00488674 0 -1.33488 0 0 0 0 -1.33
70 79 0 0 0 0 0 -0.184314 0 -0.184314
69 79 0 0 0 0 -0.819454 0 -0 -0.819454
68 79 0 0 0 0 0 -0.163536 0 -0.163536
78 79 0.0252164 0 -1.19183 0 0 0 0 -1.16661
80 81 0.0116825 0 -1.10779 0 0 0 0 -1.09611
81 82 0.00393263 0 -1.15917 0 0 0 0 -1.15523
82 83 0.000229681 0 -1.3138 0 0 0 0 -1.31357
83 84 0.0387364 0 -1.13225 0 0 0 0 -1.09351
84 85 0.52821 0 -1.04353 0 0 0 0 -0.515318
85 86 0.46318 0 -1.21444 0 0 0 0 -0.751263
86 87 0.0187695 0 -1.10479 0 0 0 0 -1.08603
87 88 0.0106935 0 -1.34948 0 0 0 0 -1.33878
88 89 0.0653538 0 -1.09989 0 0 0 0 -1.03453
89 90 0.00889265 0 -1.32684 0 0 0 0 -1.31795
90 91 0.00106699 0 -1.04117 0 0 0 0 -1.0401
91 92 0.00882033 0 -1.19904 0 0 0 0 -1.19022
92 93 0.105889 0 -1.08392 0 0 0 0 -0.978033
93 94 0.022673 0 -1.19425 0 0 0 0 -1.17158
94 95 0.210511 0 -1.22953 0 0 0 0 -1.01902
91 96 0 0 0 0 0 -0.171054 0 -0.171054
93 96 0 0 0 0 -0 -0.00315652 -0 -0.00315652
95 96 0.00877452 0 0 0 0 0 0 0.00877452
91 97 0 0 0 0 -0.457307 0 -0 -0.457307
90 97 0 0 0 0 -1.86281e-29 -0.11737 0 -0.11737
92 97 0 0 0 0 -0 -0.179265 0 -0.179265
96 97 0.0779373 0 -1.25734 0 0 0 0 -1.17941
91 98 0 0 0 0 -0 -0.0598554 -0 -0.0598554
90 98 0 0 0 0 -0.68165 0 -0 -0.68165
89 98 0 0 0 0 0 -0.136859 0 -0.136859
97 98 0.0218717 0 -0.803079 0 0 0 0 -0.781208
90 99 0 0 0 0 0 -0.140936 0 -0.140936
89 99 0 0 0 0 -0.757576 0 -0 -0.757576
88 99 0 0 0 0 0 -0.149265 0 -0.149265
98 99 0.016032 0 -1.09805 0 0 0 0 -1.08202
100 101 0.00412252 0 -1.14793 0 0 0 0 -1.14381
101 102 0.0320616 0 -1.01225 0 0 0 0 -0.980191
102 103 0.0157254 0 -1.2576 0 0 0 0 -1.24188
103 104 0.00913325 0 0 0 0 0 0 0.00913325
104 105 0.00455891 0 0 0 0 0 0 0.00455891
105 106 0.0595706 0 -1.05509 0 0 0 0 -0.995516
106 107 1.8703e-06 0 -0.686047 0 0 0 0 -0.686045
107 108 1.40604e-05 0 -1.3155 0 0 0 0 -1.31548
108 109 0.0622176 0 -0.742404 0 0 0 0 -0.680186
109 110 0.207795 0 -1.35832 0 0 0 0 -1.15052
110 111 0.0746292 0 -1.12258 0 0 0 0 -1.04795
111 112 0.0058574 0 -1.11465 0 0 0 0 -1.10879
112 113 0.135183 0 -1.33019 0 0 0 0 -1.19501
113 114 2.40957e-05 0 -1.35905 0 0 0 0 -1.35903
114 115 0.358318 0 -1.20517 0 0 0 0 -0.846856
115 116 0.000130334 0 -1.32271 0 0 0 0 -1.32258
116 117 0.00033028 0 -1.0188 0 0 0 0 -1.01847
117 118 0.0311116 0 -1.21896 0 0 0 0 -1.18785
118 119 0.00796527 0 -1.24205 0 0 0 0 -1.23408
120 121 0.0179608 0 -0.813129 0 0 0 0 -0.795168
121 122 0.0161418 0 -1.33152 0 0 0 0 -1.31537
122 123 0.000976594 0 -1.08069 0 0 0 0 -1.07971
123 124 0.00829255 0 0 0 0 0 0 0.00829255
124 125 8.81857e-05 0 -0 0 0 0 0 8.81857e-05
125 126 0.0159449 0 0 0 0 0 0 0.0159449
126 127 0.0661294 0 0 0 0 0 0 0.0661294
127 128 0.104169 0 -1.19087 0 0 0 0 -1.0867
128 129 0.0266106 0 -1.2588 0 0 0 0 -1.23219
129 130 0.00247718 0 -1.18898 0 0 0 0 -1.1865
130 131 0.00669214 0 -0.894448 0 0 0 0 -0.887756
131 132 0.00204505 0 -1.23886 0 0 0 0 -1.23681
132 133 0.0883414 0 -1.24071 0 0 0 0 -1.15237
133 134 0.00775177 0 -1.17019 0 0 0 0 -1.16243
134 135 0.0966065 0 -1.26613 0 0 0 0 -1.16952
135 136 0.0284406 0 -1.34665 0 0 0 0 -1.31821
136 137 0.0183617 0 -1.05501 0 0 0 0 -1.03665
137 138 0.000685002 0 -1.33506 0 0 0 0 -1.33438
138 139 0.100346 0 -1.26423 0 0 0 0 -1.16388
140 141 0.000794642 0 -1.38504 0 0 0 0 -1.38424
141 142 0.0185286 0 -1.03897 0 0 0 0 -1.02044
142 143 0.0110569 0 0 0 0 0 0 0.0110569
143 144 0.000997536 0 -1.19741 0 0 0 0 -1.19641
144 145 0.0948453 0 -1.36946 0 0 0 0 -1.27461
145 146 0.0557078 0 -1.26458 0 0 0 0 -1.20887
146 147 0.0988421 0 0 0 0 0 0 0.0988421
147 148 0.00468294 0 -1.2396 0 0 0 0 -1.23492
148 149 0.173384 0 0 0 0 0 0 0.173384
149 150 0.0883133 0 -1.13478 0 0 0 0 -1.04647
150 151 0.033398 0 -1.03336 0 0 0 0 -0.999966
151 152 0.110861 0 -1.23274 0 0 0 0 -1.12188
152 153 0.106142 0 -1.33985 0 0 0 0 -1.2337
153 154 0.0876437 0 -0.920402 0 0 0 0 -0.832759
154 155 6.9847e-05 0 -1.30649 0 0 0 0 -1.30642
155 156 0.0556719 0 -0.856035 0 0 0 0 -0.800364
156 157 0.00504733 0 -1.20512 0 0 0 0 -1.20007
157 158 3.11409e-05 0 -1.13051 0 0 0 0 -1.13048
158 159 0.00101178 0 0 0 0 0 0 0.00101178
160 161 0.0680814 0 -1.19445 0 0 0 0 -1.12637
161 162 0.168537 0 -1.18766 0 0 0 0 -1.01913
162 163 0.0786047 0 -1.15799 0 0 0 0 -1.07939
163 164 0.00861997 0 -1.02677 0 0 0 0 -1.01815
164 165 0.0445574 0 -1.34052 0 0 0 0 -1.29597
165 166 0.0230411 0 -1.33786 0 0 0 0 -1.31482
166 167 0.0422565 0 -1.12834 0 0 0 0 -1.08608
167 168 2.4228e-05 0 -1.35358 0 0 0 0 -1.35356
168 169 0.00560364 0 0 0 0 0 0 0.00560364
169 170 0.0881984 0 -1.00065 0 0 0 0 -0.912448
170 171 0.00202512 0 -0 0 0 0 0 0.00202512
171 172 0.00628773 0 -1.30195 0 0 0 0 -1.29566
169 173 0 0 0 0 -0 -0.111126 -0 -0.111126
172 173 0.0803009 0 -1.00913 0 0 0 0 -0.928828
169 174 0 0 0 0 -0.2575 0 -0 -0.2575
170 174 0 0 0 0 0 -0.103106 0 -0.103106
173 174 0.00465502 0 -1.41121 0 0 0 0 -1.40655
169 175 0 0 0 0 -0 -0.189708 0 -0.189708
174 175 0.0434011 0 -1.24526 0 0 0 0 -1.20186
175 176 0.00216516 0 0 0 0 0 0 0.00216516
176 177 0.0897437 0 -1.12585 0 0 0 0 -1.03611
177 178 0.0107912 0 -1.20297 0 0 0 0 -1.19218
178 179 0.00750315 0 -1.37395 0 0 0 0 -1.36644
180 181 0.0228108 0 -1.25924 0 0 0 0 -1.23642
181 182 0.0420144 0 -1.15184 0 0 0 0 -1.10983
182 183 0.0485471 0 -0.266652 0 0 0 0 -0.218105
183 184 0.00747784 0 -1.34311 0 0 0 0 -1.33564
184 185 0.0285396 0 -1.22376 0 0 0 0 -1.19523
185 186 0.00515248 0 -1.12687 0 0 0 0 -1.12172
186 187 8.851e-06 0 -1.02339 0 0 0 0 -1.02339
187 188 1.23977e-05 0 -1.27308 0 0 0 0 -1.27306
188 189 0.102017 0 -1.15932 0 0 0 0 -1.05731
189 190 0.000837623 0 -0.860261 0 0 0 0 -0.859423
190 191 0.034177 0 -1.23084 0 0 0 0 -1.19666
191 192 0.00161285 0 -1.17002 0 0 0 0 -1.1684
192 193 0.109965 0 -1.264 0 0 0 0 -1.15403
193 194 0.0177436 0 -0.901305 0 0 0 0 -0.883562
194 195 0.100016 0 -1.12187 0 0 0 0 -1.02185
195 196 0.0735537 0 -1.32144 0 0 0 0 -1.24789
196 197 0.0819564 0 -1.03776 0 0 0 0 -0.9558
197 198 0.0223179 0 -0.951271 0 0 0 0 -0.928953
198 199 0.0469709 0 -1.0834 0 0 0 0 -1.03643
200 201 0.0428155 0 -0.867372 0 0 0 0 -0.824556
201 202 0.0114286 0 -1.10686 0 0 0 0 -1.09543
202 203 0.0246663 0 -1.28728 0 0 0 0 -1.26261
203 204 0.0486401 0 -1.25617 0 0 0 0 -1.20753
204 205 0.0417151 0 0 0 0 0 0 0.0417151
205 206 0.000782857 0 -1.31274 0 0 0 0 -1.31196
206 207 0.044657 0 -0.985515 0 0 0 0 -0.940858
207 208 0.0781085 0 -1.34986 0 0 0 0 -1.27176
208 209 0.101983 0 -1.13591 0 0 0 0 -1.03393
67 210 0 0 0 0 0 -0.173728 0 -0.173728
209 210 0.101649 0 -1.10769 0 0 0 0 -1.00604
66 211 0 0 0 0 0 -0.179551 0 -0.179551
67 211 0 0 0 0 -0.849739 0 -0 -0.849739
210 211 0.00502945 0 -1.37176 0 0 0 0 -1.36673
66 212 0 0 0 0 -0.662745 0 -0 -0.662745
65 212 0 0 0 0 -0 -0.16113 0 -0.16113
67 212 0 0 0 0 0 -0.129137 0 -0.129137
211 212 0.035199 0 -1.18601 0 0 0 0 -1.15081
66 213 0 0 0 0 -0 -0.134613 0 -0.134613
65 213 0 0 0 0 -0.416377 0 -0 -0.416377
64 213 0 0 0 0 0 -0.144982 -0 -0.144982
212 213 0.00260695 0 -0.820497 0 0 0 0 -0.81789
65 214 0 0 0 0 -0 -0.151841 0 -0.151841
64 214 0 0 0 0 0 -4.28098e-06 -0 -4.28098e-06
63 214 0 0 0 0 0 -0.164669 0 -0.164669
213 214 0.0178244 0 -1.12352 0 0 0 0 -1.10569
64 215 0 0 0 0 0 -0.096351 0 -0.096351
62 215 0 0 0 0 -0 -0.163321 0 -0.163321
214 215 0.124095 0 -1.11351 0 0 0 0 -0.989419
63 216 0 0 0 0 0 -0.169729 0 -0.169729
62 216 0 0 0 0 -0.852556 0 -0 -0.852556
61 216 0 0 0 0 -3.75021e-30 -0.201667 0 -0.201667
215 216 0.0265701 0 -1.28414 0 0 0 0 -1.25757
60 217 0 0 0 0 0 -0.164027 0 -0.164027
62 217 0 0 0 0 -0 -0.0708256 0 -0.0708256
61 217 0 0 0 0 -0.721978 0 -0 -0.721978
216 217 0.0941889 0 -1.025 0 0 0 0 -0.930811
60 218 0 0 0 0 -0.698054 0 -0 -0.698054
61 218 0 0 0 0 0 -0.141765 0 -0.141765
217 218 0.0375727 0 -1.32355 0 0 0 0 -1.28598
60 219 0 0 0 0 -0 -0.183638 0 -0.183638
218 219 0.00511999 0 -1.22998 0 0 0 0 -1.22486
220 221 0.137592 0 -0.0359009 0 0 0 0 0.101691
221 222 0.017784 0 -1.25119 0 0 0 0 -1.2334
222 223 0.339556 0 -1.31952 0 0 0 0 -0.979964
223 224 0.0359191 0 -1.33455 0 0 0 0 -1.29863
224 225 0.00194352 0 -0 0 0 0 0 0.00194352
225 226 0.000343818 0 -1.3658 0 0 0 0 -1.36546
226 227 0.0118105 0 -0.542458 0 0 0 0 -0.530647
227 228 0.00161563 0 0 0 0 0 0 0.00161563
228 229 0.0081084 0 -1.28903 0 0 0 0 -1.28092
229 230 0.0444421 0 -1.0137 0 0 0 0 -0.969257
230 231 0.0208778 0 -1.27092 0 0 0 0 -1.25004
231 232 0.00771021 0 -0.921253 0 0 0 0 -0.913543
232 233 0.00911343 0 -1.09953 0 0 0 0 -1.09042
233 234 0.00854329 0 -1.17766 0 0 0 0 -1.16912
234 235 0.0128844 0 -1.00684 0 0 0 0 -0.993958
235 236 0.063181 0 -1.19002 0 0 0 0 -1.12684
236 237 0.00426081 0 -1.18205 0 0 0 0 -1.17779
237 238 0.0516916 0 -1.16979 0 0 0 0 -1.1181
238 239 0.160716 0 -1.18245 0 0 0 0 -1.02174
240 241 0.0466912 0 -0.864197 0 0 0 0 -0.817506
241 242 0.00484896 0 -1.23698 0 0 0 0 -1.23213
242 243 0.00646409 0 -1.22355 0 0 0 0 -1.21709
243 244 0.022629 0 -0.618061 0 0 0 0 -0.595432
244 245 0.095345 0 -1.24968 0 0 0 0 -1.15433
245 246 0.00267903 0 -1.2217 0 0 0 0 -1.21903
246 247 0.0039505 0 -0.980738 0 0 0 0 -0.976787
247 248 8.01936e-05 0 -1.15886 0 0 0 0 -1.15878
248 249 0.00381365 0 -1.24592 0 0 0 0 -1.24211
249 250 0.0819892 0 -1.16112 0 0 0 0 -1.07913
250 251 0.00311969 0 -1.37482 0 0 0 0 -1.3717
251 252 0.00962144 0 -1.26272 0 0 0 0 -1.2531
252 253 0.00984476 0 -1.13048 0 0 0 0 -1.12063
253 254 0.048172 0 -1.10287 0 0 0 0 -1.0547
254 255 0.204027 0 -1.05119 0 0 0 0 -0.84716
255 256 0.0397663 0 -1.21454 0 0 0 0 -1.17477
256 257 0.0165413 0 -1.29692 0 0 0 0 -1.28038
257 258 0.108548 0 -1.05599 0 0 0 0 -0.947438
258 259 0.00470074 0 -1.26713 0 0 0 0 -1.26243
260 261 0.0309532 0 -1.22035 0 0 0 0 -1.1894
261 262 0.0570026 0 -1.42041 0 0 0 0 -1.36341
262 263 0.0015871 0 -1.13745 0 0 0 0 -1.13586
263 264 0.0283193 0 -0.897198 0 0 0 0 -0.868879
264 265 0.0752748 0 -1.07114 0 0 0 0 -0.995865
265 266 0.143274 0 -0.787436 0 0 0 0 -0.644162
266 267 0.00690339 0 -1.31833 0 0 0 0 -1.31142
267 268 0.0415561 0 -1.19093 0 0 0 0 -1.14938
268 269 0.0502381 0 -0.945773 0 0 0 0 -0.895535
269 270 0.0525178 0 -1.09923 0 0 0 0 -1.04672
270 271 0.00150111 0 -1.28323 0 0 0 0 -1.28173
271 272 0.0127651 0 -0.54866 0 0 0 0 -0.535895
272 273 0.0935106 0 -1.34871 0 0 0 0 -1.2552
273 274 0.0809095 0 -1.20816 0 0 0 0 -1.12725
274 275 0.0205024 0 -1.29625 0 0 0 0 -1.27575
275 276 0.0161344 0 0 0 0 0 0 0.0161344
276 277 0.0101772 0 -0.981267 0 0 0 0 -0.97109
277 278 0.167447 0 -1.19146 0 0 0 0 -1.02401
278 279 0.000916957 0 -1.07404 0 0 0 0 -1.07312
280 281 0.00411909 0 -1.2432 0 0 0 0 -1.23909
281 282 0.0463711 0 -1.20728 0 0 0 0 -1.16091
282 283 8.82848e-05 0 -1.16612 0 0 0 0 -1.16603
283 284 1.49354e-05 0 -0.779954 0 0 0 0 -0.779939
284 285 0.0349541 0 -1.28853 0 0 0 0 -1.25357
285 286 0.00987175 0 -1.14624 0 0 0 0 -1.13637
286 287 0.0620084 0 -1.26046 0 0 0 0 -1.19845
287 288 0.0358367 0 -1.03553 0 0 0 0 -0.999692
288 289 0.0951394 0 -1.1503 0 0 0 0 -1.05516
289 290 0.0879478 0 -1.23852 0 0 0 0 -1.15057
199 291 0 0 0 0 0 -0.0304723 0 -0.0304723
290 291 0.019388 0 -1.31708 0 0 0 0 -1.29769
199 292 0 0 0 0 -0.653033 0 -0 -0.653033
198 292 0 0 0 0 0 -0.0070492 -0 -0.0070492
291 292 0.0675726 0 -1.28215 0 0 0 0 -1.21457
199 293 0 0 0 0 -0 -0.0867896 0 -0.0867896
197 293 0 0 0 0 -8.92384e-19 -0.0615344 0 -0.0615344
292 293 0.130649 0 -1.33504 0 0 0 0 -1.20439
198 294 0 0 0 0 0 -0.180033 0 -0.180033
197 294 0 0 0 0 -0.763492 0 -0 -0.763492
196 294 0 0 0 0 -3.10826e-30 -0.13923 -0 -0.13923
293 294 0.0273419 0 -1.18616 0 0 0 0 -1.15881
197 295 0 0 0 0 -0 -0.11191 0 -0.11191
196 295 0 0 0 0 -0.648644 0 -0 -0.648644
195 295 0 0 0 0 -1.82661e-29 -0.149004 0 -0.149004
294 295 0.00424118 0 -1.15867 0 0 0 0 -1.15443
196 296 0 0 0 0 -0 -0.19827 0 -0.19827
195 296 0 0 0 0 -0.855861 0 -0 -0.855861
194 296 0 0 0 0 -1.66707e-29 -0.163046 0 -0.163046
295 296 0.085557 0 -1.10579 0 0 0 0 -1.02023
195 297 0 0 0 0 -0 -0.134823 0 -0.134823
194 297 0 0 0 0 -0.708043 0 -0 -0.708043
193 297 0 0 0 0 -0 -0.146259 0 -0.146259
296 297 0.0505041 0 -1.3101 0 0 0 0 -1.2596
194 298 0 0 0 0 0 -0.0697865 0 -0.0697865
193 298 0 0 0 0 0 -7.66443e-06 -0 -7.66443e-06
297 298 0.000592488 0 -1.29416 0 0 0 0 -1.29356
298 299 0.00964713 0 -1.08025 0 0 0 0 -1.0706
300 301 0.0369351 0 -1.21936 0 0 0 0 -1.18243
301 302 0.0113803 0 -1.08942 0 0 0 0 -1.07804
302 303 3.86519e-06 0 -0.928599 0 0 0 0 -0.928595
303 304 0.0468497 0 -1.29705 0 0 0 0 -1.2502
304 305 0.000479831 0 -1.31501 0 0 0 0 -1.31453
305 306 0.00048228 0 -1.0945 0 0 0 0 -1.09402
306 307 0.014457 0 -1.16441 0 0 0 0 -1.14995
307 308 6.01044e-05 0 -1.18192 0 0 0 0 -1.18186
308 309 0.0360643 0 0 0 0 0 0 0.0360643
309 310 0.0105013 0 -1.34951 0 0 0 0 -1.33901
307 311 0 0 0 0 0 -0.00332526 0 -0.00332526
310 311 0.0581473 0 -1.28433 0 0 0 0 -1.22618
307 312 0 0 0 0 -0 -0.113279 0 -0.113279
306 312 0 0 0 0 -0.454847 0 -0 -0.454847
305 312 0 0 0 0 -0 -0.156432 0 -0.156432
311 312 0.0491614 0 -1.27113 0 0 0 0 -1.22197
306 313 0 0 0 0 -0 -0.201959 0 -0.201959
305 313 0 0 0 0 -0.853393 0 -0 -0.853393
304 313 0 0 0 0 -3.04468e-29 -0.140361 -0 -0.140361
312 313 0.0604808 0 -1.25298 0 0 0 0 -1.1925
305 314 0 0 0 0 -0 -0.0838064 -0 -0.0838064
304 314 0 0 0 0 -0.443039 0 -0 -0.443039
303 314 0 0 0 0 -0 -0.157021 -0 -0.157021
313 314 0.0421491 0 -1.1532 0 0 0 0 -1.11105
304 315 0 0 0 0 -0 -0.112969 -0 -0.112969
303 315 0 0 0 0 -0.697173 0 -0 -0.697173
302 315 0 0 0 0 -0 -0.161155 0 -0.161155
314 315 0.0640522 0 -1.29673 0 0 0 0 -1.23267
303 316 0 0 0 0 -0 -0.0413314 0 -0.0413314
302 316 0 0 0 0 -0.806898 0 -0 -0.806898
301 316 0 0 0 0 0 -0.198676 0 -0.198676
315 316 0.0219376 0 -1.09925 0 0 0 0 -1.07731
302 317 0 0 0 0 -0 -0.148398 -0 -0.148398
300 317 0 0 0 0 0 -0.0348371 -0 -0.0348371
316 317 0.0297357 0 -1.31919 0 0 0 0 -1.28945
301 318 0 0 0 0 -0 -0.0564998 0 -0.0564998
317 318 0.000691836 0 -1.30776 0 0 0 0 -1.30707
318 319 0.072397 0 0 0 0 0 0 0.072397
320 321 0.00733652 0 -1.23836 0 0 0 0 -1.23102
321 322 0.089484 0 -0.92716 0 0 0 0 -0.837676
322 323 0.00765149 0 -1.32322 0 0 0 0 -1.31557
323 324 0.0204957 0 -0.958418 0 0 0 0 -0.937922
324 325 0.00274546 0 -1.22759 0 0 0 0 -1.22484
325 326 0.000326307 0 -0.513413 0 0 0 0 -0.513087
326 327 0.000403826 0 -1.18008 0 0 0 0 -1.17968
327 328 0.0252957 0 -1.2214 0 0 0 0 -1.19611
328 329 0.000145085 0 -0.831203 0 0 0 0 -0.831058
329 330 0.146394 0 -1.04385 0 0 0 0 -0.897454
330 331 0.0240763 0 -1.24087 0 0 0 0 -1.21679
331 332 0.000497278 0 0 0 0 0 0 0.000497278
332 333 0.0869213 0 -0 0 0 0 0 0.0869213
333 334 6.6743e-09 0 -0 0 0 0 0 6.6743e-09
334 335 0.00946227 0 -1.38074 0 0 0 0 -1.37128
330 336 0 0 0 0 0 -0.00643525 -0 -0.00643525
335 336 0.103633 0 -0.968411 0 0 0 0 -0.864778
330 337 0 0 0 0 0 -0.110919 0 -0.110919
328 337 0 0 0 0 0 -0.136425 0 -0.136425
336 337 0.13862 0 -1.31366 0 0 0 0 -1.17504
329 338 0 0 0 0 -0 -0.0829812 0 -0.0829812
328 338 0 0 0 0 -0.693686 0 -0 -0.693686
327 338 0 0 0 0 0 -0.174929 0 -0.174929
337 338 0.00599077 0 -1.37633 0 0 0 0 -1.37034
328 339 0 0 0 0 0 -0.134998 0 -0.134998
327 339 0 0 0 0 -0.590184 0 -0 -0.590184
326 339 0 0 0 0 -0 -0.106871 0 -0.106871
338 339 0.0248575 0 -1.12128 0 0 0 0 -1.09643
340 341 0.0362735 0 -1.21146 0 0 0 0 -1.17519
341 342 0.0194026 0 -0.834334 0 0 0 0 -0.814931
342 343 0.191217 0 -0.681455 0 0 0 0 -0.490238
343 344 0.000116656 0 -1.13327 0 0 0 0 -1.13315
344 345 0.00574977 0 -0.66176 0 0 0 0 -0.65601
345 346 0.00257379 0 -1.24872 0 0 0 0 -1.24614
346 347 0.0431857 0 -0 0 0 0 0 0.0431857
290 348 0 0 0 0 -0 -0.0474136 -0 -0.0474136
291 348 0 0 0 0 0 -0.00594463 -0 -0.00594463
347 348 0.0465464 0 -1.27096 0 0 0 0 -1.22441
290 349 0 0 0 0 -0.521467 0 -0 -0.521467
289 349 0 0 0 0 0 -0.121352 -0 -0.121352
291 349 0 0 0 0 0 -0.181494 0 -0.181494
348 349 0.00205109 0 -1.19863 0 0 0 0 -1.19658
290 350 0 0 0 0 0 -0.0938145 -0 -0.0938145
289 350 0 0 0 0 -0.643238 0 -0 -0.643238
288 350 0 0 0 0 -0 -0.0630503 -0 -0.0630503
349 350 0.119406 0 -1.24587 0 0 0 0 -1.12646
287 351 0 0 0 0 0 -0.149813 0 -0.149813
289 351 0 0 0 0 -0 -0.141115 0 -0.141115
288 351 0 0 0 0 -0.592982 0 -0 -0.592982
350 351 0.168657 0 -1.17541 0 0 0 0 -1.00675
287 352 0 0 0 0 -0.697582 0 -0 -0.697582
286 352 0 0 0 0 -0 -0.17565 0 -0.17565
288 352 0 0 0 0 0 -0.104108 0 -0.104108
351 352 0.00168646 0 -0.990405 0 0 0 0 -0.988718
287 353 0 0 0 0 -0 -0.130459 0 -0.130459
286 353 0 0 0 0 -0.683767 0 -0 -0.683767
285 353 0 0 0 0 -1.53242e-18 -0.145289 0 -0.145289
352 353 0.00186199 0 -1.28239 0 0 0 0 -1.28052
286 354 0 0 0 0 -0 -0.105046 -0 -0.105046
285 354 0 0 0 0 -0.747231 0 -0 -0.747231
284 354 0 0 0 0 -1.09207e-28 -0.146418 0 -0.146418
353 354 0.0249739 0 -1.09264 0 0 0 0 -1.06766
283 355 0 0 0 0 -6.02376e-28 -0.129054 0 -0.129054
285 355 0 0 0 0 -0 -0.123955 0 -0.123955
284 355 0 0 0 0 -0.500761 -1.77456e-08 -0 -0.500761
354 355 0.000150443 0 -1.21936 0 0 0 0 -1.21921
283 356 0 0 0 0 -0.858602 0 -0 -0.858602
282 356 0 0 0 0 -1.03478e-28 -0.160759 0 -0.160759
284 356 0 0 0 0 -0 -0.105215 -0 -0.105215
355 356 0.0350961 0 -1.25204 0 0 0 0 -1.21694
283 357 0 0 0 0 -0 -0.155545 0 -0.155545
282 357 0 0 0 0 -0.835296 0 -0 -0.835296
281 357 0 0 0 0 0 -0.166284 -0 -0.166284
356 357 0.222223 0 -1.05681 0 0 0 0 -0.834585
282 358 0 0 0 0 0 -0.170025 0 -0.170025
281 358 0 0 0 0 -0.648466 0 -0 -0.648466
280 358 0 0 0 0 0 -0.201893 0 -0.201893
357 358 0.0614293 0 -1.04743 0 0 0 0 -0.985996
281 359 0 0 0 0 0 -0.0440976 0 -0.0440976
280 359 0 0 0 0 0 -0.0169912 -0 -0.0169912
358 359 0.0927615 0 -1.20321 0 0 0 0 -1.11045
360 361 0.109026 0 -1.34401 0 0 0 0 -1.23499
361 362 0.0168464 0 -1.02475 0 0 0 0 -1.00791
362 363 0.0488047 0 -1.0688 0 0 0 0 -1.02
363 364 0.0724795 0 -0.83302 0 0 0 0 -0.76054
364 365 0.00552463 0 -1.3579 0 0 0 0 -1.35237
365 366 0.169007 0 -1.18731 0 0 0 0 -1.0183
366 367 0.00901554 0 -1.08958 0 0 0 0 -1.08057
367 368 0.0544533 0 -1.16697 0 0 0 0 -1.11252
368 369 0.0535248 0 -1.04966 0 0 0 0 -0.996134
226 370 0 0 0 0 0 -0.0122284 0 -0.0122284
224 370 0 0 0 0 0 -0.0705762 0 -0.0705762
369 370 0.000322701 0 0 0 0 0 0 0.000322701
225 371 0 0 0 0 0 -0.0605095 0 -0.0605095
224 371 0 0 0 0 0 -3.8323e-16 -0 -3.8323e-16
223 371 0 0 0 0 0 -0.0468372 0 -0.0468372
370 371 0.00424667 0 -1.28576 0 0 0 0 -1.28151
224 372 0 0 0 0 -0 -0.115919 0 -0.115919
369 372 0 0 0 0.00730383 0 0 -0 0.00730383
223 372 0 0 0 0 -0.543435 0 -0 -0.543435
222 372 0 0 0 0 -0 -0.0571591 -0 -0.0571591
371 372 0.149047 0 -1.10943 0 0 0 0 -0.960379
369 373 0 0 0 0 0 -0.00019225 -0 -0.00019225
368 373 0 0 0 0 0 -0.0605134 -0 -0.0605134
223 373 0 0 0 0 -0 -0.118158 -0 -0.118158
222 373 0 0 0 0 -0.645335 0 -0 -0.645335
221 373 0 0 0 0 0 -0.0436053 0 -0.0436053
372 373 0.0133508 0 -0.904452 0 0 0 0 -0.891101
369 374 0 0 0 0 0 -0.0686828 0 -0.0686828
367 374 0 0 0 0 -0 -0.200297 0 -0.200297
222 374 0 0 0 0 -0 -0.0595946 0 -0.0595946
221 374 0 0 0 0 0 -0.00861124 0 -0.00861124
373 374 0.0111992 0 -1.18399 0 0 0 0 -1.1728
368 375 0 0 0 0 0 -0.0694911 0 -0.0694911
367 375 0 0 0 0 -0.648638 0 -0 -0.648638
366 375 0 0 0 0 -0 -0.158169 -0 -0.158169
221 375 0 0 0 0 0 -0.0558136 -0 -0.0558136
374 375 0.0319484 0 -0.846148 0 0 0 0 -0.8142
367 376 0 0 0 0 -0 -0.172427 0 -0.172427
366 376 0 0 0 0 -0.80728 0 -0 -0.80728
365 376 0 0 0 0 -0 -0.113735 0 -0.113735
375 376 0.0239807 0 -1.37897 0 0 0 0 -1.35499
366 377 0 0 0 0 -0 -0.130292 0 -0.130292
365 377 0 0 0 0 -0.910103 0 -0 -0.910103
364 377 0 0 0 0 -0 -0.179872 0 -0.179872
376 377 0.12867 0 -0.763448 0 0 0 0 -0.634778
365 378 0 0 0 0 0 -0.180449 0 -0.180449
363 378 0 0 0 0 0 -0.0379527 0 -0.0379527
377 378 0.0256166 0 -1.15487 0 0 0 0 -1.12926
364 379 0 0 0 0 -0 -0.0307655 -0 -0.0307655
362 379 0 0 0 0 -0 -0.00475572 0 -0.00475572
378 379 0.0525906 0 -1.41446 0 0 0 0 -1.36187
380 381 0.00534279 0 0 0 0 0 0 0.00534279
381 382 2.42147e-05 0 0 0 0 0 0 2.42147e-05
382 383 0.0833409 0 -1.34695 0 0 0 0 -1.26361
383 384 0.000738246 0 -0.705724 0 0 0 0 -0.704985
384 385 0.00207592 0 -1.09009 0 0 0 0 -1.08801
385 386 0.00166319 0 -1.31455 0 0 0 0 -1.31289
386 387 0.225666 0 -1.17323 0 0 0 0 -0.947566
387 388 0.0538317 0 -1.23257 0 0 0 0 -1.17874
388 389 0.013461 0 -0.916888 0 0 0 0 -0.903427
389 390 0.0207598 0 -0 0 0 0 0 0.0207598
390 391 0.0413989 0 -1.3237 0 0 0 0 -1.2823
391 392 1.29009e-05 0 -1.13569 0 0 0 0 -1.13568
389 393 0 0 0 0 0 -0.0877786 0 -0.0877786
387 393 0 0 0 0 -0 -0.175319 -0 -0.175319
392 393 0.203938 0 -1.37341 0 0 0 0 -1.16947
388 394 0 0 0 0 0 -0.174722 0 -0.174722
387 394 0 0 0 0 -0.85485 0 -0 -0.85485
386 394 0 0 0 0 -0 -0.111104 -0 -0.111104
393 394 0.00495467 0 -1.2004 0 0 0 0 -1.19544
387 395 0 0 0 0 -0 -0.202407 0 -0.202407
386 395 0 0 0 0 -0.570905 0 -0 -0.570905
385 395 0 0 0 0 -0 -0.141104 0 -0.141104
394 395 0.0211137 0 -0.994131 0 0 0 0 -0.973018
386 396 0 0 0 0 -0 -0.186894 0 -0.186894
385 396 0 0 0 0 -0.653162 0 -0 -0.653162
384 396 0 0 0 0 -1.87143e-30 -0.180666 0 -0.180666
395 396 0.0259396 0 -0.904546 0 0 0 0 -0.878606
385 397 0 0 0 0 -0 -0.0157111 -0 -0.0157111
384 397 0 0 0 0 -0.808731 0 -0 -0.808731
383 397 0 0 0 0 -5.37019e-29 -0.071689 -0 -0.071689
396 397 0.00405013 0 -1.24002 0 0 0 0 -1.23597
384 398 0 0 0 0 0 -0.00193719 0 -0.00193719
383 398 0 0 0 0 0 -0.00369505 -0 -0.00369505
382 398 0 0 0 0 0 -0.129014 0 -0.129014
397 398 0.0222432 0 -1.12706 0 0 0 0 -1.10482
398 399 0.0333426 0 -1.14898 0 0 0 0 -1.11564
400 401 0.000767867 0 -1.34584 0 0 0 0 -1.34507
401 402 0.0291995 0 -1.24174 0 0 0 0 -1.21254
402 403 0.00545124 0 -0.846549 0 0 0 0 -0.841097
403 404 0.0112153 0 -1.37428 0 0 0 0 -1.36307
404 405 0.00693022 0 -1.13913 0 0 0 0 -1.13219
405 406 0.0254159 0 -1.21101 0 0 0 0 -1.18559
406 407 0.244831 0 -1.29385 0 0 0 0 -1.04902
407 408 0.0981192 0 -1.00174 0 0 0 0 -0.903618
408 409 0.0065863 0 -1.12234 0 0 0 0 -1.11575
409 410 0.00331242 0 -1.11151 0 0 0 0 -1.1082
410 411 0.00601801 0 -0.950337 0 0 0 0 -0.944319
411 412 0.0023925 0 -0.684242 0 0 0 0 -0.681849
412 413 0.121643 0 -1.27356 0 0 0 0 -1.15192
413 414 0.085 0 -1.31224 0 0 0 0 -1.22724
414 415 7.10037e-05 0 -1.16979 0 0 0 0 -1.16972
415 416 0.0366042 0 -1.05836 0 0 0 0 -1.02175
416 417 0.0374047 0 -1.25113 0 0 0 0 -1.21372
417 418 0.0164185 0 -1.32134 0 0 0 0 -1.30492
418 419 0.0284283 0 -1.25422 0 0 0 0 -1.22579
239 420 0 0 0 0 -0.392294 0 -0 -0.392294
238 420 0 0 0 0 -0 -0.140647 0 -0.140647
239 421 0 0 0 0 -0 -0.119418 -0 -0.119418
238 421 0 0 0 0 -0.747765 0 -0 -0.747765
237 421 0 0 0 0 0 -0.146262 0 -0.146262
420 421 0.0119868 0 -1.32614 0 0 0 0 -1.31416
238 422 0 0 0 0 0 -0.169606 -0 -0.169606
237 422 0 0 0 0 -0.700742 0 -0 -0.700742
236 422 0 0 0 0 -1.07742e-29 -0.115638 -0 -0.115638
421 422 0.111448 0 -1.24613 0 0 0 0 -1.13468
237 423 0 0 0 0 -0 -0.129716 -0 -0.129716
236 423 0 0 0 0 -0.793188 0 -0 -0.793188
235 423 0 0 0 0 -1.86017e-29 -0.102178 -0 -0.102178
422 423 0.05538 0 -1.24042 0 0 0 0 -1.18504
236 424 0 0 0 0 -0 -0.101331 0 -0.101331
235 424 0 0 0 0 -0.740554 0 -0 -0.740554
234 424 0 0 0 0 -5.91924e-32 -0.156819 0 -0.156819
423 424 0.0879957 0 -1.31401 0 0 0 0 -1.22601
235 425 0 0 0 0 -0 -0.143775 0 -0.143775
234 425 0 0 0 0 -0.824498 0 -0 -0.824498
233 425 0 0 0 0 -1.53562e-31 -0.191849 0 -0.191849
424 425 0.0730215 0 -1.15557 0 0 0 0 -1.08255
234 426 0 0 0 0 -0 -0.125097 0 -0.125097
233 426 0 0 0 0 -0.795765 0 -0 -0.795765
232 426 0 0 0 0 -0 -0.0705305 0 -0.0705305
425 426 0.00563825 0 -1.0879 0 0 0 0 -1.08226
231 427 0 0 0 0 0 -0.161833 0 -0.161833
233 427 0 0 0 0 -0 -0.110952 -0 -0.110952
232 427 0 0 0 0 -0.605922 0 -0 -0.605922
426 427 0.101762 0 -0.961554 0 0 0 0 -0.859792
231 428 0 0 0 0 -0.808868 0 -0 -0.808868
230 428 0 0 0 0 0 -0.141166 0 -0.141166
232 428 0 0 0 0 0 -0.132533 0 -0.132533
427 428 0.0224746 0 -1.20619 0 0 0 0 -1.18372
231 429 0 0 0 0 0 -0.158974 0 -0.158974
229 429 0 0 0 0 0 -0.165697 -0 -0.165697
428 429 0.0172883 0 -0.967795 0 0 0 0 -0.950506
230 430 0 0 0 0 0 -0.167326 0 -0.167326
229 430 0 0 0 0 -0.761295 0 -0 -0.761295
228 430 0 0 0 0 -0 -0.104773 0 -0.104773
429 430 0.0148885 0 -0.861157 0 0 0 0 -0.846269
229 431 0 0 0 0 0 -0.0934912 0 -0.0934912
228 431 0 0 0 0 0 -0.00382876 -0 -0.00382876
430 431 0.142314 0 -1.29814 0 0 0 0 -1.15583
431 432 0.000380991 0 -0.997163 0 0 0 0 -0.996782
432 433 0.0137523 0 -0.884645 0 0 0 0 -0.870893
433 434 0.00461746 0 -1.38939 0 0 0 0 -1.38477
434 435 0.0312997 0 -0.969248 0 0 0 0 -0.937949
435 436 0.0648588 0 0 0 0 0 0 0.0648588
436 437 0.0618358 0 -1.24188 0 0 0 0 -1.18004
437 438 0.00874015 0 -1.34913 0 0 0 0 -1.34039
438 439 0.062929 0 -0.896474 0 0 0 0 -0.833545
440 441 0.0588929 0 -1.02966 0 0 0 0 -0.970764
441 442 0.106165 0 -1.38293 0 0 0 0 -1.27677
442 443 0.064505 0 -1.06303 0 0 0 0 -0.998523
443 444 0.0497548 0 -0.988203 0 0 0 0 -0.938448
444 445 0.00348567 0 -1.28592 0 0 0 0 -1.28243
445 446 0.00218257 0 -1.26065 0 0 0 0 -1.25847
446 447 0.00696428 0 -1.15475 0 0 0 0 -1.14778
447 448 0.0121491 0 -1.38794 0 0 0 0 -1.37579
448 449 0.0843641 0 -1.353 0 0 0 0 -1.26864
449 450 0.0488831 0 -1.26478 0 0 0 0 -1.21589
450 451 0.0117669 0 -0.921447 0 0 0 0 -0.90968
451 452 0.00729164 0 -1.04425 0 0 0 0 -1.03696
452 453 0.103838 0 -1.21286 0 0 0 0 -1.10902
453 454 0.0430504 0 -0.851786 0 0 0 0 -0.808736
450 455 0 0 0 0 0 -0.0318224 -0 -0.0318224
454 455 0.0196534 0 0 0 0 0 0 0.0196534
451 456 0 0 0 0 0 -0.092823 -0 -0.092823
449 456 0 0 0 0 -0 -0.0943812 0 -0.0943812
455 456 0.0217048 0 -1.11666 0 0 0 0 -1.09496
450 457 0 0 0 0 0 -0.111302 -0 -0.111302
449 457 0 0 0 0 -0.540659 0 -0 -0.540659
448 457 0 0 0 0 0 -0.112744 0 -0.112744
456 457 0.000260702 0 -1.38111 0 0 0 0 -1.38085
449 458 0 0 0 0 0 -0.175626 0 -0.175626
448 458 0 0 0 0 -0.83459 0 -0 -0.83459
447 458 0 0 0 0 0 -0.1995 0 -0.1995
457 458 0.0541918 0 -1.07941 0 0 0 0 -1.02522
448 459 0 0 0 0 -0 -0.146897 -0 -0.146897
458 459 0.00161776 0 -1.3053 0 0 0 0 -1.30368
419 460 0 0 0 0 -0.557851 0 -0 -0.557851
418 460 0 0 0 0 -7.17946e-28 -0.0699434 0 -0.0699434
419 461 0 0 0 0 -0 -0.0987932 -0 -0.0987932
418 461 0 0 0 0 -0.772887 0 -0 -0.772887
417 461 0 0 0 0 0 -0.140477 0 -0.140477
460 461 0.0856498 0 -1.15817 0 0 0 0 -1.07252
418 462 0 0 0 0 0 -0.142019 0 -0.142019
417 462 0 0 0 0 -0.794354 0 -0 -0.794354
416 462 0 0 0 0 -0 -0.159918 0 -0.159918
461 462 0.0236507 0 -0.906143 0 0 0 0 -0.882492
415 463 0 0 0 0 -1.88989e-30 -0.160897 0 -0.160897
417 463 0 0 0 0 -0 -0.0861138 -0 -0.0861138
416 463 0 0 0 0 -0.702267 0 -0 -0.702267
462 463 0.0381712 0 -1.20643 0 0 0 0 -1.16826
415 464 0 0 0 0 -0.780649 0 -0 -0.780649
414 464 0 0 0 0 -0 -0.144239 -0 -0.144239
416 464 0 0 0 0 -0 -0.0827586 0 -0.0827586
463 464 0.0722952 0 -1.12593 0 0 0 0 -1.05363
415 465 0 0 0 0 -0 -0.191703 0 -0.191703
414 465 0 0 0 0 -0.561239 0 -0 -0.561239
413 465 0 0 0 0 -0 -0.14967 0 -0.14967
464 465 0.159244 0 -1.3104 0 0 0 0 -1.15116
465 466 0.0437747 0 0 0 0 0 0 0.0437747
466 467 0.02547 0 -0.88765 0 0 0 0 -0.86218
467 468 3.60276e-05 0 -1.14418 0 0 0 0 -1.14415
468 469 1.03028e-05 0 -1.06965 0 0 0 0 -1.06964
469 470 0.0107277 0 -1.21774 0 0 0 0 -1.20701
470 471 0.0220057 0 -0 0 0 0 0 0.0220057
471 472 0.238528 0 -1.16079 0 0 0 0 -0.922265
469 473 0 0 0 0 -0 -0.15474 -0 -0.15474
472 473 0.00161717 0 -1.07992 0 0 0 0 -1.0783
470 474 0 0 0 0 0 -0.202916 0 -0.202916
469 474 0 0 0 0 -0.713053 0 -0 -0.713053
468 474 0 0 0 0 0 -0.121606 -0 -0.121606
473 474 5.65935e-06 0 -1.13848 0 0 0 0 -1.13847
469 475 0 0 0 0 -0 -0.137632 0 -0.137632
467 475 0 0 0 0 -0 -0.0957774 -0 -0.0957774
474 475 0.238306 0 -1.17805 0 0 0 0 -0.939744
466 476 0 0 0 0 -4.81051e-31 -0.166499 0 -0.166499
468 476 0 0 0 0 0 -0.161407 0 -0.161407
467 476 0 0 0 0 -0.750071 0 -0 -0.750071
475 476 0.00384614 0 -1.2861 0 0 0 0 -1.28226
466 477 0 0 0 0 -0.722375 0 -0 -0.722375
467 477 0 0 0 0 -0 -0.0773996 -0 -0.0773996
476 477 0.189869 0 -1.17313 0 0 0 0 -0.983263
466 478 0 0 0 0 0 -0.0695403 0 -0.0695403
477 478 0.000992368 0 -1.07972 0 0 0 0 -1.07873
478 479 0.00029676 0 -1.1094 0 0 0 0 -1.10911
480 481 0.0855067 0 -0.978824 0 0 0 0 -0.893317
481 482 0.0302937 0 -1.31515 0 0 0 0 -1.28486
482 483 0.0160974 0 -0.689502 0 0 0 0 -0.673404
483 484 0.015077 0.0573026 -0.524798 0 0 0 0 -0.452419
483 485 0 0 0 0 0 -6.37104e-07 0 -6.37104e-07
484 485 0.215448 0 -1.17746 0 0 0 0 -0.962009
485 486 0.00161817 0 -0.917115 0 0 0 0 -0.915497
486 487 4.23441e-06 0 -1.13981 0 0 0 0 -1.1398
487 488 0.0059908 0 -1.35832 0 0 0 0 -1.35233
488 489 0.0774333 0 -0.78099 0 0 0 0 -0.703557
489 490 0.0417819 0 -1.23044 0 0 0 0 -1.18866
490 491 0.0214868 0 -1.11272 0 0 0 0 -1.09123
491 492 0.0091829 0 0 0 0 0 0 0.0091829
490 493 0 0 0 0 0 -0.14489 -0 -0.14489
489 493 0 0 0 0 -0.570098 -6.05714e-16 -0 -0.570098
488 493 0 0 0 0 0 -0.0761053 0 -0.0761053
492 493 0.0301168 0 0 0 0 0 0 0.0301168
487 494 0 0 0 0 -0 -0.0842516 -0 -0.0842516
489 494 0 0 0 0 -0 -0.0358886 0 -0.0358886
493 494 0.0916791 0 -0.97825 0 0 0 0 -0.886571
486 495 0 0 0 0 -5.37786e-17 -0.0417269 0 -0.0417269
487 495 0 0 0 0 -0.712883 0 -0 -0.712883
488 495 0 0 0 0 0 -0.0564107 0 -0.0564107
494 495 0.021486 0 -1.08434 0 0 0 0 -1.06286
486 496 0 0 0 0 -0.518877 0 -0 -0.518877
485 496 0 0 0 0 -0 -0.0781646 0 -0.0781646
487 496 0 0 0 0 -0 -0.0792265 -0 -0.0792265
495 496 0.0137802 0 -0.752186 0 0 0 0 -0.738406
485 497 0 0 0 0 -0.70596 0 -0 -0.70596
484 497 0 0 0 0 -0 -0.108852 0 -0.108852
496 497 0.0209525 0 -1.15045 0 0 0 0 -1.1295
485 498 0 0 0 0 0 -0.0798945 0 -0.0798945
484 498 0 0 0 0 0 -1.90535e-07 -0 -1.90535e-07
483 498 0 0 0 0 0 -0.000166988 -0 -0.000166988
497 498 0.0172411 0 -1.318 0 0 0 0 -1.30076
484 499 0 0 0 0 0 -0.000307148 0 -0.000307148
483 499 0 0 0 0 0 -0.000851225 0 -0.000851225
482 499 0 0 0 0 0 -0.00207925 0 -0.00207925
498 499 0.0319117 0 -1.26662 0 0 0 0 -1.23471
#Total energy per particle is  -1.10827 and should be -1.1082710
