#id1 id2 FENE BEXC STCK NEXC HB CRSTCK CXSTCK total, t = 600000
0 1 0.202744 0 -1.10337 0 0 0 0 -0.900623
1 2 0.0196271 0 -1.11198 0 0 0 0 -1.09235
2 3 0.149326 0 -1.22935 0 0 0 0 -1.08003
3 4 0.0725102 0 -1.10327 0 0 0 0 -1.03075
4 5 0.0231656 0 -1.35806 0 0 0 0 -1.3349
5 6 0.0231805 0 -1.33058 0 0 0 0 -1.3074
6 7 0.163552 0 -1.26362 0 0 0 0 -1.10007
7 8 0.182525 0 0 0 0 0 0 0.182525
8 9 0.00153355 0 0 0 0 0 0 0.00153355
9 10 0.0616921 0 -1.24029 0 0 0 0 -1.17859
10 11 0.051118 0 -1.12455 0 0 0 0 -1.07343
7 12 0 0 0 0 0 -0.000366416 -0 -0.000366416
6 12 0 0 0 0 0 -0.0927781 0 -0.0927781
11 12 3.49872e-05 0 -1.3869 0 0 0 0 -1.38686
7 13 0 0 0 0 0 -0.0528776 0 -0.0528776
6 13 0 0 0 0 -0 -0.00190892 -0 -0.00190892
5 13 0 0 0 0 -0 -0.114196 0 -0.114196
12 13 0.017859 0 -1.10865 0 0 0 0 -1.09079
6 14 0 0 0 0 -0 -0.0618437 0 -0.0618437
5 14 0 0 0 0 -0.394346 0 -0 -0.394346
4 14 0 0 0 0 0 -0.159104 0 -0.159104
13 14 0.00546155 0 -1.30569 0 0 0 0 -1.30023
5 15 0 0 0 0 0 -0.109716 0 -0.109716
4 15 0 0 0 0 -0.760728 0 -0 -0.760728
3 15 0 0 0 0 0 -0.0408266 0 -0.0408266
14 15 0.000271185 0 -1.20269 0 0 0 0 -1.20242
11 16 0 0 0 0 0 -0.0442766 0 -0.0442766
15 16 0.0165277 0 0 0 0 0 0 0.0165277
12 17 0 0 0 0 -0 -0.178207 0 -0.178207
11 17 0 0 0 0 -0.70346 0 -0 -0.70346
10 17 0 0 0 0 -0 -0.101653 -0 -0.101653
16 17 0.00106283 0 -0.824906 0 0 0 0 -0.823843
9 18 0 0 0 0 0 -0.120286 0 -0.120286
11 18 0 0 0 0 -0 -0.164965 0 -0.164965
10 18 0 0 0 0 -0.5118 0 -0 -0.5118
17 18 0.0294591 0 -1.27257 0 0 0 0 -1.24311
9 19 0 0 0 0 -0.821952 0 -0 -0.821952
10 19 0 0 0 0 0 -0.116862 -0 -0.116862
18 19 0.0302972 0 -0.727068 0 0 0 0 -0.69677
20 21 0.00213817 0 0 0 0 0 0 0.00213817
21 22 0.0594165 0 -0.995661 0 0 0 0 -0.936244
22 23 0.0012575 0 -0.932749 0 0 0 0 -0.931492
23 24 8.77362e-05 0 -1.28448 0 0 0 0 -1.28439
24 25 0.00187201 0 -1.1457 0 0 0 0 -1.14383
25 26 0.000667278 0 -1.09254 0 0 0 0 -1.09188
26 27 1.10581e-05 0 -1.24498 0 0 0 0 -1.24497
27 28 0.0282414 0 -1.08949 0 0 0 0 -1.06125
28 29 0.00576759 0 0 0 0 0 0 0.00576759
29 30 0.00167486 0 -1.40525 0 0 0 0 -1.40357
28 31 0 0 0 0 0 -1.91303e-05 -0 -1.91303e-05
27 31 0 0 0 0 0 -0.00102353 0 -0.00102353
30 31 0.00110011 0 -1.305 0 0 0 0 -1.3039
28 32 0 0 0 0 0 -0.0602207 0 -0.0602207
27 32 0 0 0 0 0 -0.000659952 -0 -0.000659952
26 32 0 0 0 0 0 -0.181418 0 -0.181418
31 32 0.0159023 0 -1.25389 0 0 0 0 -1.23798
25 33 0 0 0 0 -5.95559e-30 -0.161607 0 -0.161607
27 33 0 0 0 0 0 -0.123049 -0 -0.123049
26 33 0 0 0 0 -0.778126 0 -0 -0.778126
32 33 0.0271969 0 -1.10745 0 0 0 0 -1.08025
25 34 0 0 0 0 -0.610254 0 -0 -0.610254
24 34 0 0 0 0 0 -0.103605 0 -0.103605
26 34 0 0 0 0 -0 -0.175924 0 -0.175924
33 34 0.0357349 0 -1.11178 0 0 0 0 -1.07604
25 35 0 0 0 0 0 -0.152159 0 -0.152159
24 35 0 0 0 0 -0.843626 0 -0 -0.843626
23 35 0 0 0 0 0 -0.20481 0 -0.20481
34 35 0.0153584 0 -1.1333 0 0 0 0 -1.11794
24 36 0 0 0 0 0 -0.182384 0 -0.182384
23 36 0 0 0 0 -0.423133 0 -0 -0.423133
22 36 0 0 0 0 0 -0.13216 -0 -0.13216
35 36 0.240013 0 -1.06254 0 0 0 0 -0.82253
23 37 0 0 0 0 0 -0.159472 0 -0.159472
22 37 0 0 0 0 -0.698151 0 -0 -0.698151
21 37 0 0 0 0 -8.23631e-29 -0.0452207 -0 -0.0452207
36 37 0.000159783 0 -0.917593 0 0 0 0 -0.917433
22 38 0 0 0 0 -0 -0.155152 0 -0.155152
21 38 0 0 0 0 -0.691095 0 -0 -0.691095
37 38 0.109602 0 -1.19115 0 0 0 0 -1.08155
21 39 0 0 0 0 0 -0.0946445 -0 -0.0946445
38 39 0.0433499 0 -1.21058 0 0 0 0 -1.16723
40 41 0.018179 0 -1.2629 0 0 0 0 -1.24472
41 42 0.074833 0 -1.14226 0 0 0 0 -1.06743
42 43 0.0165824 0 -1.15202 0 0 0 0 -1.13544
43 44 0.0136559 0 -1.17277 0 0 0 0 -1.15911
44 45 0.0257802 0 -1.18456 0 0 0 0 -1.15878
45 46 0.0602012 0 -0.983032 0 0 0 0 -0.922831
46 47 0.0230708 0 -1.24361 0 0 0 0 -1.22054
47 48 0.000100597 0 -1.07043 0 0 0 0 -1.07033
48 49 0.00865706 0 0 0 0 0 0 0.00865706
49 50 0.00111993 0 -0 0 0 0 0 0.00111993
48 51 0 0 0 0 0 -0.000124858 -0 -0.000124858
50 51 0.00214574 0 -1.1697 0 0 0 0 -1.16756
48 52 0 0 0 0 0 -0.0266316 0 -0.0266316
47 52 0 0 0 0 0 -0.00142546 -0 -0.00142546
46 52 0 0 0 0 0 -0.0760432 0 -0.0760432
51 52 0.00538929 0 -1.265 0 0 0 0 -1.25961
47 53 0 0 0 0 0 -0.114945 -0 -0.114945
46 53 0 0 0 0 -0.83007 0 -0 -0.83007
45 53 0 0 0 0 -0 -0.104177 0 -0.104177
52 53 0.0451918 0 -1.12153 0 0 0 0 -1.07634
46 54 0 0 0 0 -0 -0.141112 0 -0.141112
45 54 0 0 0 0 -0.569379 0 -0 -0.569379
44 54 0 0 0 0 0 -0.00291156 -0 -0.00291156
53 54 0.376609 0 -1.17307 0 0 0 0 -0.796464
43 55 0 0 0 0 0 -0.131529 0 -0.131529
45 55 0 0 0 0 0 -0.135415 0 -0.135415
44 55 0 0 0 0 -0.493295 0 -0 -0.493295
54 55 0.0216549 0 -1.09782 0 0 0 0 -1.07617
43 56 0 0 0 0 -0.893991 0 -0 -0.893991
42 56 0 0 0 0 0 -0.169738 0 -0.169738
44 56 0 0 0 0 0 -0.131932 -0 -0.131932
55 56 0.00743094 0 -1.24906 0 0 0 0 -1.24163
43 57 0 0 0 0 0 -0.0838301 -0 -0.0838301
42 57 0 0 0 0 -0.729671 -2.09691e-31 -0 -0.729671
41 57 0 0 0 0 -4.68687e-28 -0.126386 0 -0.126386
56 57 0.00656802 0 -0.949924 0 0 0 0 -0.943356
42 58 0 0 0 0 -0 -0.156512 0 -0.156512
41 58 0 0 0 0 -0.717438 0 -0 -0.717438
40 58 0 0 0 0 0 -0.156265 -0 -0.156265
57 58 0.0118217 0 -1.28425 0 0 0 0 -1.27243
41 59 0 0 0 0 0 -0.195394 0 -0.195394
58 59 0.0160154 0 -1.17483 0 0 0 0 -1.15882
60 61 0.015116 0 -0.857598 0 0 0 0 -0.842481
61 62 0.0126134 0 -1.18121 0 0 0 0 -1.16859
62 63 0.197549 0 -1.06019 0 0 0 0 -0.862641
63 64 0.0048092 0 -1.3145 0 0 0 0 -1.30969
64 65 0.00176897 0 -0.496872 0 0 0 0 -0.495103
65 66 0.000205804 0 -1.28774 0 0 0 0 -1.28753
66 67 0.000937693 0 -1.0507 0 0 0 0 -1.04976
67 68 0.0125105 0 -1.1646 0 0 0 0 -1.15209
68 69 0.00441446 0 -1.29704 0 0 0 0 -1.29263
69 70 0.000980924 0 -0.73588 0 0 0 0 -0.734899
70 71 0.0362581 0 -1.01669 0 0 0 0 -0.980432
71 72 0.0278403 0 -1.00777 0 0 0 0 -0.979932
71 73 0 0 0 0 -0 -4.02303e-05 0 -4.02303e-05
72 73 0.0821181 0 -0.634403 0 0 0 0 -0.552285
73 74 0.0107189 0 -1.27775 0 0 0 0 -1.26703
74 75 0.214623 0.0035002 -0 0 0 0 0 0.218123
72 76 0 0 0 0 0 -0.0164519 -0 -0.0164519
71 76 0 0 0 0 0 -0.0201333 0 -0.0201333
75 76 0.0327833 0 -1.116 0 0 0 0 -1.08322
72 77 0 0 0 0 -0 -0.124522 -0 -0.124522
71 77 0 0 0 0 -0.383493 0 -0 -0.383493
70 77 0 0 0 0 -0 -0.185241 0 -0.185241
76 77 0.00538616 0 -1.18117 0 0 0 0 -1.17578
71 78 0 0 0 0 -0 -0.167648 0 -0.167648
70 78 0 0 0 0 -0.894893 0 -0 -0.894893
69 78 0 0 0 0 0 -0.135396 -0 -0.135396
77 78 0.0325651 0 -1.38525 0 0 0 0 -1.35269
70 79 0 0 0 0 0 -0.19337 0 -0.19337
69 79 0 0 0 0 -0.763966 0 -0 -0.763966
68 79 0 0 0 0 0 -0.14254 -0 -0.14254
78 79 0.0293581 0 -1.26556 0 0 0 0 -1.2362
80 81 0.00358953 0 -1.07543 0 0 0 0 -1.07184
81 82 2.09759e-06 0 -1.37848 0 0 0 0 -1.37848
82 83 0.00971652 0 -1.34431 0 0 0 0 -1.33459
83 84 0.015948 0 0 0 0 0 0 0.015948
84 85 0.049937 0 -1.10814 0 0 0 0 -1.0582
85 86 0.0244908 0 -1.3833 0 0 0 0 -1.35881
86 87 0.0268479 0 -1.24675 0 0 0 0 -1.21991
87 88 2.26167e-05 0 0 0 0 0 0 2.26167e-05
88 89 0.0268315 0 -1.25902 0 0 0 0 -1.23219
89 90 0.000535048 0 -1.07707 0 0 0 0 -1.07654
90 91 0.0564779 0 -1.38201 0 0 0 0 -1.32554
91 92 0.00411323 0 -1.1108 0 0 0 0 -1.10669
92 93 0.0651075 0 -0.927866 0 0 0 0 -0.862758
93 94 0.0172193 0 -1.16538 0 0 0 0 -1.14816
94 95 0.0609643 0 -1.16608 0 0 0 0 -1.10511
91 96 0 0 0 0 0 -0.0535412 0 -0.0535412
95 96 0.0258022 0 0 0 0 0 0 0.0258022
92 97 0 0 0 0 -0 -0.0686059 -0 -0.0686059
90 97 0 0 0 0 -0 -0.168354 0 -0.168354
96 97 0.0436872 0 -1.25947 0 0 0 0 -1.21579
89 98 0 0 0 0 0 -0.188002 0 -0.188002
91 98 0 0 0 0 -0 -0.206523 0 -0.206523
90 98 0 0 0 0 -0.837287 0 -0 -0.837287
97 98 0.0154729 0 -1.38051 0 0 0 0 -1.36504
89 99 0 0 0 0 -0.783555 0 -0 -0.783555
88 99 0 0 0 0 0 -0.189458 0 -0.189458
90 99 0 0 0 0 0 -0.146508 -0 -0.146508
98 99 0.0442351 0 -0.907699 0 0 0 0 -0.863464
100 101 0.00320537 0 -1.38481 0 0 0 0 -1.3816
101 102 0.00595179 0 -1.08013 0 0 0 0 -1.07418
102 103 0.00215391 0 -1.24436 0 0 0 0 -1.2422
103 104 0.0138087 0 -1.37381 0 0 0 0 -1.36
104 105 8.45414e-05 0 -1.30583 0 0 0 0 -1.30574
105 106 0.0345841 0 -1.08589 0 0 0 0 -1.05131
106 107 0.0136384 0 -0.85844 0 0 0 0 -0.844801
107 108 0.00965792 0 -1.30814 0 0 0 0 -1.29849
108 109 0.0607956 0 -1.1515 0 0 0 0 -1.09071
109 110 0.146569 0 -1.35385 0 0 0 0 -1.20728
110 111 0.0301951 0 -1.09214 0 0 0 0 -1.06195
111 112 0.0168065 0 0 0 0 0 0 0.0168065
112 113 0.00540296 0 -0.613372 0 0 0 0 -0.607969
113 114 0.00551011 0 -1.3983 0 0 0 0 -1.39279
114 115 4.35017e-05 0 -1.29289 0 0 0 0 -1.29284
115 116 0.0809505 0 -1.28547 0 0 0 0 -1.20452
116 117 0.00247505 0 -1.24644 0 0 0 0 -1.24396
117 118 0.0097308 0 -1.27544 0 0 0 0 -1.2657
118 119 0.0973929 0 -1.36659 0 0 0 0 -1.2692
120 121 0.00673667 0 -1.08297 0 0 0 0 -1.07623
121 122 0.105462 0 -1.29524 0 0 0 0 -1.18977
122 123 0.0379284 0 -1.00094 0 0 0 0 -0.963007
123 124 0.0040005 0 -1.2199 0 0 0 0 -1.2159
124 125 0.0705988 0 -1.19447 0 0 0 0 -1.12387
125 126 0.113904 0 -1.29187 0 0 0 0 -1.17797
126 127 0.149571 0 -1.33386 0 0 0 0 -1.18429
127 128 0.000131916 0 -0.85526 0 0 0 0 -0.855128
128 129 0.0182651 0 -1.23261 0 0 0 0 -1.21435
129 130 0.28988 0 -1.3824 0 0 0 0 -1.09252
130 131 0.0226036 0 -1.11039 0 0 0 0 -1.08779
131 132 0.221813 0 -1.35226 0 0 0 0 -1.13044
132 133 0.0320046 0 -1.30836 0 0 0 0 -1.27635
133 134 0.000141655 0 -1.21138 0 0 0 0 -1.21124
134 135 0.0165398 0 -0.899521 0 0 0 0 -0.882981
135 136 0.0583287 0 -1.11851 0 0 0 0 -1.06018
136 137 0.137472 0 -1.12341 0 0 0 0 -0.985936
137 138 0.0786123 0 0 0 0 0 0 0.0786123
138 139 0.00655805 0 -1.27445 0 0 0 0 -1.26789
140 141 0.0362506 0 -1.2761 0 0 0 0 -1.23985
141 142 0.0343913 0 -1.36134 0 0 0 0 -1.32695
142 143 0.0130695 0 -1.17483 0 0 0 0 -1.16176
143 144 0.00256498 0 -1.12752 0 0 0 0 -1.12496
144 145 0.000141245 0 -0 0 0 0 0 0.000141245
145 146 0.00248644 0 -1.31635 0 0 0 0 -1.31387
143 147 0 0 0 0 0 -0.141448 -0 -0.141448
146 147 0.00152078 0 -1.14874 0 0 0 0 -1.14722
144 148 0 0 0 0 -0 -0.13563 0 -0.13563
142 148 0 0 0 0 0 -0.114359 0 -0.114359
147 148 0.0586387 0 -1.25005 0 0 0 0 -1.19142
143 149 0 0 0 0 0 -0.171189 0 -0.171189
142 149 0 0 0 0 -0.631674 -5.1744e-10 -0 -0.631674
141 149 0 0 0 0 -0 -0.179573 0 -0.179573
148 149 0.00135097 0 -1.22425 0 0 0 0 -1.2229
142 150 0 0 0 0 0 -0.0846275 0 -0.0846275
140 150 0 0 0 0 0 -0.00728034 0 -0.00728034
149 150 0.000460269 0 -1.25854 0 0 0 0 -1.25808
141 151 0 0 0 0 0 -0.0530984 0 -0.0530984
140 151 0 0 0 0 0 -0.00357996 -0 -0.00357996
150 151 0.0824174 0 -1.1821 0 0 0 0 -1.09968
151 152 0.0442444 0 -0.961909 0 0 0 0 -0.917665
152 153 0.0157756 0 -0.715516 0 0 0 0 -0.69974
153 154 0.0339393 0 -0.999544 0 0 0 0 -0.965604
154 155 0.00399308 0 -0.783405 0 0 0 0 -0.779412
155 156 0.00358569 0 -0.864409 0 0 0 0 -0.860823
156 157 0.000117503 0 -1.41057 0 0 0 0 -1.41045
157 158 0.0773791 0 -1.03612 0 0 0 0 -0.958736
158 159 0.139344 0 -1.05768 0 0 0 0 -0.918339
160 161 0.0312118 0 -1.04255 0 0 0 0 -1.01134
161 162 0.239974 0 -1.20495 0 0 0 0 -0.964972
162 163 0.0129357 0 -1.15707 0 0 0 0 -1.14413
163 164 0.00302927 0 -1.36052 0 0 0 0 -1.35749
164 165 0.00845856 0 -1.23169 0 0 0 0 -1.22324
165 166 7.69871e-06 0 -1.32823 0 0 0 0 -1.32823
166 167 0.041476 0 -1.27526 0 0 0 0 -1.23378
167 168 0.00278825 0 -1.07906 0 0 0 0 -1.07627
165 169 0 0 0 0 -0 -0.0696604 -0 -0.0696604
168 169 0.0130875 0 -0 0 0 0 0 0.0130875
164 170 0 0 0 0 -0 -0.159704 0 -0.159704
169 170 0.0958925 0 -1.04687 0 0 0 0 -0.950977
165 171 0 0 0 0 0 -0.182572 -0 -0.182572
164 171 0 0 0 0 -0.751134 0 -0 -0.751134
163 171 0 0 0 0 0 -0.180624 -0 -0.180624
170 171 0.105719 0 -1.24972 0 0 0 0 -1.144
164 172 0 0 0 0 0 -0.193626 0 -0.193626
163 172 0 0 0 0 -0.821333 0 -0 -0.821333
162 172 0 0 0 0 0 -0.162285 0 -0.162285
171 172 1.08495e-05 0 -0.991813 0 0 0 0 -0.991802
163 173 0 0 0 0 -0 -0.108898 0 -0.108898
162 173 0 0 0 0 0 -0.000946873 -0 -0.000946873
161 173 0 0 0 0 0 -0.0303616 0 -0.0303616
172 173 0.0723377 0 -1.28331 0 0 0 0 -1.21097
161 174 0 0 0 0 0 -0.050411 -0 -0.050411
173 174 0.0771165 0 -1.35415 0 0 0 0 -1.27703
174 175 0.00584002 0 -1.27047 0 0 0 0 -1.26463
175 176 0.0185582 0 -1.09902 0 0 0 0 -1.08046
176 177 0.00229076 0 -0.946285 0 0 0 0 -0.943994
177 178 0.120565 0 -1.22415 0 0 0 0 -1.10358
178 179 0.0169472 0 -1.07878 0 0 0 0 -1.06183
180 181 0.0274645 0 -0.890155 0 0 0 0 -0.862691
181 182 0.00746211 0 -1.04278 0 0 0 0 -1.03532
182 183 0.00441381 0 -1.01814 0 0 0 0 -1.01373
183 184 0.124479 0 -1.03495 0 0 0 0 -0.910475
184 185 0.00146292 0 -1.30085 0 0 0 0 -1.29939
185 186 0.0113202 0 -0.699541 0 0 0 0 -0.68822
186 187 0.358459 0 -0.486648 0 0 0 0 -0.128189
187 188 0.00368028 0 -1.32297 0 0 0 0 -1.31929
188 189 0.013626 0 -1.10916 0 0 0 0 -1.09554
189 190 0.023192 0 -1.22022 0 0 0 0 -1.19702
190 191 0.0144713 0 -1.24937 0 0 0 0 -1.2349
191 192 0.146935 0 -1.39916 0 0 0 0 -1.25222
192 193 0.0664108 0 -1.02475 0 0 0 0 -0.958342
193 194 0.0010735 0 -1.19465 0 0 0 0 -1.19358
194 195 0.0531909 0 -0.872528 0 0 0 0 -0.819337
195 196 0.0435786 0 -1.26615 0 0 0 0 -1.22258
196 197 0.0885201 0 -1.10053 0 0 0 0 -1.01201
197 198 0.0069306 0 -1.09027 0 0 0 0 -1.08334
198 199 0.00376086 0 -1.13567 0 0 0 0 -1.13191
200 201 0.0360426 0 -1.21535 0 0 0 0 -1.17931
201 202 0.000871164 0 -1.07491 0 0 0 0 -1.07404
202 203 0.00026374 0 -1.30703 0 0 0 0 -1.30677
203 204 0.010705 0 -1.00388 0 0 0 0 -0.993177
204 205 0.148206 0 -1.09494 0 0 0 0 -0.946733
205 206 0.0123771 0 -1.30547 0 0 0 0 -1.29309
206 207 0.0126037 0 -0.832719 0 0 0 0 -0.820116
207 208 0.0570312 0 -1.28947 0 0 0 0 -1.23244
208 209 0.00885974 0 0 0 0 0 0 0.00885974
67 210 0 0 0 0 0 -0.0869734 -0 -0.0869734
70 210 0 0 0 0 0 -0.00259494 0 -0.00259494
209 210 0.0261362 0 0 0 0 0 0 0.0261362
67 211 0 0 0 0 -0.710351 0 -0 -0.710351
66 211 0 0 0 0 0 -0.159523 0 -0.159523
68 211 0 0 0 0 -0 -0.0686684 0 -0.0686684
210 211 0.00247768 0 -1.25902 0 0 0 0 -1.25654
67 212 0 0 0 0 0 -0.116241 0 -0.116241
66 212 0 0 0 0 -0.767022 0 -0 -0.767022
65 212 0 0 0 0 -0 -0.0779576 -0 -0.0779576
211 212 0.0689565 0 -1.31375 0 0 0 0 -1.24479
66 213 0 0 0 0 -0 -0.160036 0 -0.160036
65 213 0 0 0 0 -0.822993 0 -0 -0.822993
64 213 0 0 0 0 0 -0.0554589 0 -0.0554589
212 213 0.0149946 0 -1.26576 0 0 0 0 -1.25077
63 214 0 0 0 0 0 -0.0923646 0 -0.0923646
213 214 0.19892 0 -1.05778 0 0 0 0 -0.858865
64 215 0 0 0 0 0 -0.0745699 0 -0.0745699
62 215 0 0 0 0 -0 -0.0747556 -0 -0.0747556
214 215 0.000354032 0 -0.855988 0 0 0 0 -0.855634
63 216 0 0 0 0 0 -0.150341 0 -0.150341
62 216 0 0 0 0 -0.628403 0 -0 -0.628403
61 216 0 0 0 0 -3.62063e-30 -0.183653 0 -0.183653
215 216 0.199666 0 -1.04293 0 0 0 0 -0.843266
62 217 0 0 0 0 -0 -0.110098 0 -0.110098
61 217 0 0 0 0 -0.811094 0 -0 -0.811094
60 217 0 0 0 0 0 -0.155497 0 -0.155497
216 217 0.000611157 0 -1.21997 0 0 0 0 -1.21936
61 218 0 0 0 0 0 -0.153335 0 -0.153335
60 218 0 0 0 0 -0.63345 0 -0 -0.63345
217 218 0.0374945 0 -1.26447 0 0 0 0 -1.22698
60 219 0 0 0 0 -0 -0.171402 0 -0.171402
218 219 0.01041 0 -1.33428 0 0 0 0 -1.32387
220 221 0.00201271 0 -0.879715 0 0 0 0 -0.877702
221 222 4.02684e-05 0 -1.18969 0 0 0 0 -1.18965
222 223 0.0513238 0 -0.814171 0 0 0 0 -0.762847
223 224 0.0057145 0 -1.34339 0 0 0 0 -1.33767
224 225 0.0146226 0 -0.96883 0 0 0 0 -0.954207
225 226 0.00262985 0 -1.29696 0 0 0 0 -1.29433
226 227 0.0121246 0 -0.612871 0 0 0 0 -0.600746
227 228 0.00094408 0 0 0 0 0 0 0.00094408
228 229 0.0304266 0 -1.30354 0 0 0 0 -1.27311
229 230 0.0370653 0 -0.591401 0 0 0 0 -0.554336
230 231 0.000504804 0 -1.25344 0 0 0 0 -1.25294
231 232 0.0773543 0 -1.29398 0 0 0 0 -1.21663
232 233 0.0317159 0 -0.99697 0 0 0 0 -0.965254
233 234 0.04083 0 -1.17592 0 0 0 0 -1.13509
234 235 0.138316 0 -1.22664 0 0 0 0 -1.08833
235 236 0.0327218 0 -1.16677 0 0 0 0 -1.13405
236 237 0.167056 0 -1.28076 0 0 0 0 -1.1137
237 238 0.00542012 0 -1.2803 0 0 0 0 -1.27488
238 239 0.0969224 0 -1.0961 0 0 0 0 -0.999173
187 240 0 0 0 0 0 -0.122014 0 -0.122014
189 240 0 0 0 0 0 -0.018129 0 -0.018129
188 240 0 0 0 0 0 -0.0214225 0 -0.0214225
187 241 0 0 0 0 -0.620348 0 -0 -0.620348
186 241 0 0 0 0 0 -0.0708273 0 -0.0708273
188 241 0 0 0 0 -0 -0.0396861 0 -0.0396861
240 241 0.0465042 0 -1.24267 0 0 0 0 -1.19617
185 242 0 0 0 0 -0 -0.129172 0 -0.129172
187 242 0 0 0 0 0 -0.1718 0 -0.1718
186 242 0 0 0 0 -0.548904 0 -0 -0.548904
241 242 0.00263692 0 -1.2396 0 0 0 0 -1.23696
185 243 0 0 0 0 -0.730524 0 -0 -0.730524
184 243 0 0 0 0 0 -0.166276 0 -0.166276
186 243 0 0 0 0 -0 -0.0843289 -0 -0.0843289
242 243 0.26639 0 -1.3832 0 0 0 0 -1.11681
185 244 0 0 0 0 -0 -0.16254 0 -0.16254
183 244 0 0 0 0 0 -0.0206362 -0 -0.0206362
243 244 0.00953342 0 -1.25373 0 0 0 0 -1.24419
184 245 0 0 0 0 0 -0.126132 -0 -0.126132
182 245 0 0 0 0 -7.11536e-30 -0.145021 -0 -0.145021
244 245 0.109498 0 -0.97844 0 0 0 0 -0.868942
183 246 0 0 0 0 0 -0.161415 0 -0.161415
182 246 0 0 0 0 -0.565429 0 -0 -0.565429
181 246 0 0 0 0 -0 -0.110753 -0 -0.110753
245 246 0.110156 0 -1.2741 0 0 0 0 -1.16394
180 247 0 0 0 0 0 -0.113105 -0 -0.113105
182 247 0 0 0 0 -0 -0.198171 0 -0.198171
181 247 0 0 0 0 -0.881207 0 -0 -0.881207
246 247 0.0334133 0 -0.870059 0 0 0 0 -0.836646
180 248 0 0 0 0 -0.725354 0 -0 -0.725354
181 248 0 0 0 0 0 -0.202702 0 -0.202702
247 248 0.00494455 0 -1.36783 0 0 0 0 -1.36288
180 249 0 0 0 0 -0 -0.145199 0 -0.145199
248 249 0.0154729 0 -1.41127 0 0 0 0 -1.39579
249 250 0.00619122 0 -1.26319 0 0 0 0 -1.257
250 251 0.0041137 0 -1.07267 0 0 0 0 -1.06855
251 252 0.00694297 0 -1.28535 0 0 0 0 -1.27841
252 253 0.0217123 0 -0.465518 0 0 0 0 -0.443806
253 254 0.00184532 0 0 0 0 0 0 0.00184532
254 255 0.0262636 0 -1.33116 0 0 0 0 -1.3049
255 256 0.112772 0 -0.946658 0 0 0 0 -0.833886
256 257 0.0221647 0 -1.22001 0 0 0 0 -1.19784
257 258 0.00255402 0 -1.18904 0 0 0 0 -1.18649
258 259 0.0512211 0 -1.35322 0 0 0 0 -1.302
260 261 4.6062e-05 0 -1.09805 0 0 0 0 -1.09801
261 262 0.0183916 0 -1.24242 0 0 0 0 -1.22403
262 263 0.0239884 0 -1.33806 0 0 0 0 -1.31408
263 264 0.0118261 0 0 0 0 0 0 0.0118261
264 265 2.83247e-08 0 0 0 0 0 0 2.83247e-08
265 266 0.025007 0 -1.23455 0 0 0 0 -1.20955
266 267 0.0364258 0 -1.09177 0 0 0 0 -1.05534
262 268 0 0 0 0 0 -0.109713 0 -0.109713
263 268 0 0 0 0 0 -0.00422364 -0 -0.00422364
267 268 0.0423559 0 -1.18984 0 0 0 0 -1.14748
261 269 0 0 0 0 0 -0.107606 -0 -0.107606
263 269 0 0 0 0 0 -0.129325 0 -0.129325
268 269 0.000500785 0 -0.884262 0 0 0 0 -0.883761
260 270 0 0 0 0 0 -0.136027 -0 -0.136027
262 270 0 0 0 0 0 -0.201793 0 -0.201793
261 270 0 0 0 0 -0.854053 0 -0 -0.854053
269 270 0.0074722 0 -1.35671 0 0 0 0 -1.34924
260 271 0 0 0 0 -0.655739 0 -0 -0.655739
261 271 0 0 0 0 0 -0.198426 0 -0.198426
270 271 0.0206138 0 -1.01007 0 0 0 0 -0.989453
260 272 0 0 0 0 0 -0.100177 0 -0.100177
271 272 0.00255205 0 -1.24474 0 0 0 0 -1.24219
272 273 0.00019335 0 -1.00109 0 0 0 0 -1.0009
273 274 0.166188 0 -1.26919 0 0 0 0 -1.10301
274 275 0.0550641 0 -1.09118 0 0 0 0 -1.03612
275 276 0.00307898 0 -1.35338 0 0 0 0 -1.3503
276 277 0.0337808 0 -1.26845 0 0 0 0 -1.23467
277 278 0.00921481 0 -1.29416 0 0 0 0 -1.28495
278 279 0.0970223 0 -1.33509 0 0 0 0 -1.23807
280 281 0.00283365 0 -1.33621 0 0 0 0 -1.33338
281 282 0.00568078 0 -0.816825 0 0 0 0 -0.811145
282 283 0.138176 0 -1.27358 0 0 0 0 -1.13541
283 284 0.0837999 0 -1.14923 0 0 0 0 -1.06543
284 285 0.000642333 0 -1.40095 0 0 0 0 -1.4003
285 286 0.0620863 0 -1.15198 0 0 0 0 -1.08989
286 287 0.0616066 0 -1.09481 0 0 0 0 -1.0332
287 288 0.22246 0 -1.24201 0 0 0 0 -1.01955
288 289 0.0111626 0 -1.17075 0 0 0 0 -1.15959
289 290 0.0510786 0 -1.18966 0 0 0 0 -1.13858
290 291 0.043422 0 -1.24148 0 0 0 0 -1.19806
199 292 0 0 0 0 -0.484973 0 -0 -0.484973
198 292 0 0 0 0 0 -0.164828 0 -0.164828
291 292 0.186971 0 0 0 0 0 0 0.186971
199 293 0 0 0 0 -0 -0.189259 0 -0.189259
197 293 0 0 0 0 -0 -0.0740517 -0 -0.0740517
292 293 0.0415446 0 -1.36724 0 0 0 0 -1.3257
198 294 0 0 0 0 0 -0.155994 0 -0.155994
197 294 0 0 0 0 -0.764629 0 -0 -0.764629
196 294 0 0 0 0 -1.50751e-27 -0.0703833 -0 -0.0703833
293 294 0.017498 0 -0.889245 0 0 0 0 -0.871747
197 295 0 0 0 0 -0 -0.175195 0 -0.175195
196 295 0 0 0 0 -0.609613 -1.82325e-17 -0 -0.609613
195 295 0 0 0 0 -8.63502e-28 -0.081991 0 -0.081991
294 295 0.0580691 0 -1.26824 0 0 0 0 -1.21017
194 296 0 0 0 0 -3.43649e-16 -0.0718559 0 -0.0718559
196 296 0 0 0 0 -0 -0.162824 0 -0.162824
195 296 0 0 0 0 -0.706472 0 -0 -0.706472
295 296 0.0583715 0 -1.08264 0 0 0 0 -1.02427
194 297 0 0 0 0 -0.692894 0 -0 -0.692894
193 297 0 0 0 0 -0 -0.0584202 0 -0.0584202
195 297 0 0 0 0 -0 -0.114794 -0 -0.114794
296 297 0.129611 0 -1.31911 0 0 0 0 -1.1895
194 298 0 0 0 0 0 -0.0938952 0 -0.0938952
193 298 0 0 0 0 0 -0.00139852 -0 -0.00139852
192 298 0 0 0 0 0 -0.0274679 0 -0.0274679
297 298 0.0601368 0 -1.38568 0 0 0 0 -1.32554
298 299 0.000630268 0 -1.31148 0 0 0 0 -1.31085
300 301 0.0347502 0 -1.13037 0 0 0 0 -1.09562
301 302 6.66998e-05 0 -1.3275 0 0 0 0 -1.32743
302 303 0.0339164 0 -0.947597 0 0 0 0 -0.91368
303 304 0.00332363 0 -1.19501 0 0 0 0 -1.19168
304 305 0.00793093 0 -0.973332 0 0 0 0 -0.965401
305 306 0.00230712 0 0 0 0 0 0 0.00230712
306 307 0.0186595 0 -1.36973 0 0 0 0 -1.35107
307 308 0.0862621 0 -1.08118 0 0 0 0 -0.994918
308 309 0.00119453 0 -1.01872 0 0 0 0 -1.01752
309 310 0.0323945 0 -0 0 0 0 0 0.0323945
310 311 0.00235593 0 -0.978821 0 0 0 0 -0.976465
305 312 0 0 0 0 -0 -0.00819575 -0 -0.00819575
311 312 0.0505634 0 -1.37082 0 0 0 0 -1.32026
305 313 0 0 0 0 -0.86493 0 -0 -0.86493
304 313 0 0 0 0 -1.92603e-29 -0.0973832 -0 -0.0973832
312 313 0.103277 0 -1.19886 0 0 0 0 -1.09558
305 314 0 0 0 0 -0 -0.155591 0 -0.155591
304 314 0 0 0 0 -0.682272 0 -0 -0.682272
303 314 0 0 0 0 -0 -0.157055 0 -0.157055
313 314 0.177527 0 -1.21627 0 0 0 0 -1.03875
304 315 0 0 0 0 -0 -0.133402 0 -0.133402
303 315 0 0 0 0 -0.71507 0 -0 -0.71507
302 315 0 0 0 0 -4.93515e-28 -0.116447 0 -0.116447
314 315 0.0465439 0 -1.212 0 0 0 0 -1.16546
303 316 0 0 0 0 -0 -0.121188 -0 -0.121188
302 316 0 0 0 0 -0.674945 0 -0 -0.674945
301 316 0 0 0 0 0 -0.137258 0 -0.137258
315 316 0.0942175 0 -1.35936 0 0 0 0 -1.26515
302 317 0 0 0 0 -0 -0.00787703 0 -0.00787703
301 317 0 0 0 0 0 -0.0191404 -0 -0.0191404
300 317 0 0 0 0 0 -0.0490545 0 -0.0490545
316 317 0.0210798 0 -1.35382 0 0 0 0 -1.33274
317 318 0.00100015 0 -1.22462 0 0 0 0 -1.22362
318 319 0.0568631 0 0 0 0 0 0 0.0568631
320 321 0.0268827 0 -1.24214 0 0 0 0 -1.21526
321 322 0.0519347 0 -1.16733 0 0 0 0 -1.1154
322 323 0.0374807 0 -1.08341 0 0 0 0 -1.04593
323 324 0.013017 0 -0.798409 0 0 0 0 -0.785392
324 325 0.027642 0 -1.23228 0 0 0 0 -1.20464
325 326 0.128718 0 -0.920247 0 0 0 0 -0.791528
326 327 0.00345331 0 -1.29081 0 0 0 0 -1.28735
327 328 0.0643714 0 -1.19358 0 0 0 0 -1.12921
328 329 0.00140863 0 0 0 0 0 0 0.00140863
329 330 0.00122105 0 -1.1278 0 0 0 0 -1.12658
328 331 0 0 0 0 -0 -0.107021 -0 -0.107021
330 331 0.0206391 0 -1.03509 0 0 0 0 -1.01445
327 332 0 0 0 0 -0 -0.169203 0 -0.169203
331 332 0.0456747 0 -0.919581 0 0 0 0 -0.873907
328 333 0 0 0 0 0 -0.198074 0 -0.198074
327 333 0 0 0 0 -0.743137 0 -0 -0.743137
326 333 0 0 0 0 -7.84661e-31 -0.185713 0 -0.185713
332 333 0.0545528 0 -1.28312 0 0 0 0 -1.22857
327 334 0 0 0 0 -0 -0.158748 0 -0.158748
326 334 0 0 0 0 -0.688167 0 -0 -0.688167
325 334 0 0 0 0 -8.53431e-32 -0.101349 -0 -0.101349
333 334 0.0630841 0 -1.02172 0 0 0 0 -0.958637
326 335 0 0 0 0 -0 -0.178631 0 -0.178631
325 335 0 0 0 0 -0.72446 0 -0 -0.72446
324 335 0 0 0 0 -4.23915e-19 -0.0764712 0 -0.0764712
334 335 0.013649 0 -1.22423 0 0 0 0 -1.21059
325 336 0 0 0 0 -0 -0.102943 -0 -0.102943
324 336 0 0 0 0 -0.717658 0 -0 -0.717658
323 336 0 0 0 0 -0 -0.0620786 -0 -0.0620786
335 336 0.0025325 0 -1.11208 0 0 0 0 -1.10955
324 337 0 0 0 0 -0 -0.0435342 0 -0.0435342
322 337 0 0 0 0 -0 -0.0300365 -0 -0.0300365
323 337 0 0 0 0 -0.299377 0 -0 -0.299377
336 337 0.00187087 0 -0.937634 0 0 0 0 -0.935764
323 338 0 0 0 0 0 -0.135525 0 -0.135525
337 338 0.00127601 0 -1.01272 0 0 0 0 -1.01144
322 339 0 0 0 0 -0 -0.00653503 -0 -0.00653503
338 339 0.00397786 0 -1.26991 0 0 0 0 -1.26593
340 341 0.0221148 0 -1.24314 0 0 0 0 -1.22103
341 342 0.0604574 0 0 0 0 0 0 0.0604574
342 343 0.0251289 0 -1.11601 0 0 0 0 -1.09088
343 344 0.0388687 0 -1.24058 0 0 0 0 -1.20171
344 345 0.014549 0 -1.01207 0 0 0 0 -0.997525
345 346 0.0415979 0 -1.24683 0 0 0 0 -1.20524
346 347 0.0424616 0 -1.36613 0 0 0 0 -1.32366
291 348 0 0 0 0 0 -0.0135016 -0 -0.0135016
290 348 0 0 0 0 -0 -0.140378 0 -0.140378
347 348 0.0223529 0 -1.30484 0 0 0 0 -1.28248
291 349 0 0 0 0 0 -0.0142424 0 -0.0142424
290 349 0 0 0 0 -0.157395 -0.000646749 -0 -0.158041
289 349 0 0 0 0 0 -0.144661 0 -0.144661
348 349 0.00451513 0 -1.24172 0 0 0 0 -1.23721
290 350 0 0 0 0 0 -0.11627 0 -0.11627
289 350 0 0 0 0 -0.72979 0 -0 -0.72979
288 350 0 0 0 0 -0 -0.139408 0 -0.139408
349 350 0.0969915 0 -1.31946 0 0 0 0 -1.22246
289 351 0 0 0 0 -0 -0.183901 0 -0.183901
288 351 0 0 0 0 -0.637157 0 -0 -0.637157
287 351 0 0 0 0 0 -0.0824789 -0 -0.0824789
350 351 0.0397481 0 -1.30417 0 0 0 0 -1.26443
288 352 0 0 0 0 0 -0.128431 0 -0.128431
287 352 0 0 0 0 -0.850868 0 -0 -0.850868
286 352 0 0 0 0 -6.39553e-29 -0.152382 0 -0.152382
351 352 0.0195294 0 -0.954553 0 0 0 0 -0.935024
287 353 0 0 0 0 -0 -0.131323 0 -0.131323
286 353 0 0 0 0 -0.857827 0 -0 -0.857827
285 353 0 0 0 0 -8.05875e-18 -0.105068 0 -0.105068
352 353 0.0162886 0 -1.19494 0 0 0 0 -1.17865
286 354 0 0 0 0 -0 -0.0477923 -0 -0.0477923
285 354 0 0 0 0 -0.636466 0 -0 -0.636466
284 354 0 0 0 0 -0 -0.0649513 0 -0.0649513
353 354 0.00648386 0 -1.1476 0 0 0 0 -1.14112
285 355 0 0 0 0 -0 -0.125368 0 -0.125368
284 355 0 0 0 0 -0.758316 0 -0 -0.758316
283 355 0 0 0 0 -9.09761e-32 -0.178535 0 -0.178535
354 355 0.00180025 0 -1.05349 0 0 0 0 -1.05169
284 356 0 0 0 0 -0 -0.0850969 -0 -0.0850969
283 356 0 0 0 0 -0.767979 0 -0 -0.767979
282 356 0 0 0 0 -0 -0.143215 0 -0.143215
355 356 0.241607 0 -1.31717 0 0 0 0 -1.07556
283 357 0 0 0 0 -0 -0.0795915 -0 -0.0795915
282 357 0 0 0 0 -0.761471 0 -0 -0.761471
281 357 0 0 0 0 0 -0.105473 -0 -0.105473
356 357 0.0171437 0 -0.837486 0 0 0 0 -0.820342
282 358 0 0 0 0 0 -0.111472 0 -0.111472
281 358 0 0 0 0 -0.798707 0 -0 -0.798707
280 358 0 0 0 0 0 -0.177489 0 -0.177489
357 358 0.000784545 0 -1.2343 0 0 0 0 -1.23352
281 359 0 0 0 0 0 -0.0452241 0 -0.0452241
280 359 0 0 0 0 0 -0.0101449 -0 -0.0101449
358 359 0.0030073 0 -1.25858 0 0 0 0 -1.25558
360 361 0.0658279 0 -1.09136 0 0 0 0 -1.02554
360 362 0 0 0 0 0 -5.82451e-07 0 -5.82451e-07
361 362 0.0255828 0 -0.804958 0 0 0 0 -0.779376
362 363 0.0310113 0 -1.19804 0 0 0 0 -1.16703
363 364 0.00196067 0 -0.506794 0 0 0 0 -0.504833
364 365 0.11767 0 -1.21515 0 0 0 0 -1.09748
365 366 0.0203179 0 -1.26198 0 0 0 0 -1.24166
366 367 0.109123 0 -0.984988 0 0 0 0 -0.875864
367 368 0.00540348 0 -1.32127 0 0 0 0 -1.31586
368 369 0.0319911 0 -1.19597 0 0 0 0 -1.16398
369 370 0.0167038 0 -0.98525 0 0 0 0 -0.968546
370 371 0.103759 0 -1.02442 0 0 0 0 -0.920663
371 372 0.0292678 0 -1.01469 0 0 0 0 -0.98542
368 373 0 0 0 0 0 -0.165504 0 -0.165504
372 373 0.00100896 0 0 0 0 0 0 0.00100896
367 374 0 0 0 0 -1.46421e-29 -0.147083 0 -0.147083
369 374 0 0 0 0 0 -0.069822 -0 -0.069822
373 374 0.205926 0 -1.23641 0 0 0 0 -1.03048
367 375 0 0 0 0 -0.833479 0 -0 -0.833479
366 375 0 0 0 0 -1.18822e-28 -0.122349 0 -0.122349
368 375 0 0 0 0 0 -0.177746 0 -0.177746
374 375 0.0345641 0 -1.11478 0 0 0 0 -1.08021
367 376 0 0 0 0 -0 -0.147329 -0 -0.147329
366 376 0 0 0 0 -0.414079 0 -0 -0.414079
365 376 0 0 0 0 -0 -0.137482 0 -0.137482
375 376 0.000119576 0 -1.16989 0 0 0 0 -1.16977
364 377 0 0 0 0 -0 -0.110296 0 -0.110296
366 377 0 0 0 0 -0 -0.157905 -0 -0.157905
365 377 0 0 0 0 -0.819055 0 -0 -0.819055
376 377 0.0789046 0 -1.09134 0 0 0 0 -1.01244
363 378 0 0 0 0 0 -0.108871 0 -0.108871
364 378 0 0 0 0 0 -0.00072204 -0 -0.00072204
365 378 0 0 0 0 0 -0.125503 0 -0.125503
377 378 0.0447967 0 -1.02366 0 0 0 0 -0.978866
363 379 0 0 0 0 -0.560005 0 -0 -0.560005
362 379 0 0 0 0 -1.06342e-18 -0.156886 0 -0.156886
364 379 0 0 0 0 -0 -0.0416772 0 -0.0416772
378 379 0.000690283 0 -0.921026 0 0 0 0 -0.920335
380 381 0.162329 0 -1.33133 0 0 0 0 -1.169
381 382 0.00405409 0 -1.07276 0 0 0 0 -1.06871
382 383 0.0470144 0 -1.2884 0 0 0 0 -1.24138
383 384 0.0172187 0 -1.25582 0 0 0 0 -1.2386
384 385 0.0106317 0 -0.937844 0 0 0 0 -0.927212
385 386 0.00592694 0 -0.885695 0 0 0 0 -0.879768
386 387 0.0270093 0 -1.27677 0 0 0 0 -1.24976
387 388 0.00945943 0 -1.13054 0 0 0 0 -1.12108
388 389 0.039423 0 -1.10765 0 0 0 0 -1.06822
389 390 0.0513602 0 -1.36455 0 0 0 0 -1.31319
390 391 0.0277637 0 -1.3617 0 0 0 0 -1.33394
389 392 0 0 0 0 0 -4.28475e-06 0 -4.28475e-06
388 392 0 0 0 0 0 -0.0988885 0 -0.0988885
391 392 0.00455204 0 0 0 0 0 0 0.00455204
389 393 0 0 0 0 0 -0.000904101 0 -0.000904101
387 393 0 0 0 0 -1.64887e-15 -0.0571596 -0 -0.0571596
392 393 0.0142403 0 -0.742244 0 0 0 0 -0.728004
388 394 0 0 0 0 0 -0.166278 -0 -0.166278
387 394 0 0 0 0 -0.641607 0 -0 -0.641607
386 394 0 0 0 0 -2.70003e-28 -0.115032 0 -0.115032
393 394 0.0133638 0 -0.925443 0 0 0 0 -0.912079
387 395 0 0 0 0 -0 -0.0749017 0 -0.0749017
386 395 0 0 0 0 -0.711092 0 -0 -0.711092
385 395 0 0 0 0 -0 -0.121649 0 -0.121649
394 395 0.0862865 0 -1.03414 0 0 0 0 -0.947855
386 396 0 0 0 0 -0 -0.0797762 0 -0.0797762
385 396 0 0 0 0 -0.607326 0 -0 -0.607326
384 396 0 0 0 0 -9.68342e-30 -0.198927 0 -0.198927
395 396 0.0582213 0 -1.36486 0 0 0 0 -1.30664
385 397 0 0 0 0 -0 -0.11749 0 -0.11749
384 397 0 0 0 0 -0.843856 0 -0 -0.843856
383 397 0 0 0 0 -0 -0.175879 0 -0.175879
396 397 0.0596168 0 -1.307 0 0 0 0 -1.24739
384 398 0 0 0 0 0 -0.0735418 0 -0.0735418
383 398 0 0 0 0 0 -0.00487912 -0 -0.00487912
397 398 0.0132666 0 -1.10934 0 0 0 0 -1.09607
383 399 0 0 0 0 -0 -0.00298028 0 -0.00298028
382 399 0 0 0 0 -0 -3.84489e-14 0 -3.84489e-14
398 399 0.0262079 0 -0.753984 0 0 0 0 -0.727776
346 401 0 0 0 0 0 -0.0326936 0 -0.0326936
400 401 0.0545746 0 -1.30475 0 0 0 0 -1.25018
346 402 0 0 0 0 -0 -0.0915942 0 -0.0915942
345 402 0 0 0 0 -0.396613 0 -0 -0.396613
344 402 0 0 0 0 -2.20825e-18 -0.0807052 0 -0.0807052
401 402 0.0336933 0 -0.909634 0 0 0 0 -0.87594
343 403 0 0 0 0 -0 -0.108362 0 -0.108362
345 403 0 0 0 0 -0 -0.0584357 -0 -0.0584357
344 403 0 0 0 0 -0.615693 0 -0 -0.615693
402 403 0.127987 0 -0.790844 0 0 0 0 -0.662857
343 404 0 0 0 0 -0.867483 0 -0 -0.867483
344 404 0 0 0 0 -0 -0.19284 0 -0.19284
342 404 0 0 0 0 -1.33863e-29 -0.149463 -0 -0.149463
403 404 0.00148395 0 -1.26781 0 0 0 0 -1.26633
343 405 0 0 0 0 -0 -0.173624 0 -0.173624
342 405 0 0 0 0 -0.700666 -6.1499e-28 -0 -0.700666
404 405 0.0126553 0 -1.11909 0 0 0 0 -1.10643
342 406 0 0 0 0 -0 -0.160546 0 -0.160546
405 406 0.0212697 0 -1.30274 0 0 0 0 -1.28147
406 407 0.00364666 0 -1.01304 0 0 0 0 -1.0094
407 408 0.051116 0 -1.23172 0 0 0 0 -1.1806
408 409 0.0738035 0 -1.26858 0 0 0 0 -1.19478
409 410 0.0333055 0 -1.24801 0 0 0 0 -1.2147
410 411 0.000899819 0 -1.30959 0 0 0 0 -1.30869
411 412 0.0372962 0 -1.15842 0 0 0 0 -1.12112
412 413 0.0496071 0 -0.877659 0 0 0 0 -0.828052
413 414 0.0148943 0 -1.24142 0 0 0 0 -1.22652
414 415 0.00489259 0 -1.12476 0 0 0 0 -1.11987
415 416 0.0203304 0 -1.2877 0 0 0 0 -1.26737
416 417 0.00394778 0 -0.878882 0 0 0 0 -0.874934
417 418 0.00296958 0 -1.18545 0 0 0 0 -1.18248
418 419 0.0147259 0 -1.33943 0 0 0 0 -1.32471
239 420 0 0 0 0 -0.80641 0 -0 -0.80641
238 420 0 0 0 0 -0 -0.166406 0 -0.166406
239 421 0 0 0 0 -0 -0.181325 0 -0.181325
238 421 0 0 0 0 -0.729193 0 -0 -0.729193
237 421 0 0 0 0 0 -0.116563 -0 -0.116563
420 421 0.147583 0 -0.995414 0 0 0 0 -0.847831
238 422 0 0 0 0 0 -0.18438 0 -0.18438
237 422 0 0 0 0 -0.854543 0 -0 -0.854543
236 422 0 0 0 0 -0 -0.184303 0 -0.184303
421 422 0.0108847 0 -0.934598 0 0 0 0 -0.923714
235 423 0 0 0 0 -7.09636e-28 -0.0720701 0 -0.0720701
237 423 0 0 0 0 -0 -0.191653 0 -0.191653
236 423 0 0 0 0 -0.504411 0 -0 -0.504411
422 423 0.164438 0 -1.10333 0 0 0 0 -0.938892
235 424 0 0 0 0 -0.653977 0 -0 -0.653977
234 424 0 0 0 0 -1.4225e-29 -0.140585 -0 -0.140585
236 424 0 0 0 0 -0 -0.115132 -0 -0.115132
423 424 0.00970072 0 -0.952321 0 0 0 0 -0.942621
235 425 0 0 0 0 -0 -0.0603547 0 -0.0603547
234 425 0 0 0 0 -0.79508 0 -0 -0.79508
233 425 0 0 0 0 -3.99744e-29 -0.164968 0 -0.164968
424 425 0.0434724 0 -1.20434 0 0 0 0 -1.16087
234 426 0 0 0 0 -0 -0.0243201 -0 -0.0243201
233 426 0 0 0 0 -0.819518 0 -0 -0.819518
232 426 0 0 0 0 -6.09803e-17 -0.0459253 -0 -0.0459253
425 426 0.223309 0 -1.08054 0 0 0 0 -0.857226
233 427 0 0 0 0 -0 -0.151052 0 -0.151052
232 427 0 0 0 0 -0.24734 0 -0 -0.24734
231 427 0 0 0 0 0 -0.0968363 -0 -0.0968363
426 427 0.014017 0 -1.03189 0 0 0 0 -1.01787
232 428 0 0 0 0 0 -0.10894 -0 -0.10894
231 428 0 0 0 0 -0.54918 0 -0 -0.54918
230 428 0 0 0 0 0 -0.102886 0 -0.102886
427 428 0.110042 0 -1.02249 0 0 0 0 -0.912444
229 429 0 0 0 0 0 -0.0754196 0 -0.0754196
231 429 0 0 0 0 0 -0.000168995 0 -0.000168995
230 429 0 0 0 0 0 -9.50582e-05 -0 -9.50582e-05
428 429 0.0244434 0 -0.787168 0 0 0 0 -0.762725
229 430 0 0 0 0 -0.803903 0 -0 -0.803903
228 430 0 0 0 0 -0 -0.0753703 0 -0.0753703
230 430 0 0 0 0 0 -0.0250043 0 -0.0250043
429 430 0.0361691 0 -1.19687 0 0 0 0 -1.1607
229 431 0 0 0 0 0 -0.0544161 0 -0.0544161
228 431 0 0 0 0 0 -0.000707903 -0 -0.000707903
430 431 0.028541 0 -1.13032 0 0 0 0 -1.10178
228 432 0 0 0 0 0 -0.008338 0 -0.008338
431 432 0.00459038 0 -1.19912 0 0 0 0 -1.19453
432 433 4.98556e-05 0 -1.22286 0 0 0 0 -1.22282
433 434 0.0306371 0 0 0 0 0 0 0.0306371
434 435 0.112787 0 -0.972982 0 0 0 0 -0.860195
435 436 0.000203292 0 0 0 0 0 0 0.000203292
436 437 0.00508767 0 -0.740854 0 0 0 0 -0.735766
437 438 0.00860731 0 0 0 0 0 0 0.00860731
438 439 8.14417e-05 0 -1.31092 0 0 0 0 -1.31084
440 441 0.0237814 0 -1.03415 0 0 0 0 -1.01037
441 442 0.00226067 0 -0.994582 0 0 0 0 -0.992322
442 443 0.0235119 0 -1.10159 0 0 0 0 -1.07808
443 444 0.0117791 0 -1.10101 0 0 0 0 -1.08923
444 445 0.0650243 0 -1.0019 0 0 0 0 -0.936872
445 446 0.00535597 0 -1.22184 0 0 0 0 -1.21649
446 447 0.0080711 0 -1.29176 0 0 0 0 -1.28368
447 448 0.0651107 0 -0.815125 0 0 0 0 -0.750014
448 449 5.01168e-05 0 0 0 0 0 0 5.01168e-05
449 450 0.0607793 0 -1.19023 0 0 0 0 -1.12945
450 451 0.00983563 0 -0.973287 0 0 0 0 -0.963451
447 452 0 0 0 0 -0 -0.0504316 -0 -0.0504316
450 452 0 0 0 0 0 -5.97273e-05 0 -5.97273e-05
448 452 0 0 0 0 0 -0.0304632 -0 -0.0304632
451 452 0.000275583 0 -0.84742 0 0 0 0 -0.847144
447 453 0 0 0 0 -0 -0.139871 -0 -0.139871
446 453 0 0 0 0 -0.423549 -9.41914e-06 -0 -0.423558
445 453 0 0 0 0 -0 -0.12677 0 -0.12677
452 453 0.0253531 0 -0.788537 0 0 0 0 -0.763184
446 454 0 0 0 0 -0 -0.159739 0 -0.159739
445 454 0 0 0 0 -0.787253 0 -0 -0.787253
444 454 0 0 0 0 -9.55277e-29 -0.153892 0 -0.153892
453 454 0.0137514 0 -1.32486 0 0 0 0 -1.31111
445 455 0 0 0 0 -0 -0.152657 -0 -0.152657
444 455 0 0 0 0 -0.799086 0 -0 -0.799086
443 455 0 0 0 0 -2.31794e-28 -0.145599 0 -0.145599
454 455 0.0134412 0 -1.01643 0 0 0 0 -1.00298
444 456 0 0 0 0 -0 -0.139988 0 -0.139988
443 456 0 0 0 0 -0.608432 -2.89474e-18 -0 -0.608432
442 456 0 0 0 0 -0 -0.128671 0 -0.128671
455 456 0.0496103 0 -1.26969 0 0 0 0 -1.22008
443 457 0 0 0 0 -0 -0.170486 0 -0.170486
442 457 0 0 0 0 -0.785225 0 -0 -0.785225
441 457 0 0 0 0 0 -0.015079 -0 -0.015079
456 457 0.0394033 0 -0.667941 0 0 0 0 -0.628538
440 458 0 0 0 0 -7.95528e-31 -0.0990095 -0 -0.0990095
442 458 0 0 0 0 0 -0.167155 0 -0.167155
441 458 0 0 0 0 -0.793585 0 -0 -0.793585
457 458 0.0471832 0 -1.15817 0 0 0 0 -1.11099
440 459 0 0 0 0 -0.780108 0 -0 -0.780108
441 459 0 0 0 0 -0 -0.175915 0 -0.175915
458 459 0.0154266 0 -1.09743 0 0 0 0 -1.082
419 460 0 0 0 0 -0.676716 0 -0 -0.676716
418 460 0 0 0 0 -0 -0.10276 -0 -0.10276
419 461 0 0 0 0 -0 -0.160669 0 -0.160669
418 461 0 0 0 0 -0.709698 0 -0 -0.709698
417 461 0 0 0 0 0 -0.178321 0 -0.178321
460 461 0.0145722 0 -1.25731 0 0 0 0 -1.24274
418 462 0 0 0 0 0 -0.0742753 0 -0.0742753
417 462 0 0 0 0 -0.665652 0 -0 -0.665652
416 462 0 0 0 0 -6.19077e-29 -0.177518 0 -0.177518
461 462 0.0167521 0 -1.1179 0 0 0 0 -1.10115
417 463 0 0 0 0 -0 -0.00892633 -0 -0.00892633
416 463 0 0 0 0 -0.808841 0 -0 -0.808841
415 463 0 0 0 0 -0 -0.138824 0 -0.138824
462 463 0.0783584 0 -1.0595 0 0 0 0 -0.98114
416 464 0 0 0 0 -0 -0.0885913 -0 -0.0885913
415 464 0 0 0 0 -0.629277 0 -0 -0.629277
414 464 0 0 0 0 -1.20477e-29 -0.0711947 0 -0.0711947
463 464 0.0051821 0 -1.30847 0 0 0 0 -1.30329
415 465 0 0 0 0 -0 -0.109984 0 -0.109984
414 465 0 0 0 0 -0.607945 0 -0 -0.607945
413 465 0 0 0 0 -0 -0.0867072 -0 -0.0867072
464 465 0.00563232 0 -1.09892 0 0 0 0 -1.09329
414 466 0 0 0 0 -0 -0.13064 0 -0.13064
413 466 0 0 0 0 -0.708586 0 -0 -0.708586
412 466 0 0 0 0 -9.29123e-31 -0.123391 0 -0.123391
465 466 0.00930175 0 -1.1583 0 0 0 0 -1.14899
413 467 0 0 0 0 -0 -0.0966856 -0 -0.0966856
412 467 0 0 0 0 -0.746158 0 -0 -0.746158
411 467 0 0 0 0 0 -0.147081 0 -0.147081
466 467 0.000488336 0 -1.10832 0 0 0 0 -1.10784
412 468 0 0 0 0 0 -0.142256 0 -0.142256
411 468 0 0 0 0 -0.743701 0 -0 -0.743701
410 468 0 0 0 0 0 -0.111868 -0 -0.111868
467 468 0.00101776 0 -1.22118 0 0 0 0 -1.22016
411 469 0 0 0 0 0 -0.0725634 -0 -0.0725634
409 469 0 0 0 0 0 -0.145461 0 -0.145461
468 469 0.144475 0 -1.2043 0 0 0 0 -1.05983
408 470 0 0 0 0 0 -0.107065 0 -0.107065
469 470 0.304881 0 -0.55539 0 0 0 0 -0.25051
409 471 0 0 0 0 0 -0.0756082 -0 -0.0756082
408 471 0 0 0 0 -0.74557 0 -0 -0.74557
407 471 0 0 0 0 0 -0.158375 0 -0.158375
470 471 0.000828386 0 -1.36783 0 0 0 0 -1.367
408 472 0 0 0 0 0 -0.114884 -0 -0.114884
407 472 0 0 0 0 -0.830554 0 -0 -0.830554
406 472 0 0 0 0 -4.14425e-29 -0.120577 -0 -0.120577
471 472 0.0285647 0 -1.30292 0 0 0 0 -1.27435
407 473 0 0 0 0 -0 -0.157553 0 -0.157553
406 473 0 0 0 0 -0.63355 -2.04847e-27 -0 -0.63355
405 473 0 0 0 0 -7.77803e-28 -0.0891961 0 -0.0891961
342 473 0 0 0 0 0 0 -0.639938 -0.639938
472 473 0.00325964 0 -1.30127 0 0 0 0 -1.29801
473 474 0.228064 0 -0 0 0 0 0 0.228064
474 475 0.000229005 0 0 0 0 0 0 0.000229005
475 476 0.00588201 0 -1.34333 0 0 0 0 -1.33744
476 477 0.0290735 0 -1.18491 0 0 0 0 -1.15584
477 478 0.0765552 0 -1.18011 0 0 0 0 -1.10355
478 479 0.0105697 0 -0.786428 0 0 0 0 -0.775859
480 481 0.32783 0 -1.15448 0 0 0 0 -0.826651
481 482 0.0266008 0 0 0 0 0 0 0.0266008
482 483 2.00512e-05 0 -1.18753 0 0 0 0 -1.18751
483 484 0.0185458 0 -1.29817 0 0 0 0 -1.27962
484 485 0.38421 0 -1.21859 0 0 0 0 -0.834381
485 486 0.00583767 0 -1.11992 0 0 0 0 -1.11408
486 487 0.233798 0 -0.857156 0 0 0 0 -0.623359
487 488 0.00293545 0 -1.29439 0 0 0 0 -1.29146
488 489 0.00219634 0 -1.3837 0 0 0 0 -1.3815
489 490 0.0210781 0 -1.3064 0 0 0 0 -1.28532
490 491 0.000884754 0 -1.30193 0 0 0 0 -1.30105
491 492 0.0743608 0 -0 0 0 0 0 0.0743608
489 493 0 0 0 0 -0 -0.000919456 -0 -0.000919456
488 493 0 0 0 0 0 -0.0255438 0 -0.0255438
492 493 0.000109239 0 -1.21822 0 0 0 0 -1.21811
488 494 0 0 0 0 0 -0.000163448 -0 -0.000163448
487 494 0 0 0 0 -0 -0.194255 0 -0.194255
493 494 0.000656627 0 -1.38242 0 0 0 0 -1.38176
488 495 0 0 0 0 0 -0.0645074 0 -0.0645074
487 495 0 0 0 0 -0.706069 0 -0 -0.706069
486 495 0 0 0 0 -0 -0.0846394 -0 -0.0846394
494 495 0.074643 0 -1.23861 0 0 0 0 -1.16396
487 496 0 0 0 0 -0 -0.148497 0 -0.148497
486 496 0 0 0 0 -0.819384 0 -0 -0.819384
485 496 0 0 0 0 -0 -0.172356 0 -0.172356
495 496 0.0707742 0 -1.19418 0 0 0 0 -1.12341
486 497 0 0 0 0 -0 -0.112771 0 -0.112771
485 497 0 0 0 0 -0.312272 -0.0002199 -0 -0.312492
484 497 0 0 0 0 -1.46122e-06 -0.0703071 0 -0.0703085
496 497 0.00521021 0 -1.24937 0 0 0 0 -1.24416
484 498 0 0 0 0 0 -0.00229436 0 -0.00229436
497 498 0.0170409 0 -0.922839 0 0 0 0 -0.905798
498 499 0.00567613 0 -1.16156 0 0 0 0 -1.15588
#Total energy per particle is  -1.17649 and should be -1.1764910
