#id1 id2 FENE BEXC STCK NEXC HB CRSTCK CXSTCK total, t = 400000
0 1 0.0118376 0 -1.32036 0 0 0 0 -1.30852
1 2 0.135197 0 -1.33275 0 0 0 0 -1.19755
2 3 0.0131541 0 -0.983243 0 0 0 0 -0.970089
3 4 0.00382877 0 -1.26922 0 0 0 0 -1.26539
4 5 0.090466 0 -1.26885 0 0 0 0 -1.17838
5 6 0.0424128 0 -1.14383 0 0 0 0 -1.10141
6 7 0.0148611 0 -1.15499 0 0 0 0 -1.14012
7 8 0.0203414 0 -1.21282 0 0 0 0 -1.19248
8 9 0.0859617 0 -0 0 0 0 0 0.0859617
9 10 0.00200781 0 -1.16606 0 0 0 0 -1.16405
7 11 0 0 0 0 0 -0.100431 -0 -0.100431
10 11 0.00875253 0 -1.0681 0 0 0 0 -1.05935
8 12 0 0 0 0 0 -0.165266 0 -0.165266
6 12 0 0 0 0 0 -0.208005 0 -0.208005
11 12 0.0624135 0 -1.18342 0 0 0 0 -1.12101
5 13 0 0 0 0 -3.63516e-28 -0.146921 0 -0.146921
7 13 0 0 0 0 0 -0.157148 0 -0.157148
6 13 0 0 0 0 -0.847248 0 -0 -0.847248
12 13 0.00593753 0 -1.07081 0 0 0 0 -1.06487
5 14 0 0 0 0 -0.839984 0 -0 -0.839984
4 14 0 0 0 0 0 -0.152367 0 -0.152367
6 14 0 0 0 0 -0 -0.0492755 -0 -0.0492755
13 14 0.0625387 0 -1.21225 0 0 0 0 -1.14971
3 15 0 0 0 0 0 -0.192158 0 -0.192158
5 15 0 0 0 0 0 -0.0138405 -0 -0.0138405
4 15 0 0 0 0 -0.761788 0 -0 -0.761788
14 15 0.0676003 0 -0.875578 0 0 0 0 -0.807978
12 16 0 0 0 0 0 -0.000612224 -0 -0.000612224
11 16 0 0 0 0 0 -0.143513 0 -0.143513
15 16 0.0666094 0 0 0 0 0 0 0.0666094
12 17 0 0 0 0 -0 -0.0970542 -0 -0.0970542
11 17 0 0 0 0 -0.387835 0 -0 -0.387835
10 17 0 0 0 0 -1.29238e-31 -0.0909437 0 -0.0909437
16 17 0.167087 0 -1.12832 0 0 0 0 -0.961231
11 18 0 0 0 0 -0 -0.168843 0 -0.168843
10 18 0 0 0 0 -0.327527 -5.49731e-15 0 -0.327527
9 18 0 0 0 0 0 -0.12827 0 -0.12827
17 18 0.00407017 0 -1.318 0 0 0 0 -1.31393
10 19 0 0 0 0 0 -0.106971 0 -0.106971
9 19 0 0 0 0 -0.764359 0 -0 -0.764359
18 19 0.0111326 0 -1.08551 0 0 0 0 -1.07438
20 21 0.117046 0 -1.19061 0 0 0 0 -1.07356
21 22 0.000558058 0 -1.01368 0 0 0 0 -1.01312
22 23 0.0442392 0 -1.28727 0 0 0 0 -1.24303
23 24 0.00521268 0 -1.07865 0 0 0 0 -1.07344
24 25 0.0147121 0 -1.04932 0 0 0 0 -1.0346
25 26 0.0199178 0 -0.984248 0 0 0 0 -0.96433
26 27 0.185965 0 -0.945559 0 0 0 0 -0.759594
27 28 0.00607245 0 -1.19974 0 0 0 0 -1.19366
28 29 0.00285586 0 -1.1255 0 0 0 0 -1.12265
29 30 0.00463816 0 -1.27722 0 0 0 0 -1.27258
30 31 0.026116 0 0 0 0 0 0 0.026116
27 32 0 0 0 0 0 -0.00164416 0 -0.00164416
26 32 0 0 0 0 0 -0.061528 0 -0.061528
31 32 0.0497735 0 -1.1089 0 0 0 0 -1.05913
27 33 0 0 0 0 0 -0.0469885 0 -0.0469885
26 33 0 0 0 0 -0.767349 0 -0 -0.767349
25 33 0 0 0 0 -2.04166e-30 -0.11293 -0 -0.11293
32 33 0.0301236 0 -1.29158 0 0 0 0 -1.26145
26 34 0 0 0 0 -0 -0.174674 0 -0.174674
25 34 0 0 0 0 -0.869611 0 -0 -0.869611
24 34 0 0 0 0 0 -0.12408 -0 -0.12408
33 34 0.0466063 0 -1.04978 0 0 0 0 -1.00318
25 35 0 0 0 0 0 -0.151877 0 -0.151877
24 35 0 0 0 0 -0.685958 0 -0 -0.685958
23 35 0 0 0 0 0 -0.165464 0 -0.165464
34 35 0.0139759 0 -0.692607 0 0 0 0 -0.678631
24 36 0 0 0 0 0 -0.152631 -0 -0.152631
23 36 0 0 0 0 -0.887716 0 -0 -0.887716
22 36 0 0 0 0 0 -0.209769 0 -0.209769
35 36 0.0185447 0 -0.983798 0 0 0 0 -0.965253
23 37 0 0 0 0 0 -0.178853 0 -0.178853
22 37 0 0 0 0 -0.314176 0 -0 -0.314176
21 37 0 0 0 0 -0 -0.121685 0 -0.121685
36 37 0.00132597 0 -1.23339 0 0 0 0 -1.23206
20 38 0 0 0 0 0 -0.0127082 -0 -0.0127082
22 38 0 0 0 0 -0 -0.175826 0 -0.175826
21 38 0 0 0 0 -0.234893 0 -0 -0.234893
37 38 0.0925432 0 -1.125 0 0 0 0 -1.03245
21 39 0 0 0 0 0 -0.00538116 -0 -0.00538116
38 39 0.119729 0 -0.445804 0 0 0 0 -0.326074
40 41 0.00403807 0 -1.0791 0 0 0 0 -1.07506
41 42 0.00291645 0 -1.17132 0 0 0 0 -1.16841
42 43 0.000464418 0 -1.38647 0 0 0 0 -1.38601
43 44 0.00448044 0 -0.905243 0 0 0 0 -0.900763
44 45 0.0477946 0 -1.22263 0 0 0 0 -1.17484
45 46 0.0130956 0 -1.19379 0 0 0 0 -1.1807
46 47 0.133165 0 -0.98965 0 0 0 0 -0.856485
47 48 0.22094 0 -1.26317 0 0 0 0 -1.04223
48 49 0.00512989 0 -0 0 0 0 0 0.00512989
49 50 0.0835684 0 -1.27419 0 0 0 0 -1.19062
50 51 0.10556 0 -1.31391 0 0 0 0 -1.20835
48 52 0 0 0 0 0 -0.0121791 -0 -0.0121791
51 52 0.0242808 0 -1.03089 0 0 0 0 -1.00661
47 53 0 0 0 0 0 -0.0302469 -0 -0.0302469
46 53 0 0 0 0 -0.395301 -7.81585e-06 0 -0.395308
45 53 0 0 0 0 -4.29847e-32 -0.186653 0 -0.186653
52 53 0.0169737 0 -1.19444 0 0 0 0 -1.17747
46 54 0 0 0 0 -0 -0.107461 0 -0.107461
45 54 0 0 0 0 -0.784696 0 -0 -0.784696
44 54 0 0 0 0 0 -0.129159 0 -0.129159
53 54 0.256098 0 -1.14188 0 0 0 0 -0.885786
45 55 0 0 0 0 0 -0.141388 0 -0.141388
44 55 0 0 0 0 -0.827282 0 -0 -0.827282
43 55 0 0 0 0 0 -0.0729048 0 -0.0729048
54 55 0.0211146 0 -1.15278 0 0 0 0 -1.13166
42 56 0 0 0 0 0 -0.105892 0 -0.105892
44 56 0 0 0 0 0 -0.197703 0 -0.197703
43 56 0 0 0 0 -0.557363 0 -0 -0.557363
55 56 0.00317447 0 -1.29573 0 0 0 0 -1.29256
42 57 0 0 0 0 -0.811693 0 -0 -0.811693
41 57 0 0 0 0 -2.21732e-28 -0.119002 0 -0.119002
43 57 0 0 0 0 0 -0.149993 0 -0.149993
56 57 0.0033496 0 -0.983526 0 0 0 0 -0.980177
42 58 0 0 0 0 -0 -0.165 0 -0.165
41 58 0 0 0 0 -0.742226 0 -0 -0.742226
40 58 0 0 0 0 0 -0.143863 0 -0.143863
57 58 0.00190957 0 -1.16436 0 0 0 0 -1.16245
41 59 0 0 0 0 0 -0.159405 0 -0.159405
40 59 0 0 0 0 0 -0.000141661 -0 -0.000141661
58 59 0.0374763 0 -1.22157 0 0 0 0 -1.1841
60 61 0.00416439 0 -1.29855 0 0 0 0 -1.29438
61 62 0.0125283 0 -1.0957 0 0 0 0 -1.08317
62 63 0.0168542 0 -1.03896 0 0 0 0 -1.02211
63 64 0.00969704 0 -1.35409 0 0 0 0 -1.34439
64 65 0.00439684 0 -1.22495 0 0 0 0 -1.22055
65 66 0.0210165 0 -1.01999 0 0 0 0 -0.998976
66 67 0.00143656 0 -1.29393 0 0 0 0 -1.29249
67 68 0.00535503 0 0 0 0 0 0 0.00535503
68 69 0.110885 0 -1.35965 0 0 0 0 -1.24876
69 70 0.0544986 0 -1.36587 0 0 0 0 -1.31137
70 71 0.100528 0 -1.09073 0 0 0 0 -0.990201
71 72 0.0109253 0 -0.857098 0 0 0 0 -0.846172
72 73 0.000456816 0 -0.955448 0 0 0 0 -0.954991
73 74 0.0100027 0 -1.11706 0 0 0 0 -1.10705
74 75 0.00361057 0 -0 0 0 0 0 0.00361057
71 76 0 0 0 0 0 -0.132299 0 -0.132299
75 76 0.135509 0 -1.29355 0 0 0 0 -1.15804
70 77 0 0 0 0 -4.58758e-28 -0.120308 0 -0.120308
72 77 0 0 0 0 -0 -0.143666 0 -0.143666
71 77 0 0 0 0 -0.856824 0 -0 -0.856824
76 77 0.063793 0 -0.96581 0 0 0 0 -0.902018
70 78 0 0 0 0 -0.821511 0 -0 -0.821511
69 78 0 0 0 0 0 -0.169253 0 -0.169253
71 78 0 0 0 0 -0 -0.147601 -0 -0.147601
77 78 0.0370737 0 -1.0935 0 0 0 0 -1.05643
70 79 0 0 0 0 0 -0.0868202 -0 -0.0868202
69 79 0 0 0 0 -0.785648 0 -0 -0.785648
68 79 0 0 0 0 0 -0.192653 0 -0.192653
78 79 0.106695 0 -0.831194 0 0 0 0 -0.7245
80 81 0.0689851 0 -1.21134 0 0 0 0 -1.14236
81 82 0.058161 0 -1.15978 0 0 0 0 -1.10162
82 83 0.0198039 0 -1.28196 0 0 0 0 -1.26216
83 84 0.0282666 0 -1.25008 0 0 0 0 -1.22181
84 85 0.0612471 0 -1.39187 0 0 0 0 -1.33063
85 86 0.000431685 0 -0.819183 0 0 0 0 -0.818751
86 87 0.00129516 0 0 0 0 0 0 0.00129516
87 88 0.0160325 0 -1.13445 0 0 0 0 -1.11841
88 89 0.00059386 0 -1.3006 0 0 0 0 -1.30001
89 90 0.004574 0 -1.06346 0 0 0 0 -1.05888
90 91 0.00119999 0 -1.34991 0 0 0 0 -1.34871
91 92 0.00923853 0 -1.2569 0 0 0 0 -1.24766
92 93 0.0184374 0 0 0 0 0 0 0.0184374
93 94 0.0155423 0 -0.86992 0 0 0 0 -0.854377
92 95 0 0 0 0 0 -0.0565353 0 -0.0565353
94 95 0.00218353 0 -1.32919 0 0 0 0 -1.327
91 96 0 0 0 0 0 -0.159508 0 -0.159508
95 96 0.00647811 0 -1.12224 0 0 0 0 -1.11576
92 97 0 0 0 0 -0 -0.100761 0 -0.100761
91 97 0 0 0 0 -0.751338 0 -0 -0.751338
90 97 0 0 0 0 -0 -0.137667 0 -0.137667
96 97 0.000597807 0 -0.793117 0 0 0 0 -0.792519
89 98 0 0 0 0 0 -0.160807 0 -0.160807
91 98 0 0 0 0 -0 -0.117544 0 -0.117544
90 98 0 0 0 0 -0.588748 0 -0 -0.588748
97 98 0.00202124 0 -0.94636 0 0 0 0 -0.944339
89 99 0 0 0 0 -0.649869 0 -0 -0.649869
90 99 0 0 0 0 0 -0.00228412 -0 -0.00228412
88 99 0 0 0 0 0 -0.156744 0 -0.156744
98 99 0.00464753 0 -1.07394 0 0 0 0 -1.06929
100 101 0.111651 0 -1.17547 0 0 0 0 -1.06381
101 102 0.0127113 0 -1.20653 0 0 0 0 -1.19382
102 103 0.00667505 0 -0.820286 0 0 0 0 -0.813611
103 104 0.0886663 0 -1.29998 0 0 0 0 -1.21132
104 105 0.000824932 0 -1.3299 0 0 0 0 -1.32908
105 106 0.0722307 0 0 0 0 0 0 0.0722307
106 107 0.00422534 0 -1.09934 0 0 0 0 -1.09512
107 108 0.000590942 0 -1.34766 0 0 0 0 -1.34707
108 109 0.0111273 0 -1.33598 0 0 0 0 -1.32485
109 110 0.0714447 0 -1.19758 0 0 0 0 -1.12614
110 111 0.0339138 0 -1.32544 0 0 0 0 -1.29153
111 112 0.0308273 0 -0.969142 0 0 0 0 -0.938315
112 113 5.90371e-05 0 -1.30105 0 0 0 0 -1.30099
113 114 0.00510682 0 -0.996414 0 0 0 0 -0.991307
114 115 0.00527487 0 -1.26014 0 0 0 0 -1.25487
115 116 0.100255 0 -0.850405 0 0 0 0 -0.750149
116 117 0.0401213 0 -1.17648 0 0 0 0 -1.13636
117 118 0.0236612 0 -1.24669 0 0 0 0 -1.22303
118 119 0.0438189 0 -1.33023 0 0 0 0 -1.28641
120 121 0.0037568 0 -1.10991 0 0 0 0 -1.10615
121 122 0.0558224 0 -1.3571 0 0 0 0 -1.30127
122 123 0.0135541 0 -1.32658 0 0 0 0 -1.31303
123 124 0.0716429 0 -0.661743 0 0 0 0 -0.5901
124 125 0.0425752 0 -1.31164 0 0 0 0 -1.26906
125 126 0.0144715 0 -1.19612 0 0 0 0 -1.18165
126 127 0.00400463 0 -1.41553 0 0 0 0 -1.41153
127 128 0.203311 0 -1.11966 0 0 0 0 -0.916346
128 129 0.226663 0 -1.25775 0 0 0 0 -1.03109
129 130 0.0166785 0 0 0 0 0 0 0.0166785
130 131 0.0953454 0 -0 0 0 0 0 0.0953454
131 132 0.000901667 0 -1.09695 0 0 0 0 -1.09605
132 133 0.00369588 0 -1.01726 0 0 0 0 -1.01356
133 134 0.489217 0 -1.08166 0 0 0 0 -0.592439
134 135 0.0582587 0 0 0 0 0 0 0.0582587
135 136 0.269719 0 -1.33952 0 0 0 0 -1.0698
136 137 0.0761106 0 -1.06138 0 0 0 0 -0.985269
137 138 0.13037 0 -0.374611 0 0 0 0 -0.244242
138 139 0.268982 0 -1.37111 0 0 0 0 -1.10213
140 141 0.175967 0 -1.31704 0 0 0 0 -1.14107
141 142 0.124832 0 -1.18503 0 0 0 0 -1.06019
142 143 0.166316 0 -0.756602 0 0 0 0 -0.590286
143 144 0.0495371 0 -1.25273 0 0 0 0 -1.20319
144 145 0.0298039 0 -1.33611 0 0 0 0 -1.30631
145 146 0.0368806 0 -1.26255 0 0 0 0 -1.22567
146 147 0.00697446 0 -0 0 0 0 0 0.00697446
147 148 0.0189214 0 -1.35833 0 0 0 0 -1.33941
145 149 0 0 0 0 -0 -0.000873384 -0 -0.000873384
148 149 0.0715425 0 -1.34751 0 0 0 0 -1.27597
144 150 0 0 0 0 -0 -0.127102 0 -0.127102
149 150 0.0185776 0 -1.31822 0 0 0 0 -1.29964
145 151 0 0 0 0 0 -0.0990423 -0 -0.0990423
144 151 0 0 0 0 -0.803286 0 -0 -0.803286
143 151 0 0 0 0 0 -0.141037 0 -0.141037
150 151 0.0407947 0 -1.00217 0 0 0 0 -0.961373
142 152 0 0 0 0 0 -0.101361 0 -0.101361
144 152 0 0 0 0 0 -0.211661 0 -0.211661
143 152 0 0 0 0 -0.86615 0 -0 -0.86615
151 152 0.0293023 0 -1.19188 0 0 0 0 -1.16257
142 153 0 0 0 0 0 -4.61266e-07 -0 -4.61266e-07
143 153 0 0 0 0 -0 -0.0691775 0 -0.0691775
152 153 0.000380001 0 -1.34169 0 0 0 0 -1.34131
142 154 0 0 0 0 0 -0.0170278 -0 -0.0170278
141 154 0 0 0 0 0 -0.00205835 -0 -0.00205835
153 154 0.0341519 0 -1.04419 0 0 0 0 -1.01004
154 155 3.31756e-06 0 -1.25996 0 0 0 0 -1.25996
155 156 0.0145104 0 -1.21827 0 0 0 0 -1.20376
156 157 0.095962 0 -1.24313 0 0 0 0 -1.14717
157 158 0.00402481 0 -1.28716 0 0 0 0 -1.28314
158 159 0.0140618 0 -1.37912 0 0 0 0 -1.36506
160 161 0.000152951 0 0 0 0 0 0 0.000152951
161 162 0.0230335 0 -1.00504 0 0 0 0 -0.982009
162 163 0.0069402 0 -1.22892 0 0 0 0 -1.22198
163 164 0.00381662 0 -1.375 0 0 0 0 -1.37119
164 165 0.132864 0 -1.27096 0 0 0 0 -1.1381
165 166 0.0034736 0 -1.22996 0 0 0 0 -1.22649
166 167 0.0153939 0 -1.33447 0 0 0 0 -1.31908
167 168 0.108899 0 0 0 0 0 0 0.108899
168 169 0.0376358 0 -1.38129 0 0 0 0 -1.34366
169 170 0.0318444 0 -1.4071 0 0 0 0 -1.37526
170 171 0.1232 0 -1.27177 0 0 0 0 -1.14857
171 172 0.14976 0 -1.25471 0 0 0 0 -1.10495
172 173 1.96441e-05 0 -0.995815 0 0 0 0 -0.995795
172 174 0 0 0 0.00215212 0 0 0 0.00215212
173 174 0.0289036 0 0 0 0 0 0 0.0289036
170 175 0 0 0 0 0 -0.000397439 0 -0.000397439
174 175 0.0140937 0 -1.14137 0 0 0 0 -1.12728
169 176 0 0 0 0 -0 -0.152185 -0 -0.152185
175 176 0.0180305 0 -0.976847 0 0 0 0 -0.958816
170 177 0 0 0 0 0 -0.177202 0 -0.177202
169 177 0 0 0 0 -0.806379 0 -0 -0.806379
168 177 0 0 0 0 0 -0.168162 0 -0.168162
176 177 0.000152341 0 -1.28192 0 0 0 0 -1.28177
169 178 0 0 0 0 0 -0.130527 -0 -0.130527
177 178 1.34124e-07 0 -1.26456 0 0 0 0 -1.26456
168 179 0 0 0 0 0 -0.127122 0 -0.127122
178 179 0.008898 0 -0.984676 0 0 0 0 -0.975778
180 181 0.000425465 0 -1.35983 0 0 0 0 -1.3594
181 182 0.00715719 0 -1.11038 0 0 0 0 -1.10322
182 183 0.000376589 0 -1.18429 0 0 0 0 -1.18392
183 184 0.00132935 0 -1.01508 0 0 0 0 -1.01376
184 185 0.000424523 0 -1.13856 0 0 0 0 -1.13814
185 186 0.00978576 0 -1.29148 0 0 0 0 -1.2817
186 187 0.0365782 0 -1.09736 0 0 0 0 -1.06079
187 188 0.0290279 0 -1.09804 0 0 0 0 -1.06901
188 189 0.0759283 0 -1.30343 0 0 0 0 -1.2275
189 190 0.000105149 0 -1.17939 0 0 0 0 -1.17929
190 191 0.0278169 0 -1.32511 0 0 0 0 -1.29729
191 192 0.0957162 0 -1.35198 0 0 0 0 -1.25626
192 193 0.000955624 0 -0 0 0 0 0 0.000955624
193 194 0.00992292 0 -1.38288 0 0 0 0 -1.37296
194 195 0.00833369 0 -1.12854 0 0 0 0 -1.12021
195 196 0.0347957 0 -0.944082 0 0 0 0 -0.909286
196 197 0.00366115 0 -1.03068 0 0 0 0 -1.02702
197 198 0.00149571 0 -1.25576 0 0 0 0 -1.25426
198 199 0.000173348 0 -1.16711 0 0 0 0 -1.16694
200 201 0.0386379 0 -1.23092 0 0 0 0 -1.19228
201 202 0.0149685 0 -0.69746 0 0 0 0 -0.682491
202 203 0.00880526 0 -1.2748 0 0 0 0 -1.266
203 204 0.0134874 0 -1.26555 0 0 0 0 -1.25206
204 205 0.0130304 0 -1.1346 0 0 0 0 -1.12157
205 206 0.10667 0 -0.946822 0 0 0 0 -0.840152
206 207 0.0554654 0 -1.27047 0 0 0 0 -1.215
207 208 0.0128391 0 -1.32617 0 0 0 0 -1.31333
208 209 0.190276 0 -1.14525 0 0 0 0 -0.954975
67 210 0 0 0 0 0 -0.158936 0 -0.158936
209 210 0.0252015 0 -0.974522 0 0 0 0 -0.94932
67 211 0 0 0 0 -0.5814 0 -0 -0.5814
66 211 0 0 0 0 0 -0.133794 -0 -0.133794
210 211 0.00332259 0 -1.38951 0 0 0 0 -1.38619
67 212 0 0 0 0 0 -0.0842341 -0 -0.0842341
66 212 0 0 0 0 -0.634555 0 -0 -0.634555
65 212 0 0 0 0 -0 -0.131191 0 -0.131191
211 212 0.0583851 0 -1.18432 0 0 0 0 -1.12593
66 213 0 0 0 0 -0 -0.0761382 0 -0.0761382
65 213 0 0 0 0 -0.690917 0 -0 -0.690917
64 213 0 0 0 0 0 -0.024112 -0 -0.024112
212 213 0.0304284 0 -1.27099 0 0 0 0 -1.24056
65 214 0 0 0 0 -0 -0.163245 0 -0.163245
63 214 0 0 0 0 0 -0.0175321 -0 -0.0175321
213 214 0.0837377 0 -1.33892 0 0 0 0 -1.25518
64 215 0 0 0 0 0 -0.000857703 0 -0.000857703
214 215 0.0030833 0 -0.819843 0 0 0 0 -0.816759
63 216 0 0 0 0 0 -0.0827171 0 -0.0827171
62 216 0 0 0 0 -0.663691 0 -0 -0.663691
61 216 0 0 0 0 -0 -0.0834322 -0 -0.0834322
215 216 0.00695458 0 -0.667427 0 0 0 0 -0.660473
62 217 0 0 0 0 -0 -0.163929 0 -0.163929
61 217 0 0 0 0 -0.745754 0 -0 -0.745754
60 217 0 0 0 0 0 -0.15006 0 -0.15006
216 217 0.00457031 0 -1.16267 0 0 0 0 -1.1581
61 218 0 0 0 0 0 -0.165323 0 -0.165323
60 218 0 0 0 0 -0.360833 0 -0 -0.360833
217 218 0.122414 0 -1.33944 0 0 0 0 -1.21703
60 219 0 0 0 0 -0 -0.0200366 0 -0.0200366
218 219 0.00096634 0 -1.28204 0 0 0 0 -1.28107
220 221 0.0337022 0 -1.34388 0 0 0 0 -1.31017
221 222 0.00134532 0 -1.16065 0 0 0 0 -1.1593
222 223 0.00233508 0 -0.821046 0 0 0 0 -0.818711
223 224 0.0428433 0 -1.38667 0 0 0 0 -1.34383
224 225 0.0977252 0 -0.822218 0 0 0 0 -0.724493
225 226 0.0321756 0 -0.651831 0 0 0 0 -0.619655
226 227 0.00854998 0 -1.06503 0 0 0 0 -1.05648
227 228 0.00154817 0 -1.21524 0 0 0 0 -1.21369
228 229 0.00983951 0 -1.03357 0 0 0 0 -1.02373
229 230 0.0355369 0 -1.18146 0 0 0 0 -1.14592
230 231 0.0121404 0 -1.00965 0 0 0 0 -0.997513
231 232 0.0453466 0 -0.795006 0 0 0 0 -0.749659
232 233 0.0673946 0 -1.2301 0 0 0 0 -1.16271
233 234 2.15892e-06 0 -1.02308 0 0 0 0 -1.02308
234 235 0.00669755 0 -1.29346 0 0 0 0 -1.28676
235 236 0.00234429 0 -0.850682 0 0 0 0 -0.848338
236 237 0.00881709 0 -1.34379 0 0 0 0 -1.33497
237 238 0.000720299 0 -0.897399 0 0 0 0 -0.896678
238 239 0.0749614 0 -1.20572 0 0 0 0 -1.13076
187 240 0 0 0 0 0 -0.167419 0 -0.167419
189 240 0 0 0 0 0 -0.0890657 0 -0.0890657
187 241 0 0 0 0 -0.892038 0 -0 -0.892038
186 241 0 0 0 0 0 -0.147441 0 -0.147441
188 241 0 0 0 0 -0 -0.175947 0 -0.175947
240 241 0.00674684 0 -1.32917 0 0 0 0 -1.32243
187 242 0 0 0 0 0 -0.142452 -0 -0.142452
186 242 0 0 0 0 -0.531537 0 -0 -0.531537
185 242 0 0 0 0 -1.39082e-29 -0.11258 0 -0.11258
241 242 0.0159149 0 -1.26056 0 0 0 0 -1.24465
186 243 0 0 0 0 -0 -0.12142 0 -0.12142
185 243 0 0 0 0 -0.739209 0 -0 -0.739209
184 243 0 0 0 0 0 -0.14112 0 -0.14112
242 243 0.260308 0 -1.2053 0 0 0 0 -0.944994
185 244 0 0 0 0 -0 -0.142183 0 -0.142183
183 244 0 0 0 0 0 -0.0708705 0 -0.0708705
243 244 0.0691367 0 -1.28572 0 0 0 0 -1.21659
184 245 0 0 0 0 0 -0.109108 -0 -0.109108
182 245 0 0 0 0 -1.5091e-28 -0.153465 0 -0.153465
244 245 0.00467019 0 -0.954427 0 0 0 0 -0.949756
183 246 0 0 0 0 0 -0.0950688 -0 -0.0950688
182 246 0 0 0 0 -0.77631 0 -0 -0.77631
181 246 0 0 0 0 -1.57508e-30 -0.19462 0 -0.19462
245 246 0.0309954 0 -1.09055 0 0 0 0 -1.05956
180 247 0 0 0 0 0 -0.125941 -0 -0.125941
182 247 0 0 0 0 -0 -0.147817 0 -0.147817
181 247 0 0 0 0 -0.76073 0 -0 -0.76073
246 247 0.0406936 0 -1.30977 0 0 0 0 -1.26908
180 248 0 0 0 0 -0.438897 0 -0 -0.438897
181 248 0 0 0 0 0 -0.168323 0 -0.168323
247 248 0.0116297 0 -0.891198 0 0 0 0 -0.879568
180 249 0 0 0 0 -0 -0.0944394 0 -0.0944394
248 249 0.0502653 0 -1.38781 0 0 0 0 -1.33754
249 250 0.00946614 0 -0.964844 0 0 0 0 -0.955378
250 251 0.00469089 0 -1.27033 0 0 0 0 -1.26564
251 252 0.051376 0 -1.21338 0 0 0 0 -1.16201
252 253 0.0276869 0 -0.920269 0 0 0 0 -0.892582
253 254 0.0375777 0 -1.26779 0 0 0 0 -1.23021
254 255 0.102422 0 -1.35549 0 0 0 0 -1.25307
255 256 0.00824028 0 -1.39104 0 0 0 0 -1.3828
256 257 0.185363 0 -1.1326 0 0 0 0 -0.947235
257 258 0.113715 0 -1.26484 0 0 0 0 -1.15113
258 259 0.198127 0 -1.36288 0 0 0 0 -1.16475
260 261 0.00102534 0 -1.15441 0 0 0 0 -1.15338
261 262 0.0872032 0 -1.28659 0 0 0 0 -1.19939
262 263 0.0119667 0 -1.41273 0 0 0 0 -1.40076
263 264 0.144272 0 -1.24065 0 0 0 0 -1.09638
264 265 0.0145696 0 0 0 0 0 0 0.0145696
265 266 0.00552183 0 -1.26317 0 0 0 0 -1.25765
266 267 0.0304542 0 -1.04227 0 0 0 0 -1.01181
267 268 0.0719768 0 -1.02694 0 0 0 0 -0.95496
263 269 0 0 0 0 0 -0.00756423 0 -0.00756423
262 269 0 0 0 0 0 -0.0113613 -0 -0.0113613
261 269 0 0 0 0 0 -0.00831524 0 -0.00831524
268 269 0.000807403 0 -1.12831 0 0 0 0 -1.1275
262 270 0 0 0 0 0 -0.149866 0 -0.149866
261 270 0 0 0 0 -0.260341 0 -0 -0.260341
260 270 0 0 0 0 0 -0.156696 0 -0.156696
269 270 8.28774e-05 0 -1.11584 0 0 0 0 -1.11576
261 271 0 0 0 0 0 -0.0677318 -0 -0.0677318
260 271 0 0 0 0 -0.607658 0 -0 -0.607658
270 271 0.0482444 0 -1.3976 0 0 0 0 -1.34936
260 272 0 0 0 0 0 -0.120744 0 -0.120744
271 272 0.0603167 0 -1.37492 0 0 0 0 -1.3146
272 273 0.0206543 0 -0.602821 0 0 0 0 -0.582167
273 274 0.0701635 0 -1.3395 0 0 0 0 -1.26933
274 275 0.000495299 0 -1.3479 0 0 0 0 -1.34741
275 276 0.0135108 0 -1.22292 0 0 0 0 -1.20941
276 277 0.176666 0 -1.31735 0 0 0 0 -1.14068
277 278 0.03563 0 -1.31986 0 0 0 0 -1.28423
278 279 0.0687172 0 0 0 0 0 0 0.0687172
280 281 0.00318708 0 -1.30671 0 0 0 0 -1.30353
281 282 0.0170731 0 -1.37672 0 0 0 0 -1.35965
282 283 0.0551233 0 -1.17741 0 0 0 0 -1.12228
283 284 0.0524662 0 -1.28215 0 0 0 0 -1.22968
284 285 0.00969488 0 -1.11889 0 0 0 0 -1.1092
285 286 0.0117248 0 -1.24706 0 0 0 0 -1.23533
286 287 0.0548476 0 -0.873701 0 0 0 0 -0.818854
287 288 0.121761 0 -1.00617 0 0 0 0 -0.884405
288 289 0.01777 0 -0.959895 0 0 0 0 -0.942125
289 290 0.0338623 0 -0.795359 0 0 0 0 -0.761496
290 291 0.0320085 0 -0.91534 0 0 0 0 -0.883332
198 292 0 0 0 0 0 -0.0085412 -0 -0.0085412
291 292 0.032324 0 -1.30111 0 0 0 0 -1.26879
199 293 0 0 0 0 -0 -0.108465 0 -0.108465
197 293 0 0 0 0 -0 -0.141485 0 -0.141485
292 293 0.0124937 0 -1.17601 0 0 0 0 -1.16351
198 294 0 0 0 0 0 -0.194823 0 -0.194823
197 294 0 0 0 0 -0.744012 0 -0 -0.744012
196 294 0 0 0 0 -7.43712e-29 -0.124166 0 -0.124166
293 294 0.0745739 0 -1.3113 0 0 0 0 -1.23672
197 295 0 0 0 0 -0 -0.121195 -0 -0.121195
196 295 0 0 0 0 -0.775901 0 -0 -0.775901
195 295 0 0 0 0 -0 -0.171492 0 -0.171492
294 295 0.049502 0 -0.991067 0 0 0 0 -0.941565
196 296 0 0 0 0 -0 -0.171504 0 -0.171504
195 296 0 0 0 0 -0.749636 0 -0 -0.749636
194 296 0 0 0 0 -0 -0.0382781 -0 -0.0382781
295 296 0.0288166 0 -1.30072 0 0 0 0 -1.27191
193 297 0 0 0 0 -0 -0.14316 0 -0.14316
192 297 0 0 0 0 -0 -3.31341e-05 0 -3.31341e-05
195 297 0 0 0 0 -0 -0.212131 0 -0.212131
194 297 0 0 0 0 -0.825837 0 -0 -0.825837
296 297 0.0480827 0 -0.98703 0 0 0 0 -0.938948
190 298 0 0 0 0 -0 -0.0200186 0 -0.0200186
192 298 0 0 0 0 0 -0.00105925 0 -0.00105925
191 298 0 0 0 0 -0.109365 -4.3601e-07 -0 -0.109366
194 298 0 0 0 0 0 -0.0610979 -0 -0.0610979
297 298 0.00215923 0 -0.935938 0 0 0 0 -0.933779
190 299 0 0 0 0 -0.52177 0 -0 -0.52177
189 299 0 0 0 0 0 -0.11954 0 -0.11954
191 299 0 0 0 0 -0 -0.0479417 0 -0.0479417
298 299 0.281749 0 -1.19037 0 0 0 0 -0.908621
300 301 0.0319379 0 -1.20618 0 0 0 0 -1.17424
301 302 0.000278779 0 -1.17885 0 0 0 0 -1.17857
302 303 0.0458444 0 -1.1962 0 0 0 0 -1.15035
303 304 0.232001 0 -1.30918 0 0 0 0 -1.07718
304 305 0.00949067 0 -1.19621 0 0 0 0 -1.18672
305 306 0.0344428 0 -1.3119 0 0 0 0 -1.27746
306 307 0.0320104 0 -1.33942 0 0 0 0 -1.30741
307 308 0.150177 0 -0.868362 0 0 0 0 -0.718185
308 309 0.10798 0 -0 0 0 0 0 0.10798
309 310 0.0155681 0 -1.24035 0 0 0 0 -1.22478
308 311 0 0 0 0 -0 -0.0151025 -0 -0.0151025
306 311 0 0 0 0 0 -0.15463 0 -0.15463
310 311 0.0715607 0 -1.15035 0 0 0 0 -1.07879
307 312 0 0 0 0 -0 -0.184532 0 -0.184532
306 312 0 0 0 0 -0.788139 0 -0 -0.788139
305 312 0 0 0 0 -3.30906e-29 -0.18321 0 -0.18321
311 312 0.109269 0 -1.22643 0 0 0 0 -1.11716
306 313 0 0 0 0 -0 -0.177391 0 -0.177391
305 313 0 0 0 0 -0.861896 0 -0 -0.861896
304 313 0 0 0 0 -6.80645e-20 -0.156555 0 -0.156555
312 313 0.200152 0 -0.833499 0 0 0 0 -0.633348
305 314 0 0 0 0 -0 -0.118309 0 -0.118309
304 314 0 0 0 0 -0.666986 0 -0 -0.666986
303 314 0 0 0 0 -1.633e-30 -0.0723173 -0 -0.0723173
313 314 0.00123421 0 -1.19114 0 0 0 0 -1.18991
304 315 0 0 0 0 -0 -0.158214 0 -0.158214
303 315 0 0 0 0 -0.837859 0 -0 -0.837859
302 315 0 0 0 0 -1.19049e-29 -0.144523 0 -0.144523
314 315 0.00108926 0 -1.1325 0 0 0 0 -1.13141
303 316 0 0 0 0 -0 -0.157556 0 -0.157556
302 316 0 0 0 0 -0.837285 0 -0 -0.837285
301 316 0 0 0 0 0 -0.167473 -0 -0.167473
315 316 0.182934 0 -1.36177 0 0 0 0 -1.17884
300 317 0 0 0 0 0 -0.0299282 -0 -0.0299282
302 317 0 0 0 0 -0 -0.185369 0 -0.185369
316 317 0.196738 0 -1.37244 0 0 0 0 -1.1757
301 318 0 0 0 0 -0 -0.076216 -0 -0.076216
317 318 0.0127406 0 -1.2762 0 0 0 0 -1.26346
318 319 0.0527698 0 -1.21458 0 0 0 0 -1.16181
320 321 0.00504541 0 -1.11494 0 0 0 0 -1.10989
321 322 0.00551097 0 0 0 0 0 0 0.00551097
322 323 0.0753028 0 -1.35312 0 0 0 0 -1.27782
323 324 0.0005095 0 -1.03445 0 0 0 0 -1.03394
324 325 0.000660769 0 -1.29909 0 0 0 0 -1.29843
325 326 0.0321225 0 -0.827836 0 0 0 0 -0.795713
326 327 0.0129222 0 -1.25311 0 0 0 0 -1.24019
327 328 0.163691 0 -1.13881 0 0 0 0 -0.97512
328 329 0.0101928 0 0 0 0 0 0 0.0101928
329 330 0.0840741 0 -1.35284 0 0 0 0 -1.26877
328 331 0 0 0 0 -0 -0.0450013 -0 -0.0450013
330 331 0.00781675 0 -1.08761 0 0 0 0 -1.07979
328 332 0 0 0 0 0 -1.84023e-07 -0 -1.84023e-07
327 332 0 0 0 0 -3.52268e-16 -0.121784 0 -0.121784
331 332 0.000195563 0 -1.23174 0 0 0 0 -1.23154
328 333 0 0 0 0 0 -0.165682 0 -0.165682
327 333 0 0 0 0 -0.765362 0 -0 -0.765362
326 333 0 0 0 0 -0 -0.14082 -0 -0.14082
332 333 2.9433e-05 0 -0.998099 0 0 0 0 -0.99807
327 334 0 0 0 0 -0 -0.149187 0 -0.149187
326 334 0 0 0 0 -0.823388 0 -0 -0.823388
325 334 0 0 0 0 -0 -0.0840173 -0 -0.0840173
333 334 0.00128029 0 -1.05039 0 0 0 0 -1.04911
326 335 0 0 0 0 -0 -0.133738 0 -0.133738
325 335 0 0 0 0 -0.79826 0 -0 -0.79826
324 335 0 0 0 0 -3.39549e-28 -0.151028 0 -0.151028
334 335 0.142238 0 -1.25415 0 0 0 0 -1.11191
323 336 0 0 0 0 -3.00409e-29 -0.149802 -0 -0.149802
325 336 0 0 0 0 -0 -0.185998 0 -0.185998
324 336 0 0 0 0 -0.859967 0 -0 -0.859967
335 336 0.0329236 0 -1.20742 0 0 0 0 -1.1745
323 337 0 0 0 0 -0.762372 0 -0 -0.762372
322 337 0 0 0 0 -0 -0.182967 0 -0.182967
324 337 0 0 0 0 -0 -0.213804 0 -0.213804
336 337 0.000497176 0 -1.27803 0 0 0 0 -1.27753
323 338 0 0 0 0 0 -0.155796 0 -0.155796
337 338 0.00164965 0 -1.33614 0 0 0 0 -1.33449
322 339 0 0 0 0 -0 -0.00126661 0 -0.00126661
338 339 0.00348466 0 -1.18261 0 0 0 0 -1.17912
340 341 0.000998831 0 -1.18178 0 0 0 0 -1.18078
341 342 0.0515384 0 -1.31644 0 0 0 0 -1.2649
342 343 0.00317398 0 -0.997477 0 0 0 0 -0.994303
343 344 0.0239749 0 -0.983513 0 0 0 0 -0.959538
344 345 0.0104673 0 -1.25805 0 0 0 0 -1.24759
345 346 0.0470578 0 -1.37738 0 0 0 0 -1.33032
346 347 0.0170267 0 -1.40444 0 0 0 0 -1.38741
347 348 0.0251537 0 -1.20508 0 0 0 0 -1.17993
290 349 0 0 0 0 -0.73298 0 -0 -0.73298
289 349 0 0 0 0 0 -0.077561 0 -0.077561
291 349 0 0 0 0 0 -0.0391514 0 -0.0391514
348 349 0.000393507 0 0 0 0 0 0 0.000393507
290 350 0 0 0 0 0 -0.0923729 0 -0.0923729
289 350 0 0 0 0 -0.194575 -0.000153291 0 -0.194728
288 350 0 0 0 0 -4.68698e-17 -0.115974 0 -0.115974
349 350 0.118549 0 -0.978799 0 0 0 0 -0.86025
289 351 0 0 0 0 -0.00261052 -0.0260275 0 -0.028638
288 351 0 0 0 0 -0.682499 0 -0 -0.682499
287 351 0 0 0 0 0 -0.14359 0 -0.14359
350 351 0.00810971 0 -1.07437 0 0 0 0 -1.06626
288 352 0 0 0 0 0 -0.0492931 0 -0.0492931
287 352 0 0 0 0 -0.714156 0 -0 -0.714156
286 352 0 0 0 0 -5.92094e-17 -0.0876466 0 -0.0876466
351 352 0.0342807 0 -1.07079 0 0 0 0 -1.03651
287 353 0 0 0 0 -0 -0.0216884 -0 -0.0216884
286 353 0 0 0 0 -0.860512 0 -0 -0.860512
285 353 0 0 0 0 -9.34203e-31 -0.143706 0 -0.143706
352 353 0.174497 0 -0.984088 0 0 0 0 -0.809591
286 354 0 0 0 0 -0 -0.0985718 0 -0.0985718
285 354 0 0 0 0 -0.520535 0 -0 -0.520535
284 354 0 0 0 0 -3.46588e-29 -0.127982 0 -0.127982
353 354 0.0078517 0 -1.01423 0 0 0 0 -1.00638
285 355 0 0 0 0 -0 -0.0766798 0 -0.0766798
283 355 0 0 0 0 -7.29657e-29 -0.134416 0 -0.134416
284 355 0 0 0 0 -0.65716 0 -0 -0.65716
354 355 0.00796585 0 -1.09658 0 0 0 0 -1.08861
283 356 0 0 0 0 -0.65691 0 -0 -0.65691
282 356 0 0 0 0 -7.18268e-31 -0.0785761 -0 -0.0785761
284 356 0 0 0 0 -0 -0.0740558 -0 -0.0740558
355 356 0.0143275 0 -1.20957 0 0 0 0 -1.19524
283 357 0 0 0 0 -0 -0.172803 0 -0.172803
282 357 0 0 0 0 -0.358976 0 -0 -0.358976
281 357 0 0 0 0 0 -0.128767 0 -0.128767
356 357 0.0354533 0 -0.943949 0 0 0 0 -0.908496
282 358 0 0 0 0 0 -0.188756 0 -0.188756
281 358 0 0 0 0 -0.890254 0 -0 -0.890254
280 358 0 0 0 0 0 -0.160536 0 -0.160536
357 358 0.0509462 0 -1.20839 0 0 0 0 -1.15744
281 359 0 0 0 0 0 -0.193 0 -0.193
358 359 0.00623082 0 -1.31319 0 0 0 0 -1.30696
360 361 0.0479846 0 -1.28986 0 0 0 0 -1.24188
361 362 0.015216 0 -0.936429 0 0 0 0 -0.921213
362 363 0.00537468 0 -1.18756 0 0 0 0 -1.18219
363 364 0.00126316 0 -1.33846 0 0 0 0 -1.33719
364 365 0.243211 0 -1.16255 0 0 0 0 -0.919336
365 366 0.010926 0 -1.27715 0 0 0 0 -1.26622
366 367 5.09718e-06 0 -1.23797 0 0 0 0 -1.23797
367 368 0.00176352 0 -1.20617 0 0 0 0 -1.20441
368 369 0.00340614 0 -1.34478 0 0 0 0 -1.34137
369 370 0.0153066 0 0 0 0 0 0 0.0153066
370 371 0.0208133 0 -0.905319 0 0 0 0 -0.884506
371 372 0.0278462 0 -1.34983 0 0 0 0 -1.32198
368 373 0 0 0 0 0 -0.0873299 -0 -0.0873299
372 373 0.00122428 0 -1.11647 0 0 0 0 -1.11525
367 374 0 0 0 0 -3.92862e-29 -0.192524 0 -0.192524
369 374 0 0 0 0 0 -0.0653706 -0 -0.0653706
373 374 0.0124225 0 -1.26652 0 0 0 0 -1.2541
368 375 0 0 0 0 0 -0.111966 -0 -0.111966
367 375 0 0 0 0 -0.694444 0 -0 -0.694444
366 375 0 0 0 0 -0 -0.179834 0 -0.179834
374 375 0.00251392 0 -0.99615 0 0 0 0 -0.993636
365 376 0 0 0 0 -2.7679e-30 -0.160071 0 -0.160071
367 376 0 0 0 0 -0 -0.176389 0 -0.176389
366 376 0 0 0 0 -0.812395 0 -0 -0.812395
375 376 0.00272781 0 -1.15562 0 0 0 0 -1.1529
365 377 0 0 0 0 -0.728243 0 -0 -0.728243
366 377 0 0 0 0 -0 -0.132329 0 -0.132329
364 377 0 0 0 0 -0 -0.0702358 0 -0.0702358
376 377 0.0146188 0 -1.18892 0 0 0 0 -1.17431
364 378 0 0 0 0 0 -0.00192512 0 -0.00192512
377 378 0.0368748 0 -0.877989 0 0 0 0 -0.841115
378 379 0.0127115 0 0 0 0 0 0 0.0127115
380 381 0.02835 0 -1.31909 0 0 0 0 -1.29074
381 382 0.0066874 0 -1.38558 0 0 0 0 -1.37889
382 383 0.0977523 0 0 0 0 0 0 0.0977523
383 384 0.00511076 0 -1.31778 0 0 0 0 -1.31267
384 385 0.0639875 0 -1.23039 0 0 0 0 -1.1664
385 386 0.0511548 0 -1.24139 0 0 0 0 -1.19023
386 387 0.0558886 0 -1.08541 0 0 0 0 -1.02952
387 388 0.000204283 0 -0.94774 0 0 0 0 -0.947535
388 389 0.0314861 0 -1.08336 0 0 0 0 -1.05187
389 390 0.0652975 0 -1.17251 0 0 0 0 -1.10721
390 391 0.060114 0 -0.929453 0 0 0 0 -0.869339
391 392 1.65337e-05 0 0 0 0 0 0 1.65337e-05
389 393 0 0 0 0 0 -0.00296409 -0 -0.00296409
388 393 0 0 0 0 0 -8.77583e-05 -0 -8.77583e-05
387 393 0 0 0 0 -0 -0.157222 0 -0.157222
392 393 0.00121086 0 0 0 0 0 0 0.00121086
388 394 0 0 0 0 0 -0.0970903 0 -0.0970903
387 394 0 0 0 0 -0.643949 0 -0 -0.643949
386 394 0 0 0 0 -4.19646e-29 -0.0724869 -0 -0.0724869
393 394 0.0139583 0 -1.18497 0 0 0 0 -1.17102
387 395 0 0 0 0 -0 -0.133426 -0 -0.133426
386 395 0 0 0 0 -0.773884 0 -0 -0.773884
385 395 0 0 0 0 -3.69118e-28 -0.100547 0 -0.100547
394 395 0.0400584 0 -1.18156 0 0 0 0 -1.1415
386 396 0 0 0 0 -0 -0.148243 -0 -0.148243
385 396 0 0 0 0 -0.828214 0 -0 -0.828214
384 396 0 0 0 0 -1.41078e-29 -0.208112 0 -0.208112
395 396 0.0886173 0 -1.25003 0 0 0 0 -1.16141
385 397 0 0 0 0 -0 -0.0239373 -0 -0.0239373
384 397 0 0 0 0 -0.624239 0 -0 -0.624239
383 397 0 0 0 0 -0 -0.118266 -0 -0.118266
396 397 0.138196 0 -1.18006 0 0 0 0 -1.04187
384 398 0 0 0 0 0 -0.131094 -0 -0.131094
397 398 0.00370691 0 -1.34345 0 0 0 0 -1.33974
383 399 0 0 0 0 -0 -0.111467 0 -0.111467
398 399 0.0749311 0 -1.08917 0 0 0 0 -1.01424
400 401 0.0135666 0 -1.33548 0 0 0 0 -1.32191
401 402 8.42084e-05 0 -1.20404 0 0 0 0 -1.20395
402 403 4.12336e-05 0 0 0 0 0 0 4.12336e-05
403 404 0.102734 0 -1.04458 0 0 0 0 -0.941847
404 405 0.0901875 0 0 0 0 0 0 0.0901875
405 406 0.103175 0 -1.24242 0 0 0 0 -1.13925
406 407 0.0527844 0 -1.2816 0 0 0 0 -1.22882
407 408 0.0404892 0 -1.24123 0 0 0 0 -1.20074
408 409 0.0824551 0 -1.34336 0 0 0 0 -1.26091
409 410 0.346824 0 -1.147 0 0 0 0 -0.800179
410 411 2.67765e-05 0 -1.23178 0 0 0 0 -1.23176
411 412 0.0150979 0 0 0 0 0 0 0.0150979
412 413 0.120531 0 0 0 0 0 0 0.120531
413 414 0.00132093 0 -1.12879 0 0 0 0 -1.12747
414 415 0.00817856 0 -0.965704 0 0 0 0 -0.957526
415 416 0.0472244 0 -1.21673 0 0 0 0 -1.1695
416 417 0.00323292 0 -1.21565 0 0 0 0 -1.21241
417 418 0.00446953 0 -1.01705 0 0 0 0 -1.01258
418 419 0.0306232 0 -1.18055 0 0 0 0 -1.14992
239 420 0 0 0 0 -0.764185 0 -0 -0.764185
238 420 0 0 0 0 -4.24764e-29 -0.163792 0 -0.163792
239 421 0 0 0 0 -0 -0.0757881 0 -0.0757881
238 421 0 0 0 0 -0.78475 0 -0 -0.78475
237 421 0 0 0 0 0 -0.0952967 -0 -0.0952967
420 421 0.0125625 0 -1.04842 0 0 0 0 -1.03586
238 422 0 0 0 0 0 -0.117064 0 -0.117064
237 422 0 0 0 0 -0.418515 0 -0 -0.418515
236 422 0 0 0 0 -9.37231e-29 -0.151176 0 -0.151176
421 422 0.0424946 0 -1.03851 0 0 0 0 -0.996013
237 423 0 0 0 0 -0 -0.164684 0 -0.164684
236 423 0 0 0 0 -0.809774 0 -0 -0.809774
235 423 0 0 0 0 -1.64763e-27 -0.0803568 -0 -0.0803568
422 423 0.000133626 0 -1.26159 0 0 0 0 -1.26146
236 424 0 0 0 0 -0 -0.102317 0 -0.102317
235 424 0 0 0 0 -0.735429 0 -0 -0.735429
234 424 0 0 0 0 -2.73854e-29 -0.167363 0 -0.167363
423 424 0.0867877 0 -1.20293 0 0 0 0 -1.11615
233 425 0 0 0 0 -4.75681e-29 -0.161715 0 -0.161715
235 425 0 0 0 0 -0 -0.162051 0 -0.162051
234 425 0 0 0 0 -0.685903 0 -0 -0.685903
424 425 0.148902 0 -1.37465 0 0 0 0 -1.22575
233 426 0 0 0 0 -0.762107 0 -0 -0.762107
232 426 0 0 0 0 -1.31993e-31 -0.19303 0 -0.19303
234 426 0 0 0 0 -0 -0.127014 0 -0.127014
425 426 0.00158076 0 -1.07868 0 0 0 0 -1.0771
233 427 0 0 0 0 -0 -0.0902657 0 -0.0902657
232 427 0 0 0 0 -0.70546 0 -0 -0.70546
231 427 0 0 0 0 0 -0.189327 0 -0.189327
426 427 0.000362565 0 -0.902728 0 0 0 0 -0.902366
230 428 0 0 0 0 0 -0.118523 0 -0.118523
232 428 0 0 0 0 0 -0.195599 0 -0.195599
231 428 0 0 0 0 -0.841203 0 -0 -0.841203
427 428 0.00158914 0 -1.33762 0 0 0 0 -1.33604
229 429 0 0 0 0 0 -0.0657748 -0 -0.0657748
231 429 0 0 0 0 0 -0.156347 0 -0.156347
428 429 0.0047648 0 -1.15431 0 0 0 0 -1.14954
230 430 0 0 0 0 0 -0.139075 0 -0.139075
229 430 0 0 0 0 -0.356767 0 -0 -0.356767
228 430 0 0 0 0 -0 -0.00788316 0 -0.00788316
429 430 0.187864 0 -1.31023 0 0 0 0 -1.12236
229 431 0 0 0 0 0 -0.00699931 -0 -0.00699931
228 431 0 0 0 0 0 -0.00689406 0 -0.00689406
430 431 0.00118239 0 -0.699554 0 0 0 0 -0.698371
431 432 0.0213559 0 -0.831869 0 0 0 0 -0.810513
432 433 0.0914778 0 -1.249 0 0 0 0 -1.15752
433 434 0.19908 0 -1.23926 0 0 0 0 -1.04018
434 435 0.0158389 0 -1.23215 0 0 0 0 -1.21631
435 436 0.00655627 0 -1.2263 0 0 0 0 -1.21974
436 437 0.00669259 0 0 0 0 0 0 0.00669259
437 438 0.0357276 0 -1.38208 0 0 0 0 -1.34635
438 439 0.0019849 0 -1.40635 0 0 0 0 -1.40437
440 441 0.0746943 0 -1.24235 0 0 0 0 -1.16765
441 442 0.0311596 0 -1.38386 0 0 0 0 -1.3527
442 443 0.0291612 0 -1.34323 0 0 0 0 -1.31407
443 444 0.121768 0 -1.19312 0 0 0 0 -1.07135
444 445 0.286555 0 -1.2237 0 0 0 0 -0.937145
445 446 0.0140182 0 -1.11208 0 0 0 0 -1.09807
446 447 0.0460247 0 -0.800485 0 0 0 0 -0.75446
447 448 0.0594931 0 -0.853101 0 0 0 0 -0.793608
448 449 0.0248915 0 -1.09023 0 0 0 0 -1.06534
449 450 0.0674975 0 -0.986206 0 0 0 0 -0.918709
450 451 0.00262114 0 -1.13926 0 0 0 0 -1.13664
451 452 0.00631981 0 -1.32192 0 0 0 0 -1.3156
452 453 0.00375931 0 -0.851761 0 0 0 0 -0.848002
453 454 0.0489857 0 -1.05479 0 0 0 0 -1.0058
454 455 0.000203184 0 -0.999236 0 0 0 0 -0.999033
455 456 0.00916516 0 -1.12552 0 0 0 0 -1.11636
456 457 0.00376639 0 -1.11428 0 0 0 0 -1.11052
457 458 0.162638 0 -1.25018 0 0 0 0 -1.08754
458 459 0.0622444 0 -1.27774 0 0 0 0 -1.2155
418 460 0 0 0 0 -4.14718e-31 -0.169162 0 -0.169162
419 460 0 0 0 0 -0.776371 0 -0 -0.776371
418 461 0 0 0 0 -0.623667 0 -0 -0.623667
417 461 0 0 0 0 0 -0.12582 0 -0.12582
419 461 0 0 0 0 -0 -0.176357 0 -0.176357
460 461 0.00796203 0 -1.27391 0 0 0 0 -1.26595
418 462 0 0 0 0 0 -0.0271068 -0 -0.0271068
417 462 0 0 0 0 -0.551833 0 -0 -0.551833
416 462 0 0 0 0 -0 -0.0740581 -0 -0.0740581
461 462 0.0638088 0 -0.962166 0 0 0 0 -0.898357
417 463 0 0 0 0 -0 -0.158574 0 -0.158574
416 463 0 0 0 0 -0.569147 0 -0 -0.569147
415 463 0 0 0 0 -1.40483e-30 -0.150615 0 -0.150615
462 463 0.0323571 0 -1.17284 0 0 0 0 -1.14049
416 464 0 0 0 0 -0 -0.0781346 0 -0.0781346
415 464 0 0 0 0 -0.655757 0 -0 -0.655757
414 464 0 0 0 0 -5.58175e-17 -0.0720731 0 -0.0720731
463 464 0.0785342 0 -1.27165 0 0 0 0 -1.19312
415 465 0 0 0 0 -0 -0.073551 0 -0.073551
414 465 0 0 0 0 -0.552895 0 -0 -0.552895
413 465 0 0 0 0 -0 -0.131333 0 -0.131333
464 465 0.000979059 0 -1.11522 0 0 0 0 -1.11424
414 466 0 0 0 0 -0 -0.114204 0 -0.114204
413 466 0 0 0 0 -0.735479 0 -0 -0.735479
465 466 0.0879159 0 -1.00793 0 0 0 0 -0.920011
413 467 0 0 0 0 -0 -0.186068 0 -0.186068
466 467 0.0279024 0 -1.38401 0 0 0 0 -1.35611
467 468 0.017325 0 -1.14504 0 0 0 0 -1.12771
468 469 0.0659759 0 -0.928285 0 0 0 0 -0.862309
469 470 3.69023e-05 0 -1.1813 0 0 0 0 -1.18126
470 471 0.316364 0 0 0 0 0 0 0.316364
471 472 0.0137483 0 -1.28616 0 0 0 0 -1.27241
470 473 0 0 0 0 0 -0.00136277 -0 -0.00136277
469 473 0 0 0 0 -0 -0.0506133 0 -0.0506133
472 473 0.274545 0 -1.41662 0 0 0 0 -1.14207
470 474 0 0 0 0 0 -0.169864 -0 -0.169864
469 474 0 0 0 0 -0.875492 0 -0 -0.875492
468 474 0 0 0 0 0 -0.0914481 -0 -0.0914481
473 474 0.025919 0 -1.13918 0 0 0 0 -1.11327
469 475 0 0 0 0 -0 -0.149385 0 -0.149385
467 475 0 0 0 0 -0 -0.160774 0 -0.160774
474 475 0.237662 0 -1.28952 0 0 0 0 -1.05186
468 476 0 0 0 0 0 -0.120235 0 -0.120235
467 476 0 0 0 0 -0.784381 0 -0 -0.784381
466 476 0 0 0 0 -0 -0.0922429 0 -0.0922429
475 476 0.000992099 0 -0.954309 0 0 0 0 -0.953317
476 477 0.00433184 0 0 0 0 0 0 0.00433184
477 478 0.0258966 0 -1.11025 0 0 0 0 -1.08435
478 479 0.00399094 0 -1.20115 0 0 0 0 -1.19715
480 481 0.0240279 0 -1.08505 0 0 0 0 -1.06102
481 482 0.00045048 0 -1.23047 0 0 0 0 -1.23002
482 483 0.0224434 0 0 0 0 0 0 0.0224434
483 484 0.0399733 0 0 0 0 0 0 0.0399733
484 485 0.0138357 0 -1.27407 0 0 0 0 -1.26023
485 486 0.013971 0 -1.29665 0 0 0 0 -1.28268
486 487 0.0105853 0 -1.07983 0 0 0 0 -1.06924
487 488 1.06798e-08 0 -1.23638 0 0 0 0 -1.23638
488 489 0.0068031 0 -0.997194 0 0 0 0 -0.990391
489 490 0.137846 0 -1.39738 0 0 0 0 -1.25953
490 491 0.0311957 0 -0.514547 0 0 0 0 -0.483352
491 492 0.00449474 0 -1.01133 0 0 0 0 -1.00683
490 493 0 0 0 0 0 -0.170037 0 -0.170037
489 493 0 0 0 0 -0.877545 0 -0 -0.877545
488 493 0 0 0 0 0 -0.0945127 0 -0.0945127
492 493 0.00817303 0 0 0 0 0 0 0.00817303
489 494 0 0 0 0 -0 -0.137503 -0 -0.137503
487 494 0 0 0 0 -3.45079e-30 -0.122062 0 -0.122062
493 494 0.0458257 0 -1.0938 0 0 0 0 -1.04797
488 495 0 0 0 0 0 -0.142165 0 -0.142165
487 495 0 0 0 0 -0.526632 -2.72874e-17 -0 -0.526632
486 495 0 0 0 0 -3.2318e-29 -0.162208 0 -0.162208
494 495 0.0769027 0 -1.24611 0 0 0 0 -1.16921
487 496 0 0 0 0 -0 -0.0953818 0 -0.0953818
486 496 0 0 0 0 -0.795369 0 -0 -0.795369
485 496 0 0 0 0 -1.37863e-28 -0.140417 0 -0.140417
495 496 0.00292792 0 -0.803341 0 0 0 0 -0.800413
486 497 0 0 0 0 -0 -0.196506 0 -0.196506
485 497 0 0 0 0 -0.690838 0 -0 -0.690838
484 497 0 0 0 0 -0 -0.193758 0 -0.193758
496 497 0.0223695 0 -1.17234 0 0 0 0 -1.14997
485 498 0 0 0 0 0 -0.104922 0 -0.104922
484 498 0 0 0 0 0 -0.00625314 -0 -0.00625314
497 498 0.0282296 0 -1.15282 0 0 0 0 -1.12459
498 499 0.107422 0 -1.33448 0 0 0 0 -1.22705
#Total energy per particle is  -1.16254 and should be -1.1625410
