#id1 id2 FENE BEXC STCK NEXC HB CRSTCK CXSTCK total, t = 300000
0 1 0.00145552 0 -1.41182 0 0 0 0 -1.41037
1 2 0.00265397 0 0 0 0 0 0 0.00265397
0 3 0 0 0 0 0 -6.09015e-05 0 -6.09015e-05
2 3 0.0213229 0 -1.12334 0 0 0 0 -1.10202
3 4 0.0148596 0 -1.15793 0 0 0 0 -1.14307
4 5 0.00125684 0 -1.1667 0 0 0 0 -1.16544
5 6 0.0082164 0 -1.17265 0 0 0 0 -1.16444
6 7 0.0514343 0 -0.97939 0 0 0 0 -0.927956
7 8 0.257557 0 -1.33554 0 0 0 0 -1.07798
8 9 0.00546644 0 0 0 0 0 0 0.00546644
9 10 0.0697064 0 -1.31548 0 0 0 0 -1.24578
10 11 0.00290382 0 -0.843999 0 0 0 0 -0.841096
11 12 0.152082 0 -1.17219 0 0 0 0 -1.0201
12 13 0.0391523 0 -1.30918 0 0 0 0 -1.27003
13 14 0.0165607 0 -0.976522 0 0 0 0 -0.959961
14 15 0.0147845 0 -1.13051 0 0 0 0 -1.11573
11 16 0 0 0 0 0 -0.186659 0 -0.186659
15 16 0.015253 0 0 0 0 0 0 0.015253
10 17 0 0 0 0 -8.89056e-20 -0.0847844 0 -0.0847844
12 17 0 0 0 0 -0 -0.16219 -0 -0.16219
11 17 0 0 0 0 -0.731963 0 -0 -0.731963
16 17 0.0134132 0 -0.98284 0 0 0 0 -0.969426
10 18 0 0 0 0 -0.692544 0 -0 -0.692544
9 18 0 0 0 0 0 -0.0693038 0 -0.0693038
11 18 0 0 0 0 -0 -0.181711 0 -0.181711
17 18 0.00071103 0 -1.26923 0 0 0 0 -1.26852
10 19 0 0 0 0 0 -0.14209 0 -0.14209
9 19 0 0 0 0 -0.327147 0 -0 -0.327147
18 19 0.0437012 0 -1.25339 0 0 0 0 -1.20969
20 21 6.48622e-06 0 -0.692139 0 0 0 0 -0.692133
21 22 0.0969334 0 -1.13955 0 0 0 0 -1.04262
22 23 0.0167321 0 -1.15441 0 0 0 0 -1.13767
23 24 0.161327 0 -1.0792 0 0 0 0 -0.917872
24 25 0.0937787 0 -1.26567 0 0 0 0 -1.17189
25 26 0.0145004 0 -1.14272 0 0 0 0 -1.12822
26 27 0.0152108 0 -1.26594 0 0 0 0 -1.25073
27 28 0.00943323 0 -1.31411 0 0 0 0 -1.30468
28 29 0.00180124 0 -1.21762 0 0 0 0 -1.21581
29 30 0.00349563 0 -1.3468 0 0 0 0 -1.34331
30 31 0.00149924 0 0 0 0 0 0 0.00149924
26 32 0 0 0 0 0 -0.103128 0 -0.103128
28 32 0 0 0 0 0 -0.0144176 -0 -0.0144176
27 32 0 0 0 0 0 -7.5088e-05 -0 -7.5088e-05
31 32 0.000684667 0 -0.974031 0 0 0 0 -0.973346
26 33 0 0 0 0 -0.34027 -2.06562e-06 -0 -0.340272
25 33 0 0 0 0 -1.61553e-31 -0.173998 0 -0.173998
27 33 0 0 0 0 0 -0.159037 0 -0.159037
32 33 0.0748744 0 -1.19279 0 0 0 0 -1.11792
26 34 0 0 0 0 -0 -0.126279 -0 -0.126279
25 34 0 0 0 0 -0.717868 0 -0 -0.717868
24 34 0 0 0 0 0 -0.170142 0 -0.170142
33 34 0.0514376 0 -0.854955 0 0 0 0 -0.803517
25 35 0 0 0 0 0 -0.0954037 0 -0.0954037
24 35 0 0 0 0 -0.866509 0 -0 -0.866509
23 35 0 0 0 0 0 -0.189668 0 -0.189668
34 35 0.0744259 0 -1.11129 0 0 0 0 -1.03686
24 36 0 0 0 0 0 -0.164259 0 -0.164259
23 36 0 0 0 0 -0.708527 0 -0 -0.708527
22 36 0 0 0 0 0 -0.110416 0 -0.110416
35 36 0.243174 0 -1.06175 0 0 0 0 -0.818581
23 37 0 0 0 0 0 -0.197987 0 -0.197987
22 37 0 0 0 0 -0.82881 0 -0 -0.82881
21 37 0 0 0 0 -7.42508e-30 -0.119694 0 -0.119694
36 37 0.00970861 0 -1.05031 0 0 0 0 -1.0406
22 38 0 0 0 0 -0 -0.1551 0 -0.1551
21 38 0 0 0 0 -0.820513 0 -0 -0.820513
37 38 0.0244105 0 -1.17886 0 0 0 0 -1.15445
21 39 0 0 0 0 0 -0.140471 0 -0.140471
20 39 0 0 0 0 0 -0.0123974 0 -0.0123974
38 39 0.0384884 0 -0.943164 0 0 0 0 -0.904676
40 41 0.0697725 0 -1.28028 0 0 0 0 -1.2105
41 42 0.00288249 0 -1.38257 0 0 0 0 -1.37968
42 43 0.154859 0 -0.790803 0 0 0 0 -0.635944
43 44 0.00532939 0 -1.25372 0 0 0 0 -1.24839
44 45 0.0843423 0 -1.23111 0 0 0 0 -1.14677
45 46 0.000992899 0 -0.922485 0 0 0 0 -0.921492
46 47 0.116014 0 -1.22608 0 0 0 0 -1.11007
47 48 0.00122973 0 -1.24855 0 0 0 0 -1.24732
48 49 0.000436846 0 -1.04403 0 0 0 0 -1.04359
49 50 0.0257403 0 -1.15513 0 0 0 0 -1.12939
47 51 0 0 0 0 0 -0.0851433 -0 -0.0851433
50 51 0.000984105 0 0 0 0 0 0 0.000984105
48 52 0 0 0 0 0 -0.0217378 0 -0.0217378
47 52 0 0 0 0 0 -0.000950122 -0 -0.000950122
46 52 0 0 0 0 0 -0.155502 0 -0.155502
51 52 0.00493459 0 -1.13223 0 0 0 0 -1.1273
47 53 0 0 0 0 0 -0.151762 0 -0.151762
46 53 0 0 0 0 -0.765388 0 -0 -0.765388
45 53 0 0 0 0 -1.08915e-28 -0.117408 0 -0.117408
52 53 0.000775646 0 -1.03478 0 0 0 0 -1.03401
44 54 0 0 0 0 0 -0.0720284 0 -0.0720284
46 54 0 0 0 0 -0 -0.00444116 -0 -0.00444116
45 54 0 0 0 0 -0.679128 0 -0 -0.679128
53 54 0.0329316 0 -0.998323 0 0 0 0 -0.965391
44 55 0 0 0 0 -0.802024 0 -0 -0.802024
43 55 0 0 0 0 0 -0.147258 -0 -0.147258
45 55 0 0 0 0 0 -0.112445 0 -0.112445
54 55 0.234076 0 -1.28353 0 0 0 0 -1.04946
44 56 0 0 0 0 0 -0.149184 0 -0.149184
43 56 0 0 0 0 -0.529173 0 -0 -0.529173
42 56 0 0 0 0 0 -0.102682 0 -0.102682
55 56 0.0209107 0 -1.19576 0 0 0 0 -1.17484
43 57 0 0 0 0 0 -0.154871 0 -0.154871
42 57 0 0 0 0 -0.642188 0 -0 -0.642188
41 57 0 0 0 0 -5.40566e-29 -0.103101 -0 -0.103101
56 57 0.0197001 0 -1.06089 0 0 0 0 -1.04119
42 58 0 0 0 0 -0 -0.154583 0 -0.154583
41 58 0 0 0 0 -0.428652 0 -0 -0.428652
40 58 0 0 0 0 0 -0.185625 0 -0.185625
57 58 0.0234341 0 -1.22567 0 0 0 0 -1.20224
41 59 0 0 0 0 0 -0.0562986 0 -0.0562986
58 59 0.00171045 0 -1.14797 0 0 0 0 -1.14626
60 61 0.000353352 0 -1.03691 0 0 0 0 -1.03656
61 62 0.0522416 0 -1.31815 0 0 0 0 -1.26591
62 63 0.0272545 0 -1.11862 0 0 0 0 -1.09137
63 64 0.010521 0 -0.450154 0 0 0 0 -0.439633
64 65 0.00795 0 -1.26957 0 0 0 0 -1.26162
65 66 0.00334715 0 -1.24039 0 0 0 0 -1.23704
66 67 0.0114444 0 -1.30893 0 0 0 0 -1.29748
67 68 0.0109415 0 -1.10186 0 0 0 0 -1.09092
68 69 0.0285155 0 -1.13962 0 0 0 0 -1.1111
69 70 0.0532059 0 -0.874489 0 0 0 0 -0.821284
70 71 0.227017 0 -1.21073 0 0 0 0 -0.983717
71 72 0.0478007 0 0 0 0 0 0 0.0478007
72 73 0.0585637 0 -1.28153 0 0 0 0 -1.22297
73 74 0.000366845 0 -1.0828 0 0 0 0 -1.08244
74 75 0.028643 0 -0 0 0 0 0 0.028643
71 76 0 0 0 0 0 -0.160919 0 -0.160919
75 76 0.0139281 0 -1.07868 0 0 0 0 -1.06476
71 77 0 0 0 0 -0.675043 0 -0 -0.675043
70 77 0 0 0 0 -1.3875e-27 -0.124199 0 -0.124199
76 77 0.0111001 0 -1.22137 0 0 0 0 -1.21027
71 78 0 0 0 0 -0 -0.0779354 0 -0.0779354
70 78 0 0 0 0 -0.640883 0 -0 -0.640883
69 78 0 0 0 0 0 -0.112822 0 -0.112822
77 78 0.0143274 0 -1.10013 0 0 0 0 -1.0858
68 79 0 0 0 0 0 -0.0999813 0 -0.0999813
70 79 0 0 0 0 0 -0.144207 0 -0.144207
69 79 0 0 0 0 -0.699048 0 -0 -0.699048
78 79 0.27592 0 -1.06937 0 0 0 0 -0.793448
80 81 0.00820082 0 -1.31951 0 0 0 0 -1.31131
81 82 0.0591169 0 -0.934462 0 0 0 0 -0.875345
82 83 0.00828123 0 -1.11662 0 0 0 0 -1.10834
83 84 0.0487625 0 -1.21869 0 0 0 0 -1.16992
84 85 0.0523477 0 -1.07389 0 0 0 0 -1.02154
85 86 0.00106543 0 -0.999621 0 0 0 0 -0.998555
86 87 0.0202357 0 -1.28686 0 0 0 0 -1.26662
87 88 0.00808594 0 -1.14872 0 0 0 0 -1.14063
88 89 0.0459399 0 -1.38088 0 0 0 0 -1.33494
89 90 0.135077 0 -0.849048 0 0 0 0 -0.71397
90 91 1.65988e-05 0 -0.875155 0 0 0 0 -0.875138
91 92 0.0126988 0 -1.20653 0 0 0 0 -1.19383
92 93 0.165134 0 0 0 0 0 0 0.165134
93 94 0.0746055 0 -1.24147 0 0 0 0 -1.16686
92 95 0 0 0 0 0 -0.132882 0 -0.132882
94 95 0.00141879 0 -1.01744 0 0 0 0 -1.01602
92 96 0 0 0 0 0 -1.01066e-07 -0 -1.01066e-07
91 96 0 0 0 0 0 -0.0270021 0 -0.0270021
95 96 0.0465041 0 -1.24855 0 0 0 0 -1.20205
92 97 0 0 0 0 -0 -0.1794 0 -0.1794
91 97 0 0 0 0 -0.799671 0 -0 -0.799671
90 97 0 0 0 0 -3.62001e-28 -0.103369 -0 -0.103369
96 97 0.0701638 0 -0.991489 0 0 0 0 -0.921325
91 98 0 0 0 0 -0 -0.161431 0 -0.161431
90 98 0 0 0 0 -0.731545 0 -0 -0.731545
89 98 0 0 0 0 0 -0.120883 0 -0.120883
97 98 0.0280306 0 -1.14781 0 0 0 0 -1.11978
90 99 0 0 0 0 0 -0.189152 0 -0.189152
89 99 0 0 0 0 -0.670213 0 -0 -0.670213
88 99 0 0 0 0 0 -0.131605 0 -0.131605
98 99 0.0371265 0 -1.22738 0 0 0 0 -1.19025
100 101 0.0351883 0 -0.921858 0 0 0 0 -0.886669
101 102 0.0908629 0 -1.22584 0 0 0 0 -1.13498
102 103 0.0951928 0 -1.11301 0 0 0 0 -1.01782
103 104 0.0140285 0 -1.23071 0 0 0 0 -1.21668
104 105 0.0212712 0 0 0 0 0 0 0.0212712
105 106 0.00258462 0 -1.02448 0 0 0 0 -1.02189
106 107 0.0117014 0 -1.19548 0 0 0 0 -1.18378
107 108 0.0231128 0 -1.01753 0 0 0 0 -0.994417
108 109 0.0209461 0 -1.09387 0 0 0 0 -1.07293
109 110 0.0279325 0 -1.2623 0 0 0 0 -1.23437
110 111 0.00870597 0 -1.02421 0 0 0 0 -1.0155
111 112 0.0069909 0 -1.24595 0 0 0 0 -1.23896
112 113 0.0567599 0 -1.06291 0 0 0 0 -1.00615
113 114 0.0381494 0 -1.17868 0 0 0 0 -1.14053
114 115 0.0356572 0 -1.20711 0 0 0 0 -1.17145
115 116 0.0534495 0 -1.23977 0 0 0 0 -1.18632
116 117 0.163306 0 -0.897193 0 0 0 0 -0.733888
117 118 0.0851453 0 -0.697757 0 0 0 0 -0.612612
118 119 0.00493354 0 -1.20471 0 0 0 0 -1.19977
120 121 0.0469497 0 0 0 0 0 0 0.0469497
121 122 0.00963921 0 -1.06845 0 0 0 0 -1.05881
122 123 0.0949304 0 -1.06417 0 0 0 0 -0.96924
123 124 0.000479519 0 -1.09156 0 0 0 0 -1.09108
124 125 0.0417948 0 -0.868018 0 0 0 0 -0.826223
125 126 0.0486165 0 -0.803158 0 0 0 0 -0.754541
126 127 0.0599069 0 -1.21473 0 0 0 0 -1.15483
127 128 0.0383025 0 -1.00278 0 0 0 0 -0.964477
128 129 0.00809422 0 -1.24127 0 0 0 0 -1.23318
129 130 0.0195125 0 -1.02237 0 0 0 0 -1.00286
130 131 0.145804 0 -1.26368 0 0 0 0 -1.11787
131 132 0.0723255 0 -1.29896 0 0 0 0 -1.22664
132 133 0.0359471 0 -1.12152 0 0 0 0 -1.08557
133 134 0.152752 0 -1.29379 0 0 0 0 -1.14104
134 135 0.0207377 0 -1.20728 0 0 0 0 -1.18654
135 136 0.0536996 0 -1.25851 0 0 0 0 -1.20481
136 137 0.0422571 0 -0.80051 0 0 0 0 -0.758253
137 138 0.0255251 0 -1.17566 0 0 0 0 -1.15013
138 139 0.000390507 0 0 0 0 0 0 0.000390507
140 141 0.0315135 0 -1.23752 0 0 0 0 -1.20601
141 142 0.000221848 0 -1.36232 0 0 0 0 -1.3621
142 143 0.0187387 0 -1.09491 0 0 0 0 -1.07617
143 144 0.116626 0 -1.22338 0 0 0 0 -1.10675
144 145 0.00214708 0 -1.33871 0 0 0 0 -1.33656
145 146 0.0100007 0 -0.976705 0 0 0 0 -0.966705
146 147 0.011768 0 -0 0 0 0 0 0.011768
146 148 0 0 0 0.107846 0 -0 -0 0.107846
147 148 0.0567185 0 -1.26474 0 0 0 0 -1.20802
145 149 0 0 0 0 -0 -3.90195e-05 -0 -3.90195e-05
148 149 0.0409399 0 -1.13837 0 0 0 0 -1.09743
146 150 0 0 0 0 0 -0.0209527 -0 -0.0209527
144 150 0 0 0 0 -0 -0.157677 0 -0.157677
149 150 0.00108672 0 -1.21778 0 0 0 0 -1.21669
145 151 0 0 0 0 0 -0.170078 0 -0.170078
144 151 0 0 0 0 -0.801825 0 -0 -0.801825
143 151 0 0 0 0 0 -0.127455 -0 -0.127455
150 151 0.0400841 0 -1.20976 0 0 0 0 -1.16968
144 152 0 0 0 0 0 -0.183359 0 -0.183359
143 152 0 0 0 0 -0.874341 0 -0 -0.874341
142 152 0 0 0 0 0 -0.0293974 0 -0.0293974
151 152 0.0333882 0 -1.31765 0 0 0 0 -1.28426
143 153 0 0 0 0 -0 -0.122958 -0 -0.122958
142 153 0 0 0 0 0 -0.00637705 -0 -0.00637705
152 153 0.00390603 0 -1.28143 0 0 0 0 -1.27752
153 154 8.47283e-06 0 0 0 0 0 0 8.47283e-06
154 155 0.00306477 0 0 0 0 0 0 0.00306477
155 156 0.000708086 0 -1.07097 0 0 0 0 -1.07026
156 157 0.00244242 0 -0.920803 0 0 0 0 -0.91836
157 158 0.0587711 0 -1.29047 0 0 0 0 -1.2317
158 159 0.219065 0 -1.24726 0 0 0 0 -1.0282
160 161 0.03508 0 -1.26777 0 0 0 0 -1.23269
161 162 0.000491981 0 -1.19397 0 0 0 0 -1.19347
162 163 0.00851024 0 -1.34658 0 0 0 0 -1.33807
163 164 0.00298164 0 -1.08259 0 0 0 0 -1.07961
164 165 0.0829971 0 -1.29686 0 0 0 0 -1.21387
165 166 0.00726893 0 -1.10145 0 0 0 0 -1.09418
166 167 0.0197418 0 -1.33056 0 0 0 0 -1.31082
167 168 0.0410918 0 -1.14961 0 0 0 0 -1.10852
168 169 0.0225846 0 -1.19577 0 0 0 0 -1.17319
167 170 0 0 0 0 0 -0.019076 0 -0.019076
165 170 0 0 0 0 0 -0.00499533 0 -0.00499533
169 170 0.0353615 0 0 0 0 0 0 0.0353615
170 171 0.0376152 0 -1.13043 0 0 0 0 -1.09281
166 172 0 0 0 0 0 -1.72557e-05 -0 -1.72557e-05
165 172 0 0 0 0 0 -0.00359551 0 -0.00359551
171 172 0.068283 0 -0 0 0 0 0 0.068283
166 173 0 0 0 0 0 -3.46733e-05 0 -3.46733e-05
165 173 0 0 0 0 0 -0.0170793 -0 -0.0170793
164 173 0 0 0 0 0 -0.045317 0 -0.045317
172 173 0.00422416 0 -0.771166 0 0 0 0 -0.766942
163 174 0 0 0 0 -0 -0.106105 0 -0.106105
165 174 0 0 0 0 0 -0.0599005 0 -0.0599005
164 174 0 0 0 0 0 -0.000594771 -0 -0.000594771
173 174 0.00962038 0 -1.32602 0 0 0 0 -1.3164
162 175 0 0 0 0 0 -0.174039 0 -0.174039
163 175 0 0 0 0 -0.729067 0 -0 -0.729067
164 175 0 0 0 0 0 -0.178834 0 -0.178834
174 175 0.000309918 0 -1.34923 0 0 0 0 -1.34892
162 176 0 0 0 0 0 -0.000300705 -0 -0.000300705
161 176 0 0 0 0 0 -0.137248 -0 -0.137248
163 176 0 0 0 0 -0 -0.0106568 0 -0.0106568
175 176 0.0207723 0 -0.803592 0 0 0 0 -0.782819
162 177 0 0 0 0 0 -0.0306856 0 -0.0306856
176 177 0.0988685 0.00518962 -0.904299 0 0 0 0 -0.800241
161 178 0 0 0 0 0 -0.0520056 -0 -0.0520056
177 178 0.00679964 0 -0.786805 0 0 0 0 -0.780006
160 179 0 0 0 0 0 -5.05513e-06 -0 -5.05513e-06
178 179 0.0195238 0 -1.37058 0 0 0 0 -1.35106
180 181 0.239223 0 -1.10227 0 0 0 0 -0.863045
181 182 0.00883768 0 -1.22516 0 0 0 0 -1.21632
182 183 0.00787112 0 -0.848976 0 0 0 0 -0.841105
183 184 0.0640381 0 -0.85134 0 0 0 0 -0.787302
184 185 0.000452916 0 -1.18043 0 0 0 0 -1.17998
185 186 0.00516869 0 -0.846935 0 0 0 0 -0.841766
186 187 3.5382e-05 0 -1.23006 0 0 0 0 -1.23002
187 188 0.0162618 0 -1.31205 0 0 0 0 -1.29579
188 189 0.120417 0 -1.03722 0 0 0 0 -0.916803
189 190 0.00958733 0 -1.30394 0 0 0 0 -1.29435
190 191 0.000113672 0 -1.12761 0 0 0 0 -1.1275
191 192 0.034382 0 -1.32572 0 0 0 0 -1.29134
192 193 0.0021296 0 -1.32928 0 0 0 0 -1.32715
193 194 0.0162366 0 -1.11501 0 0 0 0 -1.09878
194 195 0.0181876 0 -0.829646 0 0 0 0 -0.811458
195 196 0.0161596 0 -1.00152 0 0 0 0 -0.985361
196 197 0.0370091 0 -0.903161 0 0 0 0 -0.866152
197 198 0.0067558 0 -0.9744 0 0 0 0 -0.967644
198 199 0.00667236 0 -0.721 0 0 0 0 -0.714327
200 201 0.00129178 0 -0.795036 0 0 0 0 -0.793744
201 202 0.000436082 0 -0.976572 0 0 0 0 -0.976136
202 203 0.0486334 0 -1.33857 0 0 0 0 -1.28993
203 204 0.101958 0 -0.964926 0 0 0 0 -0.862968
204 205 0.0219766 0 -0.947748 0 0 0 0 -0.925771
205 206 0.000231442 0 -1.10287 0 0 0 0 -1.10264
206 207 0.0273885 0 -1.217 0 0 0 0 -1.18961
207 208 0.0146923 0 0 0 0 0 0 0.0146923
208 209 0.0413319 0 -1.07437 0 0 0 0 -1.03304
67 210 0 0 0 0 0 -0.11447 0 -0.11447
209 210 0.00828794 0 0 0 0 0 0 0.00828794
68 211 0 0 0 0 -0 -0.0307368 0 -0.0307368
67 211 0 0 0 0 -0.592538 0 -0 -0.592538
66 211 0 0 0 0 0 -0.158873 0 -0.158873
210 211 0.178162 0 -1.25391 0 0 0 0 -1.07575
67 212 0 0 0 0 0 -0.159505 0 -0.159505
66 212 0 0 0 0 -0.757253 0 -0 -0.757253
65 212 0 0 0 0 -2.66742e-29 -0.172707 0 -0.172707
211 212 0.0241755 0 -1.12874 0 0 0 0 -1.10456
66 213 0 0 0 0 -0 -0.15121 -0 -0.15121
65 213 0 0 0 0 -0.409618 0 -0 -0.409618
64 213 0 0 0 0 0 -0.158187 0 -0.158187
212 213 0.0818539 0 -1.22525 0 0 0 0 -1.1434
65 214 0 0 0 0 -0 -0.141161 -0 -0.141161
63 214 0 0 0 0 0 -0.110591 0 -0.110591
213 214 0.0395164 0 -1.35422 0 0 0 0 -1.3147
64 215 0 0 0 0 0 -0.11847 0 -0.11847
63 215 0 0 0 0 0 -2.8999e-07 -0 -2.8999e-07
62 215 0 0 0 0 -1.2338e-28 -0.0791635 -0 -0.0791635
214 215 0.034258 0 -1.18203 0 0 0 0 -1.14777
63 216 0 0 0 0 0 -0.0560794 0 -0.0560794
62 216 0 0 0 0 -0.670593 0 -0 -0.670593
61 216 0 0 0 0 -6.45931e-30 -0.0691733 -0 -0.0691733
215 216 0.00500062 0 -1.1168 0 0 0 0 -1.1118
62 217 0 0 0 0 -0 -0.130923 0 -0.130923
61 217 0 0 0 0 -0.609238 -9.70457e-13 -0 -0.609238
60 217 0 0 0 0 0 -0.184299 0 -0.184299
216 217 0.0118837 0 -0.880685 0 0 0 0 -0.868801
61 218 0 0 0 0 0 -0.113845 0 -0.113845
60 218 0 0 0 0 -0.735998 0 -0 -0.735998
217 218 0.00437131 0 -1.11769 0 0 0 0 -1.11332
60 219 0 0 0 0 -0 -0.183474 0 -0.183474
218 219 0.0772957 0 -1.28113 0 0 0 0 -1.20383
220 221 0.019483 0 -1.2736 0 0 0 0 -1.25411
221 222 0.00531322 0 -1.373 0 0 0 0 -1.36768
222 223 0.127311 0 -1.06403 0 0 0 0 -0.936718
223 224 0.00259876 0 -1.30812 0 0 0 0 -1.30552
224 225 0.00033159 0 -1.09825 0 0 0 0 -1.09792
225 226 0.0112905 0 -0.865116 0 0 0 0 -0.853825
226 227 0.0405679 0 -1.06939 0 0 0 0 -1.02882
227 228 0.0296401 0 -1.34117 0 0 0 0 -1.31153
228 229 0.0106988 0 0 0 0 0 0 0.0106988
229 230 0.0266572 0 -1.27749 0 0 0 0 -1.25083
230 231 0.0409566 0 -0.929612 0 0 0 0 -0.888655
231 232 0.0753714 0 -1.20188 0 0 0 0 -1.12651
232 233 0.0451112 0 -1.3352 0 0 0 0 -1.29009
233 234 0.030721 0 -0.952338 0 0 0 0 -0.921617
234 235 0.0290446 0 -1.238 0 0 0 0 -1.20895
235 236 0.0490453 0 -1.04066 0 0 0 0 -0.991616
236 237 0.000487045 0 -1.24392 0 0 0 0 -1.24343
237 238 0.00875035 0 -1.22888 0 0 0 0 -1.22013
238 239 0.0157214 0 -1.26364 0 0 0 0 -1.24792
188 240 0 0 0 0 0 -0.00464194 -0 -0.00464194
187 240 0 0 0 0 0 -0.0397738 0 -0.0397738
188 241 0 0 0 0 -0 -0.110584 0 -0.110584
187 241 0 0 0 0 -0.25219 0 -0 -0.25219
186 241 0 0 0 0 0 -0.151539 0 -0.151539
240 241 0.0215493 0 -1.33781 0 0 0 0 -1.31626
187 242 0 0 0 0 0 -0.146241 0 -0.146241
186 242 0 0 0 0 -0.752091 0 -0 -0.752091
185 242 0 0 0 0 -2.75742e-30 -0.157573 0 -0.157573
241 242 0.000110146 0 -1.18591 0 0 0 0 -1.1858
186 243 0 0 0 0 -0 -0.148623 0 -0.148623
185 243 0 0 0 0 -0.474183 0 -0 -0.474183
184 243 0 0 0 0 0 -0.0418386 0 -0.0418386
242 243 0.0233034 0 -1.37949 0 0 0 0 -1.35619
185 244 0 0 0 0 -0 -0.126105 -0 -0.126105
183 244 0 0 0 0 0 -0.0508572 -0 -0.0508572
243 244 0.0167217 0 -0.852623 0 0 0 0 -0.835902
184 245 0 0 0 0 0 -0.106516 0 -0.106516
182 245 0 0 0 0 -3.69344e-19 -0.0608662 -0 -0.0608662
244 245 0.0161545 0 -1.20227 0 0 0 0 -1.18611
183 246 0 0 0 0 0 -0.000275027 -0 -0.000275027
182 246 0 0 0 0 -0.632516 0 -0 -0.632516
181 246 0 0 0 0 -4.62371e-30 -0.137124 0 -0.137124
245 246 0.00706451 0 -1.0087 0 0 0 0 -1.00163
183 247 0 0 0 0 0 -0.000369891 0 -0.000369891
182 247 0 0 0 0 -0 -0.0858813 -0 -0.0858813
181 247 0 0 0 0 -0.84624 0 -0 -0.84624
180 247 0 0 0 0 0 -0.0949853 0 -0.0949853
246 247 0.0653153 0 -1.08856 0 0 0 0 -1.02324
181 248 0 0 0 0 0 -0.125452 0 -0.125452
180 248 0 0 0 0 -0.723535 0 -0 -0.723535
247 248 0.0153514 0 -0.980159 0 0 0 0 -0.964807
180 249 0 0 0 0 -0 -0.0924745 0 -0.0924745
248 249 0.101188 0 -0.771611 0 0 0 0 -0.670423
249 250 0.00102809 0 -1.1442 0 0 0 0 -1.14317
250 251 0.0226559 0 -0.979771 0 0 0 0 -0.957115
251 252 0.0133888 0 0 0 0 0 0 0.0133888
252 253 0.0222108 0 -0 0 0 0 0 0.0222108
253 254 0.0329426 0 -1.07405 0 0 0 0 -1.04111
254 255 0.000436162 0 -0.98362 0 0 0 0 -0.983184
255 256 0.00150182 0 -1.25541 0 0 0 0 -1.25391
256 257 0.0342496 0 0 0 0 0 0 0.0342496
257 258 0.0656041 0 -1.05018 0 0 0 0 -0.984578
258 259 0.136749 0 -0.970174 0 0 0 0 -0.833425
260 261 0.030942 0 -0.978683 0 0 0 0 -0.947741
261 262 0.0169964 0 -1.37533 0 0 0 0 -1.35833
262 263 0.0244185 0 -1.39867 0 0 0 0 -1.37425
263 264 0.0119221 0 -1.00307 0 0 0 0 -0.991146
264 265 0.00801798 0 0 0 0 0 0 0.00801798
265 266 0.0142073 0 -1.20973 0 0 0 0 -1.19552
266 267 0.0409444 0 -1.06181 0 0 0 0 -1.02086
267 268 0.121743 0 -1.32852 0 0 0 0 -1.20677
268 269 0.00387944 0 -1.13434 0 0 0 0 -1.13046
269 270 0.00139848 0 -1.38394 0 0 0 0 -1.38254
270 271 0.000341215 0 -0.967702 0 0 0 0 -0.967361
271 272 0.0398663 0 -0.900507 0 0 0 0 -0.86064
272 273 0.0478844 0 -1.24917 0 0 0 0 -1.20128
273 274 0.0223104 0 -0.28976 0 0 0 0 -0.26745
274 275 0.00572884 0 -1.19198 0 0 0 0 -1.18625
275 276 0.0237176 0 -1.238 0 0 0 0 -1.21428
276 277 0.000944021 0 -1.22837 0 0 0 0 -1.22743
277 278 0.0764413 0.0130051 -0.917956 0 0 0 0 -0.828509
278 279 0.00892533 0 -1.13912 0 0 0 0 -1.1302
280 281 0.0382493 0 -1.27753 0 0 0 0 -1.23928
281 282 0.0132458 0 -1.35063 0 0 0 0 -1.33739
282 283 0.00594229 0 -0.976402 0 0 0 0 -0.97046
283 284 0.0676419 0 -1.01272 0 0 0 0 -0.945082
284 285 0.0152812 0 -1.28117 0 0 0 0 -1.26589
285 286 0.0213769 0 -1.30909 0 0 0 0 -1.28771
286 287 0.00366692 0 -1.11257 0 0 0 0 -1.1089
287 288 0.0222048 0 -1.23757 0 0 0 0 -1.21536
288 289 0.0695706 0 -1.11992 0 0 0 0 -1.05035
289 290 0.00527504 0 -1.1664 0 0 0 0 -1.16113
199 291 0 0 0 0 0 -0.158533 -0 -0.158533
290 291 0.00674953 0 -1.34072 0 0 0 0 -1.33397
199 292 0 0 0 0 -0.761852 0 -0 -0.761852
198 292 0 0 0 0 0 -0.0612048 0 -0.0612048
291 292 0.000671142 0 -1.36339 0 0 0 0 -1.36272
197 293 0 0 0 0 -1.01234e-28 -0.123487 0 -0.123487
292 293 0.0803296 0 -0.991116 0 0 0 0 -0.910786
198 294 0 0 0 0 0 -0.155118 -0 -0.155118
197 294 0 0 0 0 -0.755823 0 -0 -0.755823
196 294 0 0 0 0 -3.84491e-30 -0.149476 0 -0.149476
293 294 0.0585215 0 -1.31177 0 0 0 0 -1.25325
195 295 0 0 0 0 -4.02409e-30 -0.180744 0 -0.180744
197 295 0 0 0 0 -0 -0.120518 -0 -0.120518
196 295 0 0 0 0 -0.863212 0 -0 -0.863212
294 295 0.00325092 0 -1.0798 0 0 0 0 -1.07655
195 296 0 0 0 0 -0.748793 0 -0 -0.748793
194 296 0 0 0 0 -5.21157e-30 -0.193639 0 -0.193639
196 296 0 0 0 0 -0 -0.157992 0 -0.157992
295 296 0.00603957 0 -1.28046 0 0 0 0 -1.27442
195 297 0 0 0 0 -0 -0.136537 0 -0.136537
194 297 0 0 0 0 -0.621252 0 -0 -0.621252
193 297 0 0 0 0 -0 -0.179232 0 -0.179232
296 297 0.011145 0 -1.23062 0 0 0 0 -1.21947
194 298 0 0 0 0 0 -0.143522 0 -0.143522
192 298 0 0 0 0 0 -0.0146235 -0 -0.0146235
297 298 0.083206 0 -1.18235 0 0 0 0 -1.09914
193 299 0 0 0 0 0 -4.97404e-05 -0 -4.97404e-05
298 299 0.0841626 0 -1.00781 0 0 0 0 -0.923645
300 301 0.0169003 0 -1.10612 0 0 0 0 -1.08922
301 302 0.0163187 0 -1.03725 0 0 0 0 -1.02093
302 303 0.0197131 0 -1.32259 0 0 0 0 -1.30287
303 304 0.0191286 0 -1.29887 0 0 0 0 -1.27974
304 305 0.0492729 0 -1.1458 0 0 0 0 -1.09652
305 306 0.067493 0 -1.20526 0 0 0 0 -1.13777
306 307 0.000781996 0 -1.32409 0 0 0 0 -1.3233
307 308 0.137953 0 0 0 0 0 0 0.137953
308 309 0.0649112 0 -1.11145 0 0 0 0 -1.04654
309 310 0.00489296 0 -1.27565 0 0 0 0 -1.27076
307 311 0 0 0 0 0 -0.00382045 -0 -0.00382045
306 311 0 0 0 0 0 -0.111363 0 -0.111363
310 311 0.548707 0 -0.916344 0 0 0 0 -0.367637
307 312 0 0 0 0 -0 -0.161472 0 -0.161472
306 312 0 0 0 0 -0.60626 0 -0 -0.60626
305 312 0 0 0 0 -0 -0.195856 0 -0.195856
311 312 0.0347515 0 -1.04749 0 0 0 0 -1.01274
306 313 0 0 0 0 -0 -0.0652888 -0 -0.0652888
305 313 0 0 0 0 -0.392314 0 -0 -0.392314
304 313 0 0 0 0 -0 -0.156385 0 -0.156385
312 313 0.0122806 0 -1.08878 0 0 0 0 -1.0765
303 314 0 0 0 0 -1.90525e-30 -0.0528062 -0 -0.0528062
305 314 0 0 0 0 -0 -0.14675 0 -0.14675
304 314 0 0 0 0 -0.814589 0 -0 -0.814589
313 314 0.00303923 0 -1.19139 0 0 0 0 -1.18835
302 315 0 0 0 0 -0 -0.169408 -0 -0.169408
303 315 0 0 0 0 -0.694423 0 -0 -0.694423
304 315 0 0 0 0 -0 -0.181469 0 -0.181469
314 315 0.00378801 0 -0.687594 0 0 0 0 -0.683806
302 316 0 0 0 0 -0.18188 0 -0 -0.18188
301 316 0 0 0 0 0 -0.148307 0 -0.148307
303 316 0 0 0 0 -0 -0.166015 0 -0.166015
315 316 0.000292517 0 -1.33864 0 0 0 0 -1.33835
302 317 0 0 0 0 -0 -0.0753473 0 -0.0753473
301 317 0 0 0 0 0 -0.00684651 -0 -0.00684651
300 317 0 0 0 0 0 -0.0127329 -0 -0.0127329
316 317 0.118846 0 -1.23612 0 0 0 0 -1.11727
317 318 8.36863e-05 0 -1.31854 0 0 0 0 -1.31845
300 319 0 0 0 0 0 -0 -3.14323e-18 -3.14323e-18
318 319 0.00260011 0 -0 0 0 0 0 0.00260011
320 321 0.101861 0 0 0 0 0 0 0.101861
321 322 0.00059227 0 -1.19375 0 0 0 0 -1.19315
322 323 0.0481457 0 -1.23411 0 0 0 0 -1.18597
323 324 0.0170729 0 0 0 0 0 0 0.0170729
324 325 0.0123088 0 -0.962599 0 0 0 0 -0.95029
325 326 0.00758489 0 0 0 0 0 0 0.00758489
326 327 0.00441502 0 -1.33959 0 0 0 0 -1.33518
327 328 0.00127286 0 -1.20825 0 0 0 0 -1.20698
328 329 0.0886893 0 -1.36137 0 0 0 0 -1.27268
329 330 8.24409e-05 0 -1.28906 0 0 0 0 -1.28898
330 331 0.00347764 0 -1.27776 0 0 0 0 -1.27428
331 332 0.000169873 0 -1.29595 0 0 0 0 -1.29578
332 333 0.0419155 0 -0.971621 0 0 0 0 -0.929705
333 334 0.00608017 0 0 0 0 0 0 0.00608017
334 335 0.0124965 0 -0.982024 0 0 0 0 -0.969527
329 336 0 0 0 0 0 -0.00743242 0 -0.00743242
330 336 0 0 0 0 0 -0.005879 -0 -0.005879
335 336 0.0109387 0 -1.1534 0 0 0 0 -1.14247
328 337 0 0 0 0 0 -0.119339 0 -0.119339
330 337 0 0 0 0 0 -0.12318 0 -0.12318
336 337 0.0160508 0 -1.14184 0 0 0 0 -1.12579
329 338 0 0 0 0 -0 -0.0973551 -0 -0.0973551
328 338 0 0 0 0 -0.609869 0 -0 -0.609869
327 338 0 0 0 0 0 -0.173081 0 -0.173081
337 338 0.00986778 0 -1.21256 0 0 0 0 -1.2027
328 339 0 0 0 0 0 -0.111738 0 -0.111738
327 339 0 0 0 0 -0.854815 0 -0 -0.854815
326 339 0 0 0 0 -0 -0.166661 0 -0.166661
338 339 0.0873639 0 -1.11475 0 0 0 0 -1.02739
340 341 0.0133865 0 -1.13305 0 0 0 0 -1.11966
341 342 0.0480543 0 -0.982517 0 0 0 0 -0.934463
342 343 0.108061 0 -1.20523 0 0 0 0 -1.09717
343 344 1.31721e-05 0 0 0 0 0 0 1.31721e-05
344 345 0.164455 0 -1.32037 0 0 0 0 -1.15592
345 346 0.116584 0 -1.1542 0 0 0 0 -1.03762
346 347 0.0253662 0 -1.34367 0 0 0 0 -1.31831
347 348 0.000741541 0 -1.10665 0 0 0 0 -1.1059
290 349 0 0 0 0 -0.653159 0 -0 -0.653159
289 349 0 0 0 0 0 -0.163605 -0 -0.163605
291 349 0 0 0 0 0 -0.142301 0 -0.142301
348 349 0.138217 0 0 0 0 0 0 0.138217
290 350 0 0 0 0 0 -0.120996 0 -0.120996
289 350 0 0 0 0 -0.797742 0 -0 -0.797742
288 350 0 0 0 0 -0 -0.110081 -0 -0.110081
349 350 0.0266476 0 -1.00988 0 0 0 0 -0.983229
289 351 0 0 0 0 -0 -0.176097 0 -0.176097
288 351 0 0 0 0 -0.728981 0 -0 -0.728981
287 351 0 0 0 0 0 -0.0903469 -0 -0.0903469
350 351 0.0134661 0 -1.40515 0 0 0 0 -1.39168
288 352 0 0 0 0 0 -0.100241 0 -0.100241
287 352 0 0 0 0 -0.773566 0 -0 -0.773566
286 352 0 0 0 0 -5.05161e-28 -0.101506 0 -0.101506
351 352 0.0778272 0 -1.18274 0 0 0 0 -1.10491
287 353 0 0 0 0 -0 -0.141789 -0 -0.141789
286 353 0 0 0 0 -0.442909 0 -0 -0.442909
285 353 0 0 0 0 -0 -0.120882 -0 -0.120882
352 353 0.0404603 0 -1.02648 0 0 0 0 -0.986016
284 354 0 0 0 0 -3.52148e-29 -0.171046 0 -0.171046
286 354 0 0 0 0 -0 -0.151748 0 -0.151748
285 354 0 0 0 0 -0.853314 0 -0 -0.853314
353 354 0.000536089 0 -1.22413 0 0 0 0 -1.22359
284 355 0 0 0 0 -0.802883 0 -0 -0.802883
283 355 0 0 0 0 -0 -0.113958 -0 -0.113958
285 355 0 0 0 0 -0 -0.0934058 -0 -0.0934058
354 355 0.0347177 0 -1.15755 0 0 0 0 -1.12283
284 356 0 0 0 0 -0 -0.130931 0 -0.130931
283 356 0 0 0 0 -0.677614 0 -0 -0.677614
282 356 0 0 0 0 -0 -0.0997161 0 -0.0997161
355 356 0.0858851 0 -1.32765 0 0 0 0 -1.24176
283 357 0 0 0 0 -0 -0.158146 0 -0.158146
282 357 0 0 0 0 -0.775999 0 -0 -0.775999
281 357 0 0 0 0 0 -0.184853 0 -0.184853
356 357 0.0104421 0 -1.03139 0 0 0 0 -1.02095
282 358 0 0 0 0 0 -0.106446 -0 -0.106446
281 358 0 0 0 0 -0.513253 0 -0 -0.513253
280 358 0 0 0 0 0 -0.143445 0 -0.143445
357 358 0.00094771 0 -1.09222 0 0 0 0 -1.09127
281 359 0 0 0 0 0 -0.0943821 0 -0.0943821
280 359 0 0 0 0 0 -0.00147807 -0 -0.00147807
358 359 0.0574366 0 -1.09929 0 0 0 0 -1.04185
360 361 0.00386554 0 -1.07117 0 0 0 0 -1.0673
361 362 0.0460609 0 -1.33297 0 0 0 0 -1.28691
362 363 0.00173397 0 -1.12063 0 0 0 0 -1.11889
363 364 0.0318169 0 -1.24217 0 0 0 0 -1.21035
364 365 0.00354107 0 -1.31604 0 0 0 0 -1.3125
365 366 0.0220412 0 -0.980261 0 0 0 0 -0.95822
366 367 0.0473245 0 -1.06098 0 0 0 0 -1.01366
367 368 0.00680591 0 -1.19743 0 0 0 0 -1.19063
368 369 0.000330791 0 -0.875246 0 0 0 0 -0.874915
369 370 0.00752785 0 -1.26274 0 0 0 0 -1.25522
370 371 0.0017418 0 0 0 0 0 0 0.0017418
371 372 0.0357387 0 -1.24927 0 0 0 0 -1.21353
372 373 0.0354016 0 -1.1455 0 0 0 0 -1.11009
368 374 0 0 0 0 0 -0.0231055 -0 -0.0231055
367 374 0 0 0 0 -0 -0.167218 0 -0.167218
373 374 0.00233927 0 -1.26158 0 0 0 0 -1.25924
368 375 0 0 0 0 0 -0.0359082 0 -0.0359082
367 375 0 0 0 0 -0.747981 0 -0 -0.747981
366 375 0 0 0 0 -1.41019e-28 -0.159863 0 -0.159863
374 375 0.0767396 0 -1.2012 0 0 0 0 -1.12446
367 376 0 0 0 0 -0 -0.176247 0 -0.176247
366 376 0 0 0 0 -0.704506 0 -0 -0.704506
365 376 0 0 0 0 -0 -0.177429 0 -0.177429
375 376 0.0297511 0 -1.11797 0 0 0 0 -1.08822
366 377 0 0 0 0 -0 -0.0926597 0 -0.0926597
365 377 0 0 0 0 -0.739764 0 -0 -0.739764
364 377 0 0 0 0 -0 -0.158928 0 -0.158928
376 377 0.0028803 0 -1.30948 0 0 0 0 -1.3066
365 378 0 0 0 0 0 -0.181049 0 -0.181049
363 378 0 0 0 0 0 -0.177132 0 -0.177132
377 378 0.0421837 0 -1.16666 0 0 0 0 -1.12448
364 379 0 0 0 0 -0 -0.170318 0 -0.170318
363 379 0 0 0 0 -0.346902 0 -0 -0.346902
362 379 0 0 0 0 -0 -0.0334706 0 -0.0334706
378 379 0.0196576 0 -1.05571 0 0 0 0 -1.03605
380 381 0.0294676 0 -1.20844 0 0 0 0 -1.17897
381 382 9.75792e-06 0 -1.21539 0 0 0 0 -1.21538
382 383 0.0111546 0 -1.0865 0 0 0 0 -1.07535
383 384 0.0297352 0 -1.10482 0 0 0 0 -1.07509
384 385 0.00525733 0 -0.96356 0 0 0 0 -0.958303
385 386 0.0692191 0 -1.02876 0 0 0 0 -0.959545
386 387 0.00801638 0 -1.37126 0 0 0 0 -1.36325
387 388 0.0634678 0 -1.30313 0 0 0 0 -1.23966
388 389 0.00613409 0 -1.06189 0 0 0 0 -1.05575
389 390 0.042991 0 0 0 0 0 0 0.042991
390 391 0.043916 0 -1.26584 0 0 0 0 -1.22192
389 392 0 0 0 0 0 -0.00029548 -0 -0.00029548
388 392 0 0 0 0 0 -0.0380954 0 -0.0380954
391 392 0.0348072 0 -1.13617 0 0 0 0 -1.10137
389 393 0 0 0 0 0 -0.0720852 0 -0.0720852
387 393 0 0 0 0 -0 -0.0943186 -0 -0.0943186
392 393 0.0821368 0 -1.32063 0 0 0 0 -1.23849
388 394 0 0 0 0 0 -0.158228 0 -0.158228
387 394 0 0 0 0 -0.790994 0 -0 -0.790994
386 394 0 0 0 0 -0 -0.167762 -0 -0.167762
393 394 0.0358337 0 -1.14615 0 0 0 0 -1.11031
387 395 0 0 0 0 -0 -0.175749 0 -0.175749
386 395 0 0 0 0 -0.78814 0 -0 -0.78814
385 395 0 0 0 0 -5.87709e-30 -0.157006 0 -0.157006
394 395 0.0696275 0 -0.525786 0 0 0 0 -0.456159
386 396 0 0 0 0 -0 -0.134572 0 -0.134572
385 396 0 0 0 0 -0.831859 0 -0 -0.831859
384 396 0 0 0 0 -1.98755e-29 -0.000296668 -0 -0.000296668
395 396 0.188841 0 -1.3178 0 0 0 0 -1.12896
383 397 0 0 0 0 -0 -0.138931 0 -0.138931
385 397 0 0 0 0 -0 -0.0930156 -0 -0.0930156
384 397 0 0 0 0 -0.399634 0 -0 -0.399634
396 397 0.0466041 0 -0.997975 0 0 0 0 -0.951371
382 398 0 0 0 0 0 -0.109823 0 -0.109823
384 398 0 0 0 0 0 -0.10498 -0 -0.10498
397 398 0.00035973 0 -1.24482 0 0 0 0 -1.24446
383 399 0 0 0 0 -0 -0.117268 0 -0.117268
382 399 0 0 0 0 -0.497945 0 -0 -0.497945
381 399 0 0 0 0 0 -0.092275 -0 -0.092275
398 399 0.244546 0 -1.03198 0 0 0 0 -0.787434
400 401 0.0318318 0 0 0 0 0 0 0.0318318
401 402 0.117086 0 -1.163 0 0 0 0 -1.04592
402 403 0.000653705 0 -0.380061 0 0 0 0 -0.379408
403 404 0.0458338 0 -1.14613 0 0 0 0 -1.1003
404 405 0.00718779 0 -1.30462 0 0 0 0 -1.29744
405 406 0.0332494 0 -1.26102 0 0 0 0 -1.22778
406 407 0.162273 0 -1.2792 0 0 0 0 -1.11693
407 408 0.0266767 0 -1.31752 0 0 0 0 -1.29084
408 409 0.0350019 0 -1.16512 0 0 0 0 -1.13012
409 410 0.00611612 0 -1.18035 0 0 0 0 -1.17424
410 411 0.0386835 0 -1.0721 0 0 0 0 -1.03342
411 412 0.00328882 0 -1.0402 0 0 0 0 -1.03691
412 413 0.0584673 0 -1.2508 0 0 0 0 -1.19233
413 414 0.000875476 0 -1.13136 0 0 0 0 -1.13048
414 415 0.104426 0 -0.921947 0 0 0 0 -0.817522
415 416 0.0707672 0 -1.3374 0 0 0 0 -1.26663
416 417 0.00619637 0 -1.06865 0 0 0 0 -1.06246
417 418 0.0686577 0 -0.922661 0 0 0 0 -0.854003
418 419 0.00980029 0 -0.874042 0 0 0 0 -0.864242
239 420 0 0 0 0 -0.858394 0 -0 -0.858394
238 420 0 0 0 0 -1.98987e-29 -0.171946 0 -0.171946
239 421 0 0 0 0 -0 -0.14481 0 -0.14481
238 421 0 0 0 0 -0.808015 0 -0 -0.808015
237 421 0 0 0 0 0 -0.0947258 -0 -0.0947258
420 421 0.200899 0 -1.0654 0 0 0 0 -0.864503
238 422 0 0 0 0 0 -0.157624 -0 -0.157624
237 422 0 0 0 0 -0.765997 0 -0 -0.765997
236 422 0 0 0 0 -0 -0.17616 0 -0.17616
421 422 0.000146263 0 -1.24306 0 0 0 0 -1.24292
237 423 0 0 0 0 -0 -0.118674 0 -0.118674
236 423 0 0 0 0 -0.743062 0 -0 -0.743062
235 423 0 0 0 0 -0 -0.176342 0 -0.176342
422 423 0.01981 0 -0.948005 0 0 0 0 -0.928195
236 424 0 0 0 0 -0 -0.101026 0 -0.101026
235 424 0 0 0 0 -0.880019 0 -0 -0.880019
234 424 0 0 0 0 -4.39649e-33 -0.175985 0 -0.175985
423 424 0.069118 0 -1.29656 0 0 0 0 -1.22745
235 425 0 0 0 0 -0 -0.0822226 -0 -0.0822226
234 425 0 0 0 0 -0.524178 -4.46015e-17 -0 -0.524178
233 425 0 0 0 0 -0 -0.169902 0 -0.169902
424 425 0.00426528 0 -1.10459 0 0 0 0 -1.10032
234 426 0 0 0 0 -0 -0.0516192 0 -0.0516192
233 426 0 0 0 0 -0.711437 0 -0 -0.711437
232 426 0 0 0 0 -3.30483e-29 -0.172713 0 -0.172713
425 426 0.0399491 0 -1.25435 0 0 0 0 -1.2144
231 427 0 0 0 0 0 -0.13449 0 -0.13449
233 427 0 0 0 0 -0 -0.121177 0 -0.121177
232 427 0 0 0 0 -0.830764 0 -0 -0.830764
426 427 6.67734e-05 0 -1.2311 0 0 0 0 -1.23103
231 428 0 0 0 0 -0.562934 0 -0 -0.562934
230 428 0 0 0 0 0 -0.108094 0 -0.108094
232 428 0 0 0 0 0 -0.0193053 -0 -0.0193053
427 428 0.00041794 0 -1.01207 0 0 0 0 -1.01165
229 429 0 0 0 0 0 -0.0812648 -0 -0.0812648
231 429 0 0 0 0 0 -0.0672719 -0 -0.0672719
428 429 1.27955e-05 0 -1.33143 0 0 0 0 -1.33142
229 430 0 0 0 0 -0.598522 0 -0 -0.598522
230 430 0 0 0 0 0 -0.143035 0 -0.143035
429 430 0.00846549 0 -1.12351 0 0 0 0 -1.11504
229 431 0 0 0 0 0 -0.0721851 0 -0.0721851
430 431 0.025382 0 -1.31786 0 0 0 0 -1.29248
431 432 0.0324399 0 0 0 0 0 0 0.0324399
432 433 0.0694079 0 -0.818777 0 0 0 0 -0.74937
433 434 0.013763 0 -1.27627 0 0 0 0 -1.2625
434 435 0.00786235 0 -1.12133 0 0 0 0 -1.11347
435 436 0.000795509 0 -1.17025 0 0 0 0 -1.16945
436 437 0.0862458 0 -1.2857 0 0 0 0 -1.19946
437 438 0.0609396 0 -0.887112 0 0 0 0 -0.826172
438 439 0.102063 0 -0 0 0 0 0 0.102063
440 441 0.0402091 0 0 0 0 0 0 0.0402091
441 442 0.0279918 0 -1.31813 0 0 0 0 -1.29014
442 443 0.107258 0 -0.504311 0 0 0 0 -0.397053
443 444 0.0108094 0 -1.38564 0 0 0 0 -1.37483
444 445 0.0057447 0 -1.2776 0 0 0 0 -1.27185
445 446 0.0293073 0 -1.13816 0 0 0 0 -1.10885
446 447 0.0789819 0 -1.13456 0 0 0 0 -1.05557
447 448 0.00954913 0 -1.25913 0 0 0 0 -1.24959
448 449 0.0799591 0 -1.16931 0 0 0 0 -1.08935
449 450 0.000124653 0 -1.29453 0 0 0 0 -1.2944
450 451 0.185284 0 -1.183 0 0 0 0 -0.997717
451 452 4.20387e-05 0 -1.27135 0 0 0 0 -1.27131
452 453 0.0056592 0 -0.967219 0 0 0 0 -0.96156
453 454 0.0355536 0 0 0 0 0 0 0.0355536
451 455 0 0 0 0 0 -6.67051e-05 0 -6.67051e-05
454 455 0.132805 0 -0.302247 0 0 0 0 -0.169442
449 456 0 0 0 0 -0 -0.112187 0 -0.112187
450 456 0 0 0 0 0 -0.00786916 -0 -0.00786916
455 456 0.0141011 0 -1.147 0 0 0 0 -1.1329
449 457 0 0 0 0 -0.706872 0 -0 -0.706872
448 457 0 0 0 0 0 -0.190792 0 -0.190792
450 457 0 0 0 0 0 -0.0256225 0 -0.0256225
456 457 0.0280062 0 -1.32691 0 0 0 0 -1.29891
449 458 0 0 0 0 0 -0.155689 0 -0.155689
448 458 0 0 0 0 -0.810495 0 -0 -0.810495
447 458 0 0 0 0 0 -0.170141 0 -0.170141
457 458 0.191211 0 -1.23073 0 0 0 0 -1.03952
448 459 0 0 0 0 -0 -0.14018 -0 -0.14018
446 459 0 0 0 0 0 -0.0369001 -0 -0.0369001
458 459 0.0338295 0 -1.27855 0 0 0 0 -1.24472
419 460 0 0 0 0 -0.578383 0 -0 -0.578383
418 460 0 0 0 0 -0 -0.197727 0 -0.197727
419 461 0 0 0 0 -0 -0.131076 -0 -0.131076
418 461 0 0 0 0 -0.629232 0 -0 -0.629232
417 461 0 0 0 0 0 -0.160399 0 -0.160399
460 461 0.073086 0 -1.30273 0 0 0 0 -1.22965
418 462 0 0 0 0 0 -0.122822 -0 -0.122822
417 462 0 0 0 0 -0.814458 0 -0 -0.814458
416 462 0 0 0 0 -0 -0.117677 -0 -0.117677
461 462 0.00974327 0 -0.988151 0 0 0 0 -0.978408
417 463 0 0 0 0 -0 -0.153708 0 -0.153708
416 463 0 0 0 0 -0.717403 0 -0 -0.717403
415 463 0 0 0 0 -5.57949e-29 -0.148563 0 -0.148563
462 463 0.000110398 0 -1.19826 0 0 0 0 -1.19815
416 464 0 0 0 0 -0 -0.18318 0 -0.18318
415 464 0 0 0 0 -0.820852 0 -0 -0.820852
414 464 0 0 0 0 -4.7658e-29 -0.169466 0 -0.169466
463 464 0.0360322 0 -0.995404 0 0 0 0 -0.959371
413 465 0 0 0 0 -0 -0.0973369 0 -0.0973369
415 465 0 0 0 0 -0 -0.178914 0 -0.178914
414 465 0 0 0 0 -0.764974 0 -0 -0.764974
464 465 0.0299193 0 -1.32758 0 0 0 0 -1.29766
465 466 0.0007707 0 0 0 0 0 0 0.0007707
466 467 0.0813949 0 -1.23821 0 0 0 0 -1.15682
467 468 0.110915 0 -1.42276 0 0 0 0 -1.31185
468 469 0.0131407 0 -0.644887 0 0 0 0 -0.631746
469 470 0.00445901 0 -0.832915 0 0 0 0 -0.828456
470 471 0.0798603 0 -0 0 0 0 0 0.0798603
471 472 0.013392 0 -0.931688 0 0 0 0 -0.918296
469 473 0 0 0 0 -0 -0.19156 0 -0.19156
472 473 0.016096 0 -1.12462 0 0 0 0 -1.10852
470 474 0 0 0 0 0 -0.0652751 0 -0.0652751
469 474 0 0 0 0 -0.673527 0 -0 -0.673527
468 474 0 0 0 0 0 -0.0954106 -0 -0.0954106
473 474 0.0245377 0 -1.24104 0 0 0 0 -1.2165
469 475 0 0 0 0 -0 -0.191446 0 -0.191446
467 475 0 0 0 0 -0 -0.0661253 -0 -0.0661253
474 475 0.0130945 0 -1.25506 0 0 0 0 -1.24197
468 476 0 0 0 0 0 -0.101882 -0 -0.101882
467 476 0 0 0 0 -0.552881 0 -0 -0.552881
466 476 0 0 0 0 -3.99631e-29 -0.0783446 0 -0.0783446
475 476 5.24807e-05 0 -1.13108 0 0 0 0 -1.13103
467 477 0 0 0 0 -0 -0.0676918 -0 -0.0676918
466 477 0 0 0 0 -0.603003 0 -0 -0.603003
476 477 0.0196188 0 -1.27492 0 0 0 0 -1.2553
466 478 0 0 0 0 0 -0.0248441 -0 -0.0248441
477 478 0.0312651 0 -1.21976 0 0 0 0 -1.1885
478 479 0.1158 0 -0.903841 0 0 0 0 -0.788041
480 481 0.0216296 0 -1.27241 0 0 0 0 -1.25078
481 482 0.0152329 0 -1.33884 0 0 0 0 -1.32361
482 483 0.0246031 0 -1.13072 0 0 0 0 -1.10612
483 484 0.102573 0 -1.08317 0 0 0 0 -0.980594
484 485 0.0255415 0 -0.806125 0 0 0 0 -0.780584
485 486 0.0133699 0 -1.15434 0 0 0 0 -1.14097
486 487 0.000299622 0 -1.08285 0 0 0 0 -1.08255
487 488 0.067291 0 -1.14095 0 0 0 0 -1.07366
488 489 0.0580975 0 -1.15182 0 0 0 0 -1.09372
489 490 9.15318e-06 0 -0.555533 0 0 0 0 -0.555523
490 491 0.00682008 0 -1.19134 0 0 0 0 -1.18452
491 492 0.000164498 0 -1.10672 0 0 0 0 -1.10656
490 493 0 0 0 0 0 -0.0315242 0 -0.0315242
489 493 0 0 0 0 -0.509362 0 -0 -0.509362
488 493 0 0 0 0 0 -0.130026 0 -0.130026
492 493 0.0135342 0 0 0 0 0 0 0.0135342
489 494 0 0 0 0 -0 -0.171516 0 -0.171516
487 494 0 0 0 0 -0 -0.154786 0 -0.154786
493 494 0.064821 0 -1.03212 0 0 0 0 -0.967298
488 495 0 0 0 0 0 -0.0989009 -0 -0.0989009
487 495 0 0 0 0 -0.526607 0 -0 -0.526607
486 495 0 0 0 0 -3.84039e-29 -0.11879 0 -0.11879
494 495 0.00807029 0 -1.1806 0 0 0 0 -1.17253
487 496 0 0 0 0 -0 -0.139379 0 -0.139379
486 496 0 0 0 0 -0.866153 0 -0 -0.866153
485 496 0 0 0 0 -1.8199e-29 -0.184466 0 -0.184466
495 496 0.0194557 0 -0.97054 0 0 0 0 -0.951084
484 497 0 0 0 0 -0 -0.0877284 -0 -0.0877284
486 497 0 0 0 0 -0 -0.115915 -0 -0.115915
485 497 0 0 0 0 -0.801785 0 -0 -0.801785
496 497 0.0753184 0 -1.00068 0 0 0 0 -0.925364
485 498 0 0 0 0 0 -0.149961 0 -0.149961
483 498 0 0 0 0 0 -0.00081647 0 -0.00081647
497 498 7.23478e-05 0 -1.28554 0 0 0 0 -1.28547
484 499 0 0 0 0 0 -0.0247762 0 -0.0247762
483 499 0 0 0 0 0 -0.00714884 -0 -0.00714884
498 499 0.000775402 0 -1.23618 0 0 0 0 -1.2354
#Total energy per particle is  -1.12941 and should be -1.1294110
