t = 0
b =  25.0 25.0 25.0
E = 0. 0. 0.
23.80057471474472 10.38018887188829 19.614602195751285 0.5607032418705588 -0.5646870705172881 0.6055909402777164 0.47720518646712606 0.8180735885046732 0.3209841332526614 0.0 0.0 0.0 0.0 0.0 0.0
23.812408135229017 10.67303713261384 20.06491871606563 0.850975634330763 -0.5213430091227386 0.06357622680061664 0.47720518646712606 0.8180735885046732 0.3209841332526614 0.0 0.0 0.0 0.0 0.0 0.0
24.018221478334997 10.847045238005784 20.529727439279604 0.8179481557548274 -0.2799320221721735 -0.5025921581758654 0.47720518646712606 0.8180735885046732 0.3209841332526614 0.0 0.0 0.0 0.0 0.0 0.0
24.410486129282063 10.957242830135506 20.879970264223306 0.4741684974437448 0.06782982021542583 -0.8778173793685589 0.47720518646712606 0.8180735885046732 0.3209841332526614 0.0 0.0 0.0 0.0 0.0 0.0
24.910837504141167 11.082902231917602 21.03011458991938 -0.04975570072072896 0.3898219798490674 -0.9195451018152088 0.47720518646712606 0.8180735885046732 0.3209841332526614 0.0 0.0 0.0 0.0 0.0 0.0
25.399847065455415 11.29742156627206 20.97064858072315 -0.5547768763104436 0.5637142518621074 -0.6119222661080176 0.47720518646712606 0.8180735885046732 0.3209841332526614 0.0 0.0 0.0 0.0 0.0 0.0
25.762395220358616 11.64043958207578 20.771694871713436 -0.8490290412150835 0.5234420547930448 -0.0718199307116862 0.47720518646712606 0.8180735885046732 0.3209841332526614 0.0 0.0 0.0 0.0 0.0 0.0
25.931407178602104 12.102776230739702 20.556369807238173 -0.8207208783535317 0.28430546962364506 0.4955679971272222 0.47720518646712606 0.8180735885046732 0.3209841332526614 0.0 0.0 0.0 0.0 0.0 0.0
25.913335786800882 12.629920320150017 20.45400948330113 -0.48060713208413525 -0.06284351678974509 0.8746813574024315 0.47720518646712606 0.8180735885046732 0.3209841332526614 0.0 0.0 0.0 0.0 0.0 0.0
25.78570998411876 13.142739227930736 20.551032802305865 0.04209729898676706 -0.3861172004871412 0.9214886461080202 0.47720518646712606 0.8180735885046732 0.3209841332526614 0.0 0.0 0.0 0.0 0.0 0.0
25.667680262065264 13.567542707711217 20.8581094871856 0.5488082623432912 -0.5626985041841392 0.618206991688601 0.47720518646712606 0.8180735885046732 0.3209841332526614 0.0 0.0 0.0 0.0 0.0 0.0
25.6747514006812 13.86407904575759 21.306106475272664 0.8470177912507657 -0.5255012383242903 0.08005816525696975 0.47720518646712606 0.8180735885046732 0.3209841332526614 0.0 0.0 0.0 0.0 0.0 0.0
25.874900271464195 14.04082735999302 21.772352724649085 0.8234310998797989 -0.2886572661128715 -0.4885060966569283 0.47720518646712606 0.8180735885046732 0.3209841332526614 0.0 0.0 0.0 0.0 0.0 0.0
26.26275028737409 14.151776241335407 22.1272439939217 0.4870091666306711 0.057852427586952096 -0.8714787250644713 0.47720518646712606 0.8180735885046732 0.3209841332526614 0.0 0.0 0.0 0.0 0.0 0.0
26.761614058141213 14.27591258536657 22.283481660394745 -0.034435691380501184 0.38238301680548414 -0.9233620154727422 0.47720518646712606 0.8180735885046732 0.3209841332526614 0.0 0.0 0.0 0.0 0.0 0.0
27.252628211974628 14.487213150110241 22.229238926387154 -0.5427978545021639 0.5616399048365015 -0.6244446384132818 0.47720518646712606 0.8180735885046732 0.3209841332526614 0.0 0.0 0.0 0.0 0.0 0.0
27.61991157779512 14.826539548833418 22.032654017405076 -0.8449420376022815 0.5275204029016767 -0.0882903030630112 0.47720518646712606 0.8180735885046732 0.3209841332526614 0.0 0.0 0.0 0.0 0.0 0.0
27.794590379558027 15.286114239996484 21.815943331061725 -0.8260786139397672 0.2929870802337014 0.48140699455604563 0.47720518646712606 0.8180735885046732 0.3209841332526614 0.0 0.0 0.0 0.0 0.0 0.0
27.780964535280766 15.812475345317676 21.70896938427492 -0.49337411354363553 -0.052856932697813594 0.8682097262475305 0.47720518646712606 0.8180735885046732 0.3209841332526614 0.0 0.0 0.0 0.0 0.0 0.0
27.654874046297195 16.326787711167253 21.799903871904494 0.026771461363013394 -0.37861971317664134 0.9251650672450445 0.47720518646712606 0.8180735885046732 0.3209841332526614 0.0 0.0 0.0 0.0 0.0 0.0
6.281059484923513 2.402109005488353 5.343134657205147 0.6492185040234679 -0.6348710447052202 0.4188724037561233 0.3492382093935211 0.738045497767967 0.5773400352686802 0.0 0.0 0.0 0.0 0.0 0.0
6.2534530281400125 2.5370088222416047 5.862485237355164 0.9220960680189968 -0.3802662052504475 -0.07166906228164541 0.3492382093935211 0.738045497767967 0.5773400352686802 0.0 0.0 0.0 0.0 0.0 0.0
6.436038399075236 2.585226945542924 6.36549885250301 0.844653919149985 0.018808123290879636 -0.5349822533157953 0.3492382093935211 0.738045497767967 0.5773400352686802 0.0 0.0 0.0 0.0 0.0 0.0
6.811162657457771 2.6377323811401974 6.746563246174279 0.44631362453545254 0.41073693133894934 -0.7950467418889849 0.3492382093935211 0.738045497767967 0.5773400352686802 0.0 0.0 0.0 0.0 0.0 0.0
7.288024120596441 2.78386531316004 6.946396710015773 -0.12158867800597081 0.64661991201607 -0.7530596807458823 0.3492382093935211 0.738045497767967 0.5773400352686802 0.0 0.0 0.0 0.0 0.0 0.0
7.7371694407578575 3.077395274469871 6.974570195936187 -0.6432974089186371 0.636841177209878 -0.4249726564009789 0.3492382093935211 0.738045497767967 0.5773400352686802 0.0 0.0 0.0 0.0 0.0 0.0
8.039675096314888 3.516093202162929 6.905871151458214 -0.9206066988239948 0.385115831764973 0.06456858527456905 0.3492382093935211 0.738045497767967 0.5773400352686802 0.0 0.0 0.0 0.0 0.0 0.0
8.132328425908058 4.0425782958245 6.8518905180252325 -0.8481621121229183 -0.012921456960786079 0.5295791418751313 0.3492382093935211 0.738045497767967 0.5773400352686802 0.0 0.0 0.0 0.0 0.0 0.0
8.03164317535535 4.566117942965285 6.918627466645918 -0.453486558512045 -0.4060496681519028 0.7933937283862477 0.3492382093935211 0.738045497767967 0.5773400352686802 0.0 0.0 0.0 0.0 0.0 0.0
7.827585649520848 4.997098555474473 7.166218540616418 0.11347612056848745 -0.6449128216236909 0.7557847726476734 0.3492382093935211 0.738045497767967 0.5773400352686802 0.0 0.0 0.0 0.0 0.0 0.0
7.649395008940462 5.281071270002331 7.586090777292758 0.6373273242254901 -0.6387628117932604 0.4310405457327011 0.3492382093935211 0.738045497767967 0.5773400352686802 0.0 0.0 0.0 0.0 0.0 0.0
7.61648315197081 5.419437981483213 8.104218719931575 0.919047221864604 -0.389936130217873 -0.05746319111973666 0.3492382093935211 0.738045497767967 0.5773400352686802 0.0 0.0 0.0 0.0 0.0 0.0
7.793068138143056 5.468918739811574 8.609247926346569 0.8516057142672205 0.007033806611717657 -0.5241357009324646 0.3492382093935211 0.738045497767967 0.5773400352686802 0.0 0.0 0.0 0.0 0.0 0.0
8.163776673678328 5.520002854578395 8.994800383242053 0.4606249577314624 0.4013314827105415 -0.7916802948793451 0.3492382093935211 0.738045497767967 0.5773400352686802 0.0 0.0 0.0 0.0 0.0 0.0
8.63948468282207 5.662570493456997 9.199889292009534 -0.10535492148508202 0.6431566186230637 -0.7584523086128879 0.3492382093935211 0.738045497767967 0.5773400352686802 0.0 0.0 0.0 0.0 0.0 0.0
9.09117703429829 5.951745703787678 9.232088973163972 -0.6313087045890903 0.640635802115454 -0.43707560965802467 0.3492382093935211 0.738045497767967 0.5773400352686802 0.0 0.0 0.0 0.0 0.0 0.0
9.398962546699272 6.386953865368211 9.16465725534426 -0.9174177559010323 0.39472673352475773 0.050353420920422484 0.3492382093935211 0.738045497767967 0.5773400352686802 0.0 0.0 0.0 0.0 0.0 0.0
9.497622652776023 6.912139998275807 9.10870360140773 -0.8549844633392559 -0.0011456206110433498 0.518652345026898 0.3492382093935211 0.738045497767967 0.5773400352686802 0.0 0.0 0.0 0.0 0.0 0.0
9.401389023532465 7.437064986929069 9.1709767658395 -0.4677282785769665 -0.39658273432295393 0.7899065718528725 0.3492382093935211 0.738045497767967 0.5773400352686802 0.0 0.0 0.0 0.0 0.0 0.0
9.198536718470198 7.871588928814919 9.41330915817958 0.09722569921650734 -0.6413514367558465 0.7610620854983338 0.3492382093935211 0.738045497767967 0.5773400352686802 0.0 0.0 0.0 0.0 0.0 0.0
15.296288778048458 20.052430226774607 4.303710199088706 -0.37421599302760294 0.8685858245637389 0.3248400466834327 0.6603160916044329 0.00362978872021678 0.750979016885354 0.0 0.0 0.0 0.0 0.0 0.0
15.740080153525364 20.327179528705955 4.431174461762269 -0.6849238102353904 0.41302824937001725 0.6002391518344781 0.6603160916044329 0.00362978872021678 0.750979016885354 0.0 0.0 0.0 0.0 0.0 0.0
16.027743124907953 20.696078633077146 4.695463257983053 -0.7354176206193186 -0.19944566322345073 0.6475973677401551 0.6603160916044329 0.00362978872021678 0.750979016885354 0.0 0.0 0.0 0.0 0.0 0.0
16.147767626530424 21.01951409224099 5.107371894556886 -0.5065139814030435 -0.7361468338046648 0.44892251639075126 0.6603160916044329 0.00362978872021678 0.750979016885354 0.0 0.0 0.0 0.0 0.0 0.0
16.152332250154583 21.175144857476162 5.621612432867358 -0.085177212189587 -0.9931735145047683 0.07969449548028276 0.6603160916044329 0.00362978872021678 0.750979016885354 0.0 0.0 0.0 0.0 0.0 0.0
16.137480725580016 21.104381688829726 6.154019333930151 0.3685198040217381 -0.8728769720688536 -0.31981079668405465 0.6603160916044329 0.00362978872021678 0.750979016885354 0.0 0.0 0.0 0.0 0.0 0.0
16.2066333019277 20.834646186935082 6.613525353825953 0.6822099853626511 -0.42095987421925857 -0.59781462023674 0.6603160916044329 0.00362978872021678 0.750979016885354 0.0 0.0 0.0 0.0 0.0 0.0
16.431295665904567 20.468952868466637 6.936759512228526 0.7367171873215907 0.19088691792000528 -0.6486986746340443 0.6603160916044329 0.00362978872021678 0.750979016885354 0.0 0.0 0.0 0.0 0.0 0.0
16.82389273591223 20.14677222894432 7.1121227873369355 0.5113332125625373 0.7302125784823849 -0.4531312568744099 0.6603160916044329 0.00362978872021678 0.750979016885354 0.0 0.0 0.0 0.0 0.0 0.0
17.333048227812647 19.991043569663237 7.184194778183028 0.09168520131556246 0.992118271976046 -0.08541169867758051 0.6603160916044329 0.00362978872021678 0.750979016885354 0.0 0.0 0.0 0.0 0.0 0.0
17.863103364237826 20.061468301696138 7.236797169628083 -0.3627955508060147 0.8771016466130646 0.3147571918543112 0.6603160916044329 0.00362978872021678 0.750979016885354 0.0 0.0 0.0 0.0 0.0 0.0
18.310459243441393 20.33182838167253 7.361148472860178 -0.6794442075582431 0.42885944134426557 0.5953445627411373 0.6603160916044329 0.00362978872021678 0.750979016885354 0.0 0.0 0.0 0.0 0.0 0.0
18.602935794153318 20.69994698479743 7.621208587901659 -0.7379606501577316 -0.18231363583871155 0.6497505806123209 0.6603160916044329 0.00362978872021678 0.750979016885354 0.0 0.0 0.0 0.0 0.0 0.0
18.72719419144182 21.026507188896385 8.02937936823815 -0.5161135037181872 -0.7242227146451203 0.45730548965848844 0.6603160916044329 0.00362978872021678 0.750979016885354 0.0 0.0 0.0 0.0 0.0 0.0
18.733804499318232 21.187980802404287 8.54179294933143 -0.09818620825848401 -0.9909874757997703 0.09112239744333905 0.6603160916044329 0.00362978872021678 0.750979016885354 0.0 0.0 0.0 0.0 0.0 0.0
18.718033257932685 21.123558789622166 9.074977883789092 0.35704366930447734 -0.8812595264710488 -0.3096796170457761 0.6603160916044329 0.00362978872021678 0.750979016885354 0.0 0.0 0.0 0.0 0.0 0.0
18.78365013219949 20.8582536400521 9.537571339797084 0.6766266874468543 -0.43672634916241726 -0.5928291674521118 0.6603160916044329 0.00362978872021678 0.750979016885354 0.0 0.0 0.0 0.0 0.0 0.0
19.003504081159896 20.49339670544885 9.865029368430973 0.7391479144332322 0.17372646986819282 -0.6507530055682722 0.6603160916044329 0.00362978872021678 0.750979016885354 0.0 0.0 0.0 0.0 0.0 0.0
19.391846820472676 20.16814072511836 10.044148228969599 0.5208544908323145 0.7181776984441934 -0.46144489685899914 0.6603160916044329 0.00362978872021678 0.750979016885354 0.0 0.0 0.0 0.0 0.0 0.0
19.898918357359396 20.00659337374572 10.118080710749833 0.10467973794150347 0.9897812120904487 -0.09682615688573744 0.6603160916044329 0.00362978872021678 0.750979016885354 0.0 0.0 0.0 0.0 0.0 0.0
15.01017103918867 16.78366798464617 14.969059234648148 -0.7224389842643308 -0.184180298246333 0.6664529478913075 0.5368217001215908 0.4580763550956867 0.7085114785102746 0.0 0.0 0.0 0.0 0.0 0.0
14.983746527981879 17.247170813653845 15.239525452183212 -0.32967620136084463 -0.6591164332094872 0.6759283465941398 0.5368217001215908 0.4580763550956867 0.7085114785102746 0.0 0.0 0.0 0.0 0.0 0.0
14.882172316301606 17.56042803097229 15.664069557592526 0.18833608233177482 -0.8836432153572585 0.4286072655065533 0.5368217001215908 0.4580763550956867 0.7085114785102746 0.0 0.0 0.0 0.0 0.0 0.0
14.823529320514867 17.672258749546177 16.18631470266021 0.6347963395351737 -0.7724591662640973 0.01845111832168832 0.5368217001215908 0.4580763550956867 0.7085114785102746 0.0 0.0 0.0 0.0 0.0 0.0
14.909588170299067 17.608007376864702 16.71276578072989 0.8400868541203406 -0.3678049650786655 -0.3987149171998359 0.5368217001215908 0.4580763550956867 0.7085114785102746 0.0 0.0 0.0 0.0 0.0 0.0
15.18714484491337 17.459914850820542 17.148329780878285 0.7262143273220022 0.17658449171123394 -0.6644024895192204 0.5368217001215908 0.4580763550956867 0.7085114785102746 0.0 0.0 0.0 0.0 0.0 0.0
15.63024209829109 17.3520747652182 17.43244321263532 0.3364408359179674 0.6538865477647741 -0.6776724478530067 0.5368217001215908 0.4580763550956867 0.7085114785102746 0.0 0.0 0.0 0.0 0.0 0.0
16.150031050802436 17.393288138753412 17.56208118858127 -0.18115215404211363 0.8827661719223965 -0.43348331316831734 0.5368217001215908 0.4580763550956867 0.7085114785102746 0.0 0.0 0.0 0.0 0.0 0.0
16.628526364099926 17.63572808895461 17.592906629650933 -0.6299224119790958 0.7762681683033716 -0.024606620356480643 0.5368217001215908 0.4580763550956867 0.7085114785102746 0.0 0.0 0.0 0.0 0.0 0.0
16.963430843766243 18.055118392545875 17.61812299083609 -0.8393746138641268 0.3748529090342348 0.393618538929534 0.5368217001215908 0.4580763550956867 0.7085114785102746 0.0 0.0 0.0 0.0 0.0 0.0
17.106999853791272 18.55995642854626 17.733064710355457 -0.7299343663470138 -0.16897523758343255 0.6623014343251926 0.5368217001215908 0.4580763550956867 0.7085114785102746 0.0 0.0 0.0 0.0 0.0 0.0
17.084180302040085 19.026276553822687 17.998978062668602 -0.3431798492028703 -0.64860686632784 0.679364941731229 0.5368217001215908 0.4580763550956867 0.7085114785102746 0.0 0.0 0.0 0.0 0.0 0.0
16.983132892864933 19.34474672351124 18.419752674825627 0.17395443031454408 -0.8818219024257904 0.4383263493974597 0.5368217001215908 0.4580763550956867 0.7085114785102746 0.0 0.0 0.0 0.0 0.0 0.0
16.92173840155347 19.46220556279527 18.940443792119762 0.625000513392483 -0.7800180545162014 0.030760248501839428 0.5368217001215908 0.4580763550956867 0.7085114785102746 0.0 0.0 0.0 0.0 0.0 0.0
17.00281279693549 19.40185926200903 19.468146709027767 0.8385984519812775 -0.38187230648949533 -0.3884921850835614 0.5368217001215908 0.4580763550956867 0.7085114785102746 0.0 0.0 0.0 0.0 0.0 0.0
17.27504573583318 19.25446515694288 19.907292820122052 0.7335988180439534 0.1613531153370588 -0.6601499423127617 0.5368217001215908 0.4580763550956867 0.7085114785102746 0.0 0.0 0.0 0.0 0.0 0.0
17.714502548386715 19.1438514995948 20.1959577310945 0.34989272801356275 0.6432777909668356 -0.6810056993388951 0.5368217001215908 0.4580763550956867 0.7085114785102746 0.0 0.0 0.0 0.0 0.0 0.0
18.23371741930033 19.17987303493837 20.329387371474766 -0.16674345928363307 0.8808104787771863 -0.44313600537807085 0.5368217001215908 0.4580763550956867 0.7085114785102746 0.0 0.0 0.0 0.0 0.0 0.0
18.71492311342365 19.416675346633944 20.361804145485813 -0.6200310185970064 0.7837085393342009 -0.03691153413520647 0.5368217001215908 0.4580763550956867 0.7085114785102746 0.0 0.0 0.0 0.0 0.0 0.0
19.054792717348484 19.832124044530175 20.385806934129317 -0.8377584275795626 0.3888626228901217 0.3833362460535612 0.5368217001215908 0.4580763550956867 0.7085114785102746 0.0 0.0 0.0 0.0 0.0 0.0
6.410502656944595 14.465144219968373 8.299104620529967 0.9618316370595017 -0.17954878480034625 0.2064997235546764 0.06019113282023909 0.874971403739993 0.48041864052832345 0.0 0.0 0.0 0.0 0.0 0.0
6.449671981031834 14.627513256061972 8.809777864676303 0.9356498765500101 0.11822174250878198 -0.3325401150389801 0.06019113282023909 0.874971403739993 0.48041864052832345 0.0 0.0 0.0 0.0 0.0 0.0
6.702122723918914 14.816830942080301 9.244648579136113 0.5539990847074516 0.37107785327669474 -0.7452424041550948 0.06019113282023909 0.874971403739993 0.48041864052832345 0.0 0.0 0.0 0.0 0.0 0.0
7.080857575596664 15.090735836429033 9.509641264119685 -0.038125221786222796 0.48295528349393435 -0.8748146441441438 0.06019113282023909 0.874971403739993 0.48041864052832345 0.0 0.0 0.0 0.0 0.0 0.0
7.450901781768631 15.474730402846417 9.575219923444518 -0.6157651191035951 0.4113499269300874 -0.6720301747019602 0.06019113282023909 0.874971403739993 0.48041864052832345 0.0 0.0 0.0 0.0 0.0 0.0
7.680582309665858 15.95249219805066 9.487609283300579 -0.9594655526297315 0.18346585572147822 -0.21393020614515776 0.06019113282023909 0.874971403739993 0.48041864052832345 0.0 0.0 0.0 0.0 0.0 0.0
7.69155263465151 16.472075040839375 9.351233245934527 -0.9386489813032448 -0.11411996146125156 0.32544542444849844 0.06019113282023909 0.874971403739993 0.48041864052832345 0.0 0.0 0.0 0.0 0.0 0.0
7.4885578948144556 16.965644234822207 9.289042503311666 -0.56122396860558 -0.3683496973008447 0.7411788971368378 0.06019113282023909 0.874971403739993 0.48041864052832345 0.0 0.0 0.0 0.0 0.0 0.0
7.157632133674822 17.375248103715176 9.395803513612373 0.029419412929716945 -0.48263722465732584 0.8753261149525616 0.06019113282023909 0.874971403739993 0.48041864052832345 0.0 0.0 0.0 0.0 0.0 0.0
6.833412528638201 17.6748348020613 9.702095139358693 0.6088858676266604 -0.4135628011024082 0.6769223070255991 0.06019113282023909 0.874971403739993 0.48041864052832345 0.0 0.0 0.0 0.0 0.0 0.0
6.647988476285697 17.880149846883363 10.162691226290889 0.9570264011834068 -0.18736895500738054 0.22134439712217643 0.06019113282023909 0.874971403739993 0.48041864052832345 0.0 0.0 0.0 0.0 0.0 0.0
6.68071862219583 18.04275413251592 10.673742775511696 0.9415766043024262 0.11000948973682202 -0.3183259499289321 0.06019113282023909 0.874971403739993 0.48041864052832345 0.0 0.0 0.0 0.0 0.0 0.0
6.928081184683451 18.230435084795438 11.112231914430064 0.5684061131256322 0.3655934900694211 -0.7370589464759735 0.06019113282023909 0.874971403739993 0.48041864052832345 0.0 0.0 0.0 0.0 0.0 0.0
7.305011938542983 18.5014530846397 11.38270844330764 -0.02071136367101468 0.48228241112745324 -0.8757709262883633 0.06019113282023909 0.874971403739993 0.48041864052832345 0.0 0.0 0.0 0.0 0.0 0.0
7.677221536402024 18.8824073752755 11.453552961981613 -0.6019602471335086 0.41574418086625103 -0.6817628890947468 0.06019113282023909 0.874971403739993 0.48041864052832345 0.0 0.0 0.0 0.0 0.0 0.0
7.912214276986276 19.358130565021167 11.368989608634738 -0.9545143684713534 0.19125778542193012 -0.2287417318663847 0.06019113282023909 0.874971403739993 0.48041864052832345 0.0 0.0 0.0 0.0 0.0 0.0
7.929625437243645 19.8774509729717 11.232284570311553 -0.9444325225977277 -0.10589064036383045 0.3111822336558295 0.06019113282023909 0.874971403739993 0.48041864052832345 0.0 0.0 0.0 0.0 0.0 0.0
7.731753174258251 20.372633606119447 11.166513531941575 -0.575544971319496 -0.36280944147827626 0.7328828659226949 0.06019113282023909 0.874971403739993 0.48041864052832345 0.0 0.0 0.0 0.0 0.0 0.0
7.402685416951028 20.785113815666406 11.267803165918869 0.012001737161781493 -0.4818908699247415 0.8761490442774429 0.06019113282023909 0.874971403739993 0.48041864052832345 0.0 0.0 0.0 0.0 0.0 0.0
7.07635345600747 21.0877469862513 11.568811002107275 0.5949887850369535 -0.4178939001011024 0.6865515522803375 0.06019113282023909 0.874971403739993 0.48041864052832345 0.0 0.0 0.0 0.0 0.0 0.0
22.974383842082826 17.77575366166076 11.73568019789881 0.9121033138107718 0.3875911113318953 -0.1335689909818716 0.08534146626186863 0.13915961179439437 0.9865857472016853 0.0 0.0 0.0 0.0 0.0 0.0
23.252677662706134 17.55356350903189 12.138009898015518 0.5037185020239827 0.8483067783996984 -0.16322769507605045 0.08534146626186863 0.13915961179439437 0.9865857472016853 0.0 0.0 0.0 0.0 0.0 0.0
23.64579413171533 17.524744913231235 12.503131839903675 -0.09603739040595971 0.9867365174204649 -0.13087346878930856 0.08534146626186863 0.13915961179439437 0.9865857472016853 0.0 0.0 0.0 0.0 0.0 0.0
24.017018874559668 17.720852937624286 12.83842117046337 -0.6593070725611367 0.750288556118392 -0.04879822362179594 0.08534146626186863 0.13915961179439437 0.9865857472016853 0.0 0.0 0.0 0.0 0.0 0.0
24.23795454946857 18.08798926199239 13.162586944413036 -0.9720949748239177 0.22879342819123502 0.051816282562427804 0.08534146626186863 0.13915961179439437 0.9865857472016853 0.0 0.0 0.0 0.0 0.0 0.0
24.237301144279343 18.507279055515678 13.49856424160321 -0.9155677435898255 -0.3796241483279011 0.1327449166791398 0.08534146626186863 0.13915961179439437 0.9865857472016853 0.0 0.0 0.0 0.0 0.0 0.0
24.02794404313044 18.84003351248273 13.86480074672722 -0.5112010190895987 -0.8438161639199774 0.16324153757279403 0.08534146626186863 0.13915961179439437 0.9865857472016853 0.0 0.0 0.0 0.0 0.0 0.0
23.7020586535951 18.980440048333513 14.268248165477349 0.08737951938802298 -0.9874283109849334 0.13171996908958047 0.08534146626186863 0.13915961179439437 0.9865857472016853 0.0 0.0 0.0 0.0 0.0 0.0
23.39609142825366 18.895762269625802 14.701721155326023 0.6527631175424775 -0.7558999337857368 0.05015578210879261 0.08534146626186863 0.13915961179439437 0.9865857472016853 0.0 0.0 0.0 0.0 0.0 0.0
23.238921576095244 18.638777077227207 15.146627157284552 0.9701510937252179 -0.2371925337684004 -0.050463425055083895 0.08534146626186863 0.13915961179439437 0.9865857472016853 0.0 0.0 0.0 0.0 0.0 0.0
23.30289769627734 18.327723839292833 15.580030019913938 0.91896244934044 0.3716282754752369 -0.13191073333705988 0.08534146626186863 0.13915961179439437 0.9865857472016853 0.0 0.0 0.0 0.0 0.0 0.0
23.576351335701787 18.101383278446338 15.983363826728565 0.5186446062184157 0.8392612895724066 -0.163242948594436 0.08534146626186863 0.13915961179439437 0.9865857472016853 0.0 0.0 0.0 0.0 0.0 0.0
23.9680300294329 18.066352354965268 16.349486398274642 -0.07871499408138122 0.9880449080605361 -0.13255643840423148 0.08534146626186863 0.13915961179439437 0.9865857472016853 0.0 0.0 0.0 0.0 0.0 0.0
24.341765637786388 18.256546299365475 16.68539272551558 -0.6461694520851421 0.7614537467465383 -0.05150952103879559 0.08534146626186863 0.13915961179439437 0.9865857472016853 0.0 0.0 0.0 0.0 0.0 0.0
24.568206899205315 18.62031364929573 17.009557455814978 -0.9681333318646382 0.2455735762157911 0.049106724562545064 0.08534146626186863 0.13915961179439437 0.9865857472016853 0.0 0.0 0.0 0.0 0.0 0.0
24.573962137163342 19.04005950365136 17.34491606552355 -0.9222871725426296 -0.36360410169057805 0.13106650448192333 0.08534146626186863 0.13915961179439437 0.9865857472016853 0.0 0.0 0.0 0.0 0.0 0.0
24.36948198512047 19.3769217915858 17.71015128905279 -0.5260486965524551 -0.8346425022283029 0.16323192803352188 0.08534146626186863 0.13915961179439437 0.9865857472016853 0.0 0.0 0.0 0.0 0.0 0.0
24.045089016146317 19.523527294875237 18.11259523571337 0.07004447432318263 -0.988586261691019 0.13338281303288504 0.08534146626186863 0.13915961179439437 0.9865857472016853 0.0 0.0 0.0 0.0 0.0 0.0
23.73666268729809 19.444784528706297 18.545443798801696 0.6395265783222838 -0.7669495720564372 0.05285933731934433 0.08534146626186863 0.13915961179439437 0.9865857472016853 0.0 0.0 0.0 0.0 0.0 0.0
23.574016462101156 19.191215583454987 18.990341649495186 0.9660418429025566 -0.25393591728457626 -0.0477462844028063 0.08534146626186863 0.13915961179439437 0.9865857472016853 0.0 0.0 0.0 0.0 0.0 0.0
4.196219735542472 16.555941097682613 24.930612257158533 0.49883202037032137 0.4307700275659265 -0.7520663526605312 0.2621686195575621 0.7520882032858818 0.6046742506486417 0.0 0.0 0.0 0.0 0.0 0.0
4.645897548673715 16.722684970072343 25.172834154427008 -0.08032501870786946 0.6414236492872617 -0.7629702441803301 0.2621686195575621 0.7520882032858818 0.6046742506486417 0.0 0.0 0.0 0.0 0.0 0.0
5.077265271263069 17.03564138349953 25.241136960527687 -0.628965240216245 0.6083897026128385 -0.4840089837537971 0.2621686195575621 0.7520882032858818 0.6046742506486417 0.0 0.0 0.0 0.0 0.0 0.0
5.36526034755471 17.487280248780323 25.199109903552323 -0.9386510512284331 0.34421833618240594 -0.021164618200526706 0.2621686195575621 0.7520882032858818 0.6046742506486417 0.0 0.0 0.0 0.0 0.0 0.0
5.439289887184132 18.017383694624737 25.152258371192204 -0.8917276344702567 -0.05072733118740117 0.44972053966067 0.2621686195575621 0.7520882032858818 0.6046742506486417 0.0 0.0 0.0 0.0 0.0 0.0
5.31005008447781 18.53592384372885 25.207920649998208 -0.5060219804858388 -0.42640083732336503 0.7497493455783224 0.2621686195575621 0.7520882032858818 0.6046742506486417 0.0 0.0 0.0 0.0 0.0 0.0
5.065462555397736 18.957265908548376 25.43448831571969 0.0719298841214978 -0.640077536318358 0.7649358399701828 0.2621686195575621 0.7520882032858818 0.6046742506486417 0.0 0.0 0.0 0.0 0.0 0.0
4.837271445666435 19.232702278824068 25.835423130231117 0.622554383147547 -0.6105780777402875 0.4895104197121373 0.2621686195575621 0.7520882032858818 0.6046742506486417 0.0 0.0 0.0 0.0 0.0 0.0
4.750991627162318 19.368957357066993 26.34794186031839 0.9366600634616216 -0.3491097991076085 0.028111806827677065 0.2621686195575621 0.7520882032858818 0.6046742506486417 0.0 0.0 0.0 0.0 0.0 0.0
4.878223499596329 19.42563284561858 26.866868677656573 0.8949129255454837 0.044991129010628655 -0.44396695147496357 0.2621686195575621 0.7520882032858818 0.6046742506486417 0.0 0.0 0.0 0.0 0.0 0.0
5.209450801566907 19.49256406344379 27.284593214436597 0.5131734050683989 0.4219991750061648 -0.7473752421806742 0.2621686195575621 0.7520882032858818 0.6046742506486417 0.0 0.0 0.0 0.0 0.0 0.0
5.657655997369853 19.65569000648988 27.53195354124534 -0.06352927179596198 0.6386826789669041 -0.7668431829342512 0.2621686195575621 0.7520882032858818 0.6046742506486417 0.0 0.0 0.0 0.0 0.0 0.0
6.091379693667957 19.964403686302653 27.604511940375467 -0.6160961161522547 0.6127199549831688 -0.49497457755679886 0.2621686195575621 0.7520882032858818 0.6046742506486417 0.0 0.0 0.0 0.0 0.0 0.0
6.384664260903662 20.4127868991331 27.564240868977123 -0.9345977454045502 0.3539746759699768 -0.03505685463189712 0.2621686195575621 0.7520882032858818 0.6046742506486417 0.0 0.0 0.0 0.0 0.0 0.0
6.46490724266724 20.941858650488733 27.515978586462374 -0.8980300655366339 -0.03925150058519051 0.4381795534870155 0.2621686195575621 0.7520882032858818 0.6046742506486417 0.0 0.0 0.0 0.0 0.0 0.0
6.340444242735186 21.46198302105092 27.567599346952328 -0.520285749509331 -0.4175653758179503 0.7449442232647542 0.2621686195575621 0.7520882032858818 0.6046742506486417 0.0 0.0 0.0 0.0 0.0 0.0
6.097382089831667 21.886923351056694 27.789030166575188 0.055123821470415786 -0.637239183456685 0.7686921278209863 0.2621686195575621 0.7520882032858818 0.6046742506486417 0.0 0.0 0.0 0.0 0.0 0.0
5.866885413766801 22.166604989142755 28.18568438092177 0.6095909310524047 -0.6148151712292349 0.5004010411710085 0.2621686195575621 0.7520882032858818 0.6046742506486417 0.0 0.0 0.0 0.0 0.0 0.0
5.775345009616138 22.306139489601925 28.69640502834843 0.9324642541107243 -0.35881259629029977 0.041999232720909975 0.2621686195575621 0.7520882032858818 0.6046742506486417 0.0 0.0 0.0 0.0 0.0 0.0
5.896359861530043 22.36388264744667 29.216699402195324 0.901078817061429 0.033508883006015865 -0.43235878642958697 0.2621686195575621 0.7520882032858818 0.6046742506486417 0.0 0.0 0.0 0.0 0.0 0.0
14.870532634140687 7.317251072740726 16.838885869280837 -0.7477302322873314 0.5927698025868666 0.2992047139746641 0.5195252120216333 0.24165391453682422 0.8195711925530975 0.0 0.0 0.0 0.0 0.0 0.0
15.133285276900862 7.7492924934492615 17.020507348277825 -0.8481652536380678 0.02968030087812202 0.5288995956330995 0.5195252120216333 0.24165391453682422 0.8195711925530975 0.0 0.0 0.0 0.0 0.0 0.0
15.202698623406683 8.188099539676857 17.322691506741226 -0.626368114564879 -0.5446852433623892 0.5576566781808442 0.5195252120216333 0.24165391453682422 0.8195711925530975 0.0 0.0 0.0 0.0 0.0 0.0
15.129331338488738 8.502745567541451 17.751993522542644 -0.16660325645208188 -0.9121157569978969 0.3745506651652291 0.5195252120216333 0.24165391453682422 0.8195711925530975 0.0 0.0 0.0 0.0 0.0 0.0
15.017986836020363 8.60947477989861 18.26667437425373 0.35645696424476686 -0.9330182447876818 0.049146592300168275 0.5195252120216333 0.24165391453682422 0.8195711925530975 0.0 0.0 0.0 0.0 0.0 0.0
14.987896709767515 8.503522453998956 18.79255819322604 0.7440932245824008 -0.5994515021494452 -0.2949290926669312 0.5195252120216333 0.24165391453682422 0.8195711925530975 0.0 0.0 0.0 0.0 0.0 0.0
15.127422657471154 8.26092513932257 19.251212916244963 0.8490360283258933 -0.038143111549984544 -0.5269562843783906 0.5195252120216333 0.24165391453682422 0.8195711925530975 0.0 0.0 0.0 0.0 0.0 0.0
15.460486394546635 8.009633101168188 19.58974793765913 0.631415849782979 0.5376564848461323 -0.5587839734152548 0.5195252120216333 0.24165391453682422 0.8195711925530975 0.0 0.0 0.0 0.0 0.0 0.0
15.937481394447676 7.880899875651868 19.800908134751126 0.173910233197468 0.9091913935121472 -0.37832028858183553 0.5195252120216333 0.24165391453682422 0.8195711925530975 0.0 0.0 0.0 0.0 0.0 0.0
16.45411923747817 7.959416856894389 19.92583021015703 -0.34966678860380324 0.9353092909134256 -0.054126400938259246 0.5195252120216333 0.24165391453682422 0.8195711925530975 0.0 0.0 0.0 0.0 0.0 0.0
16.89105052504415 8.251137620430175 20.038414170765968 -0.7403995512975444 0.6060875511592639 0.29063101136692676 0.5195252120216333 0.24165391453682422 0.8195711925530975 0.0 0.0 0.0 0.0 0.0 0.0
17.159207711595148 8.681016060323287 20.217247479560715 -0.8498421456329851 0.04660301747622529 0.5249728433624314 0.5195252120216333 0.24165391453682422 0.8195711925530975 0.0 0.0 0.0 0.0 0.0 0.0
17.233643354308786 9.12151765951647 20.51574836451822 -0.6364155002394923 -0.5305867817069326 0.559868715086669 0.5195252120216333 0.24165391453682422 0.8195711925530975 0.0 0.0 0.0 0.0 0.0 0.0
17.16300806371799 9.441071985124623 20.94187134069603 -0.18120396600527544 -0.9061977915817038 0.38206110144373934 0.5195252120216333 0.24165391453682422 0.8195711925530975 0.0 0.0 0.0 0.0 0.0 0.0
17.0510673233747 9.554058495628171 21.455085156969503 0.3428499844830972 -0.9375291096154692 0.059102087641359526 0.5195252120216333 0.24165391453682422 0.8195711925530975 0.0 0.0 0.0 0.0 0.0 0.0
17.01727924778212 9.453335216095477 21.98177129598048 0.7366494937202831 -0.6126774442554985 -0.2863107973901832 0.5195252120216333 0.24165391453682422 0.8195711925530975 0.0 0.0 0.0 0.0 0.0 0.0
17.15141044746179 9.212952093866818 22.44319287971758 0.8505835441703892 -0.0550593744022544 -0.5229494236319355 0.5195252120216333 0.24165391453682422 0.8195711925530975 0.0 0.0 0.0 0.0 0.0 0.0
17.47943219279875 8.960018185510721 22.78540812588315 0.6413666851916794 0.5234766723300557 -0.5609108205878099 0.5195252120216333 0.24165391453682422 0.8195711925530975 0.0 0.0 0.0 0.0 0.0 0.0
17.953653494205785 8.826410801083478 22.99976373284665 0.18848389942951166 0.903135179180944 -0.38577281887355885 0.5195252120216333 0.24165391453682422 0.8195711925530975 0.0 0.0 0.0 0.0 0.0 0.0
18.47083970641843 8.898673109167717 23.126182413609563 -0.33600707100867533 0.9396775318460241 -0.0640732734916631 0.5195252120216333 0.24165391453682422 0.8195711925530975 0.0 0.0 0.0 0.0 0.0 0.0
16.04242992402487 23.561460172000398 17.963199439086925 -0.2906201624743947 0.2925371131720463 0.9110224797337999 0.9502669889640846 0.19963853312776164 0.23903369171672856 0.0 0.0 0.0 0.0 0.0 0.0
16.340298993992814 24.00163291348141 18.04198444357309 -0.1697706544964259 -0.3113979815197936 0.934991562516611 0.9502669889640846 0.19963853312776164 0.23903369171672856 0.0 0.0 0.0 0.0 0.0 0.0
16.599468837926455 24.370822475276825 18.333900804154467 0.015577563538712105 -0.7970277767356528 0.6037417184740672 0.9502669889640846 0.19963853312776164 0.23903369171672856 0.0 0.0 0.0 0.0 0.0 0.0
16.8621895879589 24.558329530286837 18.76344010845877 0.19500760474251982 -0.9798533939758343 0.043120301559983795 0.9502669889640846 0.19963853312776164 0.23903369171672856 0.0 0.0 0.0 0.0 0.0 0.0
17.16936232762832 24.522478973308928 19.202808686860454 0.3003509965513602 -0.7904163245694784 -0.5338832388497339 0.9502669889640846 0.19963853312776164 0.23903369171672856 0.0 0.0 0.0 0.0 0.0 0.0
17.545000086412184 24.30645299027492 19.520478564167682 0.2915860231694671 -0.30068687840295993 -0.9080556107686901 0.9502669889640846 0.19963853312776164 0.23903369171672856 0.0 0.0 0.0 0.0 0.0 0.0
17.98710488835229 24.02188542384783 19.631157136428172 0.17204264452716173 0.30327854008536 -0.9372424742764242 0.9502669889640846 0.19963853312776164 0.23903369171672856 0.0 0.0 0.0 0.0 0.0 0.0
18.4684268165257 23.80645021017587 19.52819125718698 -0.012862611170636992 0.7920233706484621 -0.6103552519480127 0.9502669889640846 0.19963853312776164 0.23903369171672856 0.0 0.0 0.0 0.0 0.0 0.0
18.946816712078036 23.771556748764283 19.28609487905938 -0.19288114583332014 0.9798652807776179 -0.05158386480892653 0.9502669889640846 0.19963853312776164 0.23903369171672856 0.0 0.0 0.0 0.0 0.0 0.0
19.38123934436865 23.960023608937455 19.032239957325498 -0.299620908393138 0.7954399882655022 0.5267850950072986 0.9502669889640846 0.19963853312776164 0.23903369171672856 0.0 0.0 0.0 0.0 0.0 0.0
19.74736338116347 24.329811039464303 18.898465714573845 -0.292529678459954 0.3088137451639263 0.9050195898531399 0.9502669889640846 0.19963853312776164 0.23903369171672856 0.0 0.0 0.0 0.0 0.0 0.0
20.04680526854888 24.769992572918106 18.970990715805698 -0.17430153284442673 -0.29513600281590846 0.9394220113931392 0.9502669889640846 0.19963853312776164 0.23903369171672856 0.0 0.0 0.0 0.0 0.0 0.0
20.306515116037996 25.142897845243557 19.257656994093573 0.01014667926492147 -0.7869586489151534 0.6169223045064356 0.9502669889640846 0.19963853312776164 0.23903369171672856 0.0 0.0 0.0 0.0 0.0 0.0
20.568537899384822 25.33641586878711 19.68495073110518 0.1907399982780954 -0.9798025470445678 0.060043499746848736 0.9502669889640846 0.19963853312776164 0.23903369171672856 0.0 0.0 0.0 0.0 0.0 0.0
20.874039871340777 25.30658787090232 20.12593138577335 0.2988680029427119 -0.8004030761267484 -0.5196468344403474 0.9502669889640846 0.19963853312776164 0.23903369171672856 0.0 0.0 0.0 0.0 0.0 0.0
21.24766881397142 25.09430796662972 20.44845852818013 0.2934510564828512 -0.31691709456257755 -0.9019146481918967 0.9502669889640846 0.19963853312776164 0.23903369171672856 0.0 0.0 0.0 0.0 0.0 0.0
21.68818993416078 24.80978680067977 20.565394198152784 0.17654714742512959 0.2869709897971769 -0.9415300078865666 0.9502669889640846 0.19963853312776164 0.23903369171672856 0.0 0.0 0.0 0.0 0.0 0.0
22.168954982160763 24.590680680883644 20.467708073202413 -0.0074299746502957086 0.7818339972338955 -0.6234423760428587 0.9502669889640846 0.19963853312776164 0.23903369171672856 0.0 0.0 0.0 0.0 0.0 0.0
22.648026367205425 24.549793645357425 20.22790823901643 -0.18858432513352205 0.9796651975541004 -0.06849856213979758 0.9502669889640846 0.19963853312776164 0.23903369171672856 0.0 0.0 0.0 0.0 0.0 0.0
23.084109949402087 24.73222132243887 19.972494155435367 -0.29809233753674746 0.8053052101948612 0.5124690007550589 0.9502669889640846 0.19963853312776164 0.23903369171672856 0.0 0.0 0.0 0.0 0.0 0.0
14.6247531388551 7.299883601036638 10.022422240760445 0.8227974005858575 0.4659123049785658 -0.3254691408700923 0.12194398677003553 0.41460717852722184 0.9017929649339286 0.0 0.0 0.0 0.0 0.0 0.0
14.961357294366046 7.2395704420045925 10.436843605386711 0.34100586881671774 0.83576503279913 -0.43036241399874214 0.12194398677003553 0.41460717852722184 0.9017929649339286 0.0 0.0 0.0 0.0 0.0 0.0
15.375693748403526 7.369769948496494 10.753163844200593 -0.27033949382998146 0.8880966514131179 -0.3717538107734155 0.12194398677003553 0.41460717852722184 0.9017929649339286 0.0 0.0 0.0 0.0 0.0 0.0
15.72840630631622 7.702411114622014 10.984742790151422 -0.7789783629353665 0.6030255039710707 -0.17190971944300495 0.12194398677003553 0.41460717852722184 0.9017929649339286 0.0 0.0 0.0 0.0 0.0 0.0
15.903550721887207 8.172511963351965 11.177134910146073 -0.9916703281379085 0.08885488552164016 0.09324574848103898 0.12194398677003553 0.41460717852722184 0.9017929649339286 0.0 0.0 0.0 0.0 0.0 0.0
15.852643854956206 8.662867286032398 11.390782401440958 -0.8276101558371379 -0.45907318951192505 0.3229755975713588 0.12194398677003553 0.41460717852722184 0.9017929649339286 0.0 0.0 0.0 0.0 0.0 0.0
15.613083226961338 9.048576860718828 11.678052190364676 -0.34912704842992387 -0.8325916845554873 0.4300016172802905 0.12194398677003553 0.41460717852722184 0.9017929649339286 0.0 0.0 0.0 0.0 0.0 0.0
15.293939077291572 9.244497134713301 12.063340861477457 0.26199526176878907 -0.8897946784457862 0.37366283334078504 0.12194398677003553 0.41460717852722184 0.9017929649339286 0.0 0.0 0.0 0.0 0.0 0.0
15.034516755785695 9.237588683758627 12.533805987207586 0.7735811916943551 -0.6089497974208413 0.17536329170569678 0.12194398677003553 0.41460717852722184 0.9017929649339286 0.0 0.0 0.0 0.0 0.0 0.0
14.951432291267313 9.09187010732124 13.044245180799843 0.9912706933074295 -0.09675470725804078 -0.08955969636627044 0.12194398677003553 0.41460717852722184 0.9017929649339286 0.0 0.0 0.0 0.0 0.0 0.0
15.094308012478734 8.924096292319991 13.53426923878741 0.8323598853708283 0.4521991138445291 -0.32045745843041895 0.12194398677003553 0.41460717852722184 0.9017929649339286 0.0 0.0 0.0 0.0 0.0 0.0
15.426920195750679 8.859401279548068 13.951245009042553 0.3572216406666916 0.829354931231556 -0.4296080742738636 0.12194398677003553 0.41460717852722184 0.9017929649339286 0.0 0.0 0.0 0.0 0.0 0.0
15.840961063252589 8.983757749446069 14.270291605249332 -0.25363107775405713 0.8914249441687109 -0.3755434000367007 0.12194398677003553 0.41460717852722184 0.9017929649339286 0.0 0.0 0.0 0.0 0.0 0.0
16.19718671859995 9.311314563416053 14.503733071601255 -0.7681251092505549 0.6148277169858933 -0.17880350937477812 0.12194398677003553 0.41460717852722184 0.9017929649339286 0.0 0.0 0.0 0.0 0.0 0.0
16.378318231124556 9.779021374818551 14.696416272365138 -0.9907955693757943 0.10464716074888261 0.08586682393387961 0.12194398677003553 0.41460717852722184 0.9017929649339286 0.0 0.0 0.0 0.0 0.0 0.0
16.333597862434523 10.270582509806488 14.90867281834655 -0.837046227476635 -0.4452906014638537 0.3179149152133185 0.12194398677003553 0.41460717852722184 0.9017929649339286 0.0 0.0 0.0 0.0 0.0 0.0
16.098072779853492 10.660639638179648 15.193398079254047 -0.36528902909248256 -0.826055019318633 0.42918181494928576 0.12194398677003553 0.41460717852722184 0.9017929649339286 0.0 0.0 0.0 0.0 0.0 0.0
15.779280051596995 10.862397498907269 15.57595534838346 0.2452475787507816 -0.8929873244308447 0.37739536764872855 0.12194398677003553 0.41460717852722184 0.9017929649339286 0.0 0.0 0.0 0.0 0.0 0.0
15.516391516633465 10.860598870932991 16.04453990344316 0.7626105311057678 -0.6206588150398945 0.18223011046435506 0.12194398677003553 0.41460717852722184 0.9017929649339286 0.0 0.0 0.0 0.0 0.0 0.0
15.42734007623107 10.717321046541313 16.55466381791709 0.9902449925255303 -0.11253164495327543 -0.0821674124103989 0.12194398677003553 0.41460717852722184 0.9017929649339286 0.0 0.0 0.0 0.0 0.0 0.0
15.269719711167786 9.412700762250124 4.491794544874923 0.9668069324989405 -0.08625252890225445 -0.24050957679467713 0.18218994267961716 0.8926740341138736 0.41223766640769344 0.0 0.0 0.0 0.0 0.0 0.0
15.51394810486516 9.595164249723528 4.934224956995747 0.6781110633947086 0.1895269590369341 -0.7101020472438518 0.18218994267961716 0.8926740341138736 0.41223766640769344 0.0 0.0 0.0 0.0 0.0 0.0
15.912751936800152 9.820830413472876 5.2147875851039425 0.13178946389444549 0.393301986516217 -0.9099148776719788 0.18218994267961716 0.8926740341138736 0.41223766640769344 0.0 0.0 0.0 0.0 0.0 0.0
16.341597181176645 10.13614977742386 5.287935088216298 -0.4646011563416515 0.44765501365943944 -0.7640358331070392 0.18218994267961716 0.8926740341138736 0.41223766640769344 0.0 0.0 0.0 0.0 0.0 0.0
16.664536577346365 10.553512115823999 5.186920599131483 -0.8844820295664557 0.3319364167207381 -0.3278868015468141 0.18218994267961716 0.8926740341138736 0.41223766640769344 0.0 0.0 0.0 0.0 0.0 0.0
16.785858267046144 11.046539370860025 5.0111643033170985 -0.9683333920080263 0.09010962538889261 0.23283190789602626 0.18218994267961716 0.8926740341138736 0.41223766640769344 0.0 0.0 0.0 0.0 0.0 0.0
16.68644832956904 11.56010711783875 4.88848204823368 -0.6842987091547916 -0.18595131918078867 0.7050938827872573 0.18218994267961716 0.8926740341138736 0.41223766640769344 0.0 0.0 0.0 0.0 0.0 0.0
16.43105247980861 12.03128725575925 4.926525965917427 -0.14028750582934982 -0.39136624865342434 0.9094789030665452 0.18218994267961716 0.8926740341138736 0.41223766640769344 0.0 0.0 0.0 0.0 0.0 0.0
16.14367808868023 12.413255444984845 5.171885628171987 0.4570212664426802 -0.44809459696788567 0.7683376823944775 0.18218994267961716 0.8926740341138736 0.41223766640769344 0.0 0.0 0.0 0.0 0.0 0.0
15.960481709617651 12.693080456732293 5.592387889304148 0.8807000186050377 -0.3345843161521035 0.33529213025974197 0.18218994267961716 0.8926740341138736 0.41223766640769344 0.0 0.0 0.0 0.0 0.0 0.0
15.978040927507358 12.89663696308516 6.089320002078999 0.9697861091802554 -0.09395985967868388 -0.2251365079461437 0.18218994267961716 0.8926740341138736 0.41223766640769344 0.0 0.0 0.0 0.0 0.0 0.0
16.216662919499065 13.078775316467818 6.534932240783597 0.6904342429188023 0.18236151841174777 -0.7000320227016066 0.18218994267961716 0.8926740341138736 0.41223766640769344 0.0 0.0 0.0 0.0 0.0 0.0
16.61266941888866 13.302482983710448 6.820972157886824 0.1487748643275402 0.3894007067355607 -0.9089736681214525 0.18218994267961716 0.8926740341138736 0.41223766640769344 0.0 0.0 0.0 0.0 0.0 0.0
17.042589153282925 13.61495455430596 6.899811498740869 -0.44940657260483957 0.4485000561379041 -0.7725810197926614 0.18218994267961716 0.8926740341138736 0.41223766640769344 0.0 0.0 0.0 0.0 0.0 0.0
17.37006664531132 14.02966172681018 6.8025409718238805 -0.8768509389274343 0.33720673569239823 -0.3426719251788143 0.18218994267961716 0.8926740341138736 0.41223766640769344 0.0 0.0 0.0 0.0 0.0 0.0
17.497665938221047 14.52123518532571 6.627158368780194 -0.971164973385591 0.09780293856138031 0.21742396297952984 0.18218994267961716 0.8926740341138736 0.41223766640769344 0.0 0.0 0.0 0.0 0.0 0.0
17.403888144889784 15.035102826763678 6.501337564938945 -0.6965171974420897 -0.17875783010703844 0.694916852467143 0.18218994267961716 0.8926740341138736 0.41223766640769344 0.0 0.0 0.0 0.0 0.0 0.0
17.15133923448565 15.508222615204126 6.533923079483172 -0.15725089304380654 -0.38740551044625293 0.9083992113122976 0.18218994267961716 0.8926740341138736 0.41223766640769344 0.0 0.0 0.0 0.0 0.0 0.0
16.862944978064277 15.893033305348617 6.773578222828859 0.4417576547165468 -0.448871360292209 0.7767655221550188 0.18218994267961716 0.8926740341138736 0.41223766640769344 0.0 0.0 0.0 0.0 0.0 0.0
16.675249392935463 16.175523754790742 7.190297091390745 0.8729350836559648 -0.3398034756342209 0.3500256243040759 0.18218994267961716 0.8926740341138736 0.41223766640769344 0.0 0.0 0.0 0.0 0.0 0.0
11.84126802252232 20.36999765025334 22.890693450732915 0.9861788219171794 -0.15416343702608143 0.06070391985983713 0.12943736753348062 0.9455710607954478 0.298565464969032 0.0 0.0 0.0 0.0 0.0 0.0
11.967729343733922 20.62014923557187 23.34907846436054 0.8594930831151762 0.04316471475008405 -0.5093215560701438 0.12943736753348062 0.9455710607954478 0.298565464969032 0.0 0.0 0.0 0.0 0.0 0.0
12.290112140285617 20.88014021897586 23.691363613256154 0.4062715520796852 0.2240938697171473 -0.8858472574467667 0.12943736753348062 0.9455710607954478 0.298565464969032 0.0 0.0 0.0 0.0 0.0 0.0
12.705104549917229 21.191213407033 23.831719851943554 -0.20129933408900072 0.31988601692896496 -0.9258247751430329 0.12943736753348062 0.9455710607954478 0.298565464969032 0.0 0.0 0.0 0.0 0.0 0.0
13.074210770009362 21.575204622714327 23.76103430400598 -0.7323932376918862 0.2941481181004736 -0.6140659817976785 0.12943736753348062 0.9455710607954478 0.298565464969032 0.0 0.0 0.0 0.0 0.0 0.0
13.276367928524841 22.026246911172038 23.55037239619601 -0.9852387053336861 0.15665843131133775 -0.06901325533166665 0.12943736753348062 0.9455710607954478 0.298565464969032 0.0 0.0 0.0 0.0 0.0 0.0
13.253939893158929 22.512999493976434 23.323978914661684 -0.8637755165064964 -0.040348412722271416 0.5022587606749429 0.12943736753348062 0.9455710607954478 0.298565464969032 0.0 0.0 0.0 0.0 0.0 0.0
13.034614201626624 22.99055465483122 23.212075333426807 -0.41414956740198816 -0.22202622017320334 0.8827142761824732 0.12943736753348062 0.9455710607954478 0.298565464969032 0.0 0.0 0.0 0.0 0.0 0.0
12.720883103173803 23.417498931811465 23.301386499222367 0.19281872657005003 -0.31935255449989086 0.9278118799726053 0.12943736753348062 0.9455710607954478 0.298565464969032 0.0 0.0 0.0 0.0 0.0 0.0
12.451105039509674 23.771646783945016 23.602192412251323 0.7265319625609337 -0.2953515140820908 0.6204182383737411 0.12943736753348062 0.9455710607954478 0.298565464969032 0.0 0.0 0.0 0.0 0.0 0.0
12.34693995957167 24.058469249150306 24.044422682239063 0.9842235590082749 -0.15914149545052209 0.07731733517690702 0.12943736753348062 0.9455710607954478 0.298565464969032 0.0 0.0 0.0 0.0 0.0 0.0
12.46712867087824 24.309015405460254 24.504277441213173 0.8679921700479918 0.037529038006614654 -0.49515771633054273 0.12943736753348062 0.9455710607954478 0.298565464969032 0.0 0.0 0.0 0.0 0.0 0.0
12.785176224658663 24.56811630716466 24.851260983169574 0.4219960436312883 0.21994166247298366 -0.879514072808481 0.12943736753348062 0.9455710607954478 0.298565464969032 0.0 0.0 0.0 0.0 0.0 0.0
13.199417789862963 24.87735291775026 24.997759264555334 -0.18432343515854285 0.31879477213736795 -0.9297283283353479 0.12943736753348062 0.9455710607954478 0.298565464969032 0.0 0.0 0.0 0.0 0.0 0.0
13.571642822223128 25.25925880667547 24.932325944243107 -0.7206153592081491 0.29653241790241097 -0.6267232476989046 0.12943736753348062 0.9455710607954478 0.298565464969032 0.0 0.0 0.0 0.0 0.0 0.0
13.7796035607776 25.708759269591933 24.724031039898037 -0.9831334602482686 0.1616124403486867 -0.0856155270077274 0.12943736753348062 0.9455710607954478 0.298565464969032 0.0 0.0 0.0 0.0 0.0 0.0
13.76345899613414 26.195099293371022 24.496220073477662 -0.8721427226251696 -0.03470680530941391 0.48801896380896304 0.12943736753348062 0.9455710607954478 0.298565464969032 0.0 0.0 0.0 0.0 0.0 0.0
13.548509470426264 26.673527899787782 24.37965304521308 -0.42981038322804166 -0.2178403553636277 0.8762468910326675 0.12943736753348062 0.9455710607954478 0.298565464969032 0.0 0.0 0.0 0.0 0.0 0.0
13.235584654337554 27.102299790345043 24.46282652333054 0.17581410680381135 -0.31821271231868237 0.9315739742862984 0.12943736753348062 0.9455710607954478 0.298565464969032 0.0 0.0 0.0 0.0 0.0 0.0
12.96273666942677 27.458535083116686 24.75835231819858 0.7146438782057852 -0.29769073963103554 0.6329805296222984 0.12943736753348062 0.9455710607954478 0.298565464969032 0.0 0.0 0.0 0.0 0.0 0.0
5.978593508865839 3.652334833388845 19.579797386713587 0.3101183966220551 -0.1828831293394678 0.9329417672500087 0.241616769089498 0.9642634642746913 0.10870744390207732 0.0 0.0 0.0 0.0 0.0 0.0
5.784617056323213 4.07477012832887 19.84925361612065 0.7903678871392382 -0.2605518193502616 0.5544649244202244 0.241616769089498 0.9642634642746913 0.10870744390207732 0.0 0.0 0.0 0.0 0.0 0.0
5.770804988522936 4.43781262784973 20.245100142495563 0.9703434030858377 -0.23923251699577744 -0.034662413355982816 0.241616769089498 0.9642634642746913 0.10870744390207732 0.0 0.0 0.0 0.0 0.0 0.0
5.978182729987976 4.74632206759394 20.633045370655328 0.7816692369235783 -0.12702478168021109 -0.6106209207736057 0.241616769089498 0.9642634642746913 0.10870744390207732 0.0 0.0 0.0 0.0 0.0 0.0
6.363741998605002 5.0258762043573055 20.881799540711533 0.2960258588413402 0.03344179193676291 -0.9545943313519654 0.241616769089498 0.9642634642746913 0.10870744390207732 0.0 0.0 0.0 0.0 0.0 0.0
6.816780371059379 5.313053398644904 20.912953902899705 -0.3020826923031486 0.181203269680016 -0.935901395483602 0.241616769089498 0.9642634642746913 0.10870744390207732 0.0 0.0 0.0 0.0 0.0 0.0
7.200958984298208 5.64153588395763 20.73076951253921 -0.7854249780883905 0.26012259571472135 -0.5616438720341279 0.241616769089498 0.9642634642746913 0.10870744390207732 0.0 0.0 0.0 0.0 0.0 0.0
7.406099949068357 6.029313323148297 20.42055838387639 -0.970371183092498 0.24021699861952703 0.025991548585894496 0.241616769089498 0.9642634642746913 0.10870744390207732 0.0 0.0 0.0 0.0 0.0 0.0
7.390044772119797 6.471848234732723 20.116272029531547 -0.7866571518987595 0.12904894753473306 0.6037523453426171 0.241616769089498 0.9642634642746913 0.10870744390207732 0.0 0.0 0.0 0.0 0.0 0.0
7.194671072643713 6.943799857968222 19.949611041304646 -0.30407891649247976 -0.031146956301849753 0.9521375319027663 0.241616769089498 0.9642634642746913 0.10870744390207732 0.0 0.0 0.0 0.0 0.0 0.0
6.929982574585312 7.408651531534675 19.999989833434032 0.2940239832176625 -0.17950961069002083 0.9387897512024395 0.241616769089498 0.9642634642746913 0.10870744390207732 0.0 0.0 0.0 0.0 0.0 0.0
6.732316852752854 7.832583983696059 20.26436577888908 0.7804222558845648 -0.25967356273641157 0.5687800482926832 0.241616769089498 0.9642634642746913 0.10870744390207732 0.0 0.0 0.0 0.0 0.0 0.0
6.712548408705304 8.197323839061038 20.658395154249128 0.970325065576621 -0.2411831867887935 -0.017318704458750996 0.241616769089498 0.9642634642746913 0.10870744390207732 0.0 0.0 0.0 0.0 0.0 0.0
6.913965593887267 8.507085979408672 21.048476730382873 0.7915851598861565 -0.13106328581226667 -0.5968377918330084 0.241616769089498 0.9642634642746913 0.10870744390207732 0.0 0.0 0.0 0.0 0.0 0.0
7.2958246411725405 8.786972239631485 21.302509113088757 0.312108817356839 0.028849748705624106 -0.9496082234941624 0.241616769089498 0.9642634642746913 0.10870744390207732 0.0 0.0 0.0 0.0 0.0 0.0
7.748828903194824 9.073434800979506 21.34007827136968 -0.28594288306749416 0.17780228134817216 -0.9416066144470505 0.241616769089498 0.9642634642746913 0.10870744390207732 0.0 0.0 0.0 0.0 0.0 0.0
8.136652476024667 9.400427397955399 21.163008172259705 -0.7753601015044259 0.2592047546109326 -0.5758729097484395 0.241616769089498 0.9642634642746913 0.10870744390207732 0.0 0.0 0.0 0.0 0.0 0.0
8.347732689319836 9.786505726900742 20.854667825252704 -0.9702050540502339 0.24213100792460762 0.008644541445210955 0.241616769089498 0.9642634642746913 0.10870744390207732 0.0 0.0 0.0 0.0 0.0 0.0
8.337654630016708 10.227777826721164 20.54829800174014 -0.7964528855988816 0.1330676431131538 0.5898777868148002 0.241616769089498 0.9642634642746913 0.10870744390207732 0.0 0.0 0.0 0.0 0.0 0.0
8.14602511038089 10.699382699976208 20.376390838292544 -0.320114949926378 -0.02655034408933794 0.9470065987427817 0.241616769089498 0.9642634642746913 0.10870744390207732 0.0 0.0 0.0 0.0 0.0 0.0
10.0960364875981 15.873324967472422 11.627094416891309 -0.06890563554404594 0.766325684780282 -0.6387463958695211 0.6675642233920124 0.5112164498973374 0.541309291441947 0.0 0.0 0.0 0.0 0.0 0.0
10.609201412349865 16.023023889734553 11.572899446677923 -0.4905276139767891 0.8489161195126759 -0.1967843539455776 0.6675642233920124 0.5112164498973374 0.541309291441947 0.0 0.0 0.0 0.0 0.0 0.0
11.010550552061149 16.366233268150786 11.473847476790812 -0.725789950675395 0.6089891273215728 0.31993935410123736 0.6675642233920124 0.5112164498973374 0.541309291441947 0.0 0.0 0.0 0.0 0.0 0.0
11.246455849678963 16.848261737301836 11.447725692737986 -0.6853125505515516 0.13769698390576535 0.7151127524242472 0.6675642233920124 0.5112164498973374 0.541309291441947 0.0 0.0 0.0 0.0 0.0 0.0
11.32614412983516 17.36167823826685 11.584613883101323 -0.38447345465834776 -0.38590854586664386 0.8386028600536539 0.6675642233920124 0.5112164498973374 0.541309291441947 0.0 0.0 0.0 0.0 0.0 0.0
11.318191673904513 17.787126874058934 11.912661621800565 0.06243353471293087 -0.7629009670175012 0.6434937204565491 0.6675642233920124 0.5112164498973374 0.541309291441947 0.0 0.0 0.0 0.0 0.0 0.0
11.324470944176152 18.038672210414664 12.387393774325437 0.485620980413732 -0.8500545557744379 0.20391055781672904 0.6675642233920124 0.5112164498973374 0.541309291441947 0.0 0.0 0.0 0.0 0.0 0.0
11.441447532213186 18.096447584034607 12.908607344920688 0.7243128965055396 -0.6142582066383949 -0.3131416349403881 0.6675642233920124 0.5112164498973374 0.541309291441947 0.0 0.0 0.0 0.0 0.0 0.0
11.723531267799197 18.014202780123664 13.35844026997826 0.6878262333490549 -0.14509489495087835 -0.7112260851347103 0.6675642233920124 0.5112164498973374 0.541309291441947 0.0 0.0 0.0 0.0 0.0 0.0
12.162405014919608 17.898883590343253 13.646149186550616 0.3900228843019029 0.3791923931857551 -0.8391038545203361 0.6675642233920124 0.5112164498973374 0.541309291441947 0.0 0.0 0.0 0.0 0.0 0.0
12.690184490788726 17.87000131852084 13.74258435308262 -0.05595667932642627 0.759418151392391 -0.6481920405053769 0.6675642233920124 0.5112164498973374 0.541309291441947 0.0 0.0 0.0 0.0 0.0 0.0
13.205208639844704 18.01422843820345 13.691264123586032 -0.4806773649328583 0.8511282570906575 -0.2110212331094307 0.6675642233920124 0.5112164498973374 0.541309291441947 0.0 0.0 0.0 0.0 0.0 0.0
13.610662368439703 18.35247027087066 13.591841597362357 -0.7227806831043239 0.6194805078145839 0.306320068831661 0.6675642233920124 0.5112164498973374 0.541309291441947 0.0 0.0 0.0 0.0 0.0 0.0
13.851358217578746 18.83192270478619 13.562244740467234 -0.6902875355158609 0.15248175645798304 0.7072852552251665 0.6675642233920124 0.5112164498973374 0.541309291441947 0.0 0.0 0.0 0.0 0.0 0.0
13.934703001277018 19.34613335988416 13.693873579755449 -0.3955426121927834 -0.3724473635360221 0.8395409479797737 0.6675642233920124 0.5112164498973374 0.541309291441947 0.0 0.0 0.0 0.0 0.0 0.0
13.92788383408018 19.775444626745024 14.016875804551848 0.04947556262214578 -0.7558775031348453 0.6528409982207428 0.6675642233920124 0.5112164498973374 0.541309291441947 0.0 0.0 0.0 0.0 0.0 0.0
13.932342622939812 20.032453592982577 14.488693155434335 0.4756971440096268 -0.8521371416948228 0.21811583831822925 0.6675642233920124 0.5112164498973374 0.541309291441947 0.0 0.0 0.0 0.0 0.0 0.0
14.045236590744269 20.095217870958265 15.010230018524489 0.7211934271557306 -0.6246556331516867 -0.299475175263726 0.6675642233920124 0.5112164498973374 0.541309291441947 0.0 0.0 0.0 0.0 0.0 0.0
14.322526622961258 20.015591877702207 15.463501505990276 0.6926962696142808 -0.1598570058889765 -0.7032905628050712 0.6675642233920124 0.5112164498973374 0.541309291441947 0.0 0.0 0.0 0.0 0.0 0.0
14.757716791632543 19.89952647492385 15.756457887535579 0.40103221798234007 0.3656739705775672 -0.839914107145608 0.6675642233920124 0.5112164498973374 0.541309291441947 0.0 0.0 0.0 0.0 0.0 0.0
8.91618988185715 0.10287409959390648 22.709878994781338 -0.6785991220371316 0.6859863511886498 0.26253753551314696 0.7309606855436295 0.5956182980250546 0.33306954115818627 0.0 0.0 0.0 0.0 0.0 0.0
9.149117494300377 0.5602452043583652 22.55100325086051 -0.5919762698000173 0.3106176572580561 0.7436940009124547 0.7309606855436295 0.5956182980250546 0.33306954115818627 0.0 0.0 0.0 0.0 0.0 0.0
9.24710409741613 1.0884216138683964 22.561652577848044 -0.280451735350447 -0.18275987791515835 0.9423086814644973 0.7309606855436295 0.5956182980250546 0.33306954115818627 0.0 0.0 0.0 0.0 0.0 0.0
9.281161718634324 1.5749379034571198 22.78710119842519 0.13762110226172433 -0.6067038798861929 0.7829245393671782 0.7309606855436295 0.5956182980250546 0.33306954115818627 0.0 0.0 0.0 0.0 0.0 0.0
9.34659007444333 1.9231560245358206 23.191017492385846 0.5034093822225384 -0.8001509343405238 0.3260942749640191 0.7309606855436295 0.5956182980250546 0.33306954115818627 0.0 0.0 0.0 0.0 0.0 0.0
9.526770614769765 2.0889797149548146 23.669266986585118 0.6779440213209749 -0.6896072710286759 -0.25462465650350535 0.7309606855436295 0.5956182980250546 0.33306954115818627 0.0 0.0 0.0 0.0 0.0 0.0
9.861488516087855 2.0976074062442978 24.08947478232264 0.5949163920999858 -0.3170702758343112 -0.7386074238681128 0.7309606855436295 0.5956182980250546 0.33306954115818627 0.0 0.0 0.0 0.0 0.0 0.0
10.331817627704206 2.03395891818072 24.34131699254911 0.2858700790485587 0.17592701828182278 -0.9419808820476339 0.7309606855436295 0.5956182980250546 0.33306954115818627 0.0 0.0 0.0 0.0 0.0 0.0
10.867310832834592 2.0104129994700353 24.37843463107335 -0.13178305652625835 0.6020866968098015 -0.7874800540567738 0.7309606855436295 0.5956182980250546 0.33306954115818627 0.0 0.0 0.0 0.0 0.0 0.0
11.372764086083258 2.12411276224183 24.236046166497253 -0.49936960563154176 0.7995035728669815 -0.3338023875653527 0.7309606855436295 0.5956182980250546 0.33306954115818627 0.0 0.0 0.0 0.0 0.0 0.0
11.764386022015527 2.4200593896050693 24.01756743717253 -0.6772372925428306 0.6931756746050876 0.24669238684045028 0.7309606855436295 0.5956182980250546 0.33306954115818627 0.0 0.0 0.0 0.0 0.0 0.0
12.001631695803358 2.8740154338053414 23.855322245190273 -0.5978112092133865 0.3234987482814713 0.7334645990088071 0.7309606855436295 0.5956182980250546 0.33306954115818627 0.0 0.0 0.0 0.0 0.0 0.0
12.102606285640839 3.401713027855278 23.86027033163057 -0.2912666526333629 -0.16908076112491852 0.9415813471395738 0.7309606855436295 0.5956182980250546 0.33306954115818627 0.0 0.0 0.0 0.0 0.0 0.0
12.137186632845827 3.890868657086656 24.07985191577823 0.125934975000816 -0.5974236625003772 0.7919755990913985 0.7309606855436295 0.5956182980250546 0.33306954115818627 0.0 0.0 0.0 0.0 0.0 0.0
12.2004738615648 4.243841543653111 24.47996436265833 0.49529180011168517 -0.7987953261009639 0.3414850798225032 0.7309606855436295 0.5956182980250546 0.33306954115818627 0.0 0.0 0.0 0.0 0.0 0.0
12.376662871703614 4.41472901050072 24.957918344228805 0.6764789895228251 -0.696691290170142 -0.23874133059703037 0.7309606855436295 0.5956182980250546 0.33306954115818627 0.0 0.0 0.0 0.0 0.0 0.0
12.707055288789595 4.426805675832623 25.38145123197768 0.6006605006886822 -0.3299025850464762 -0.7282659179805646 0.7309606855436295 0.5956182980250546 0.33306954115818627 0.0 0.0 0.0 0.0 0.0 0.0
13.174368285907372 4.363681036522782 25.638975880807973 0.2966410451348811 0.16222162781342908 -0.9411101071664499 0.7309606855436295 0.5956182980250546 0.33306954115818627 0.0 0.0 0.0 0.0 0.0 0.0
13.709300618597467 4.3375348223773225 25.681974451097595 -0.12007730303945345 0.5927151320660309 -0.7964108321178957 0.7309606855436295 0.5956182980250546 0.33306954115818627 0.0 0.0 0.0 0.0 0.0 0.0
14.216861326281483 4.446498041236124 25.543431147146844 -0.49117627620365306 0.7980262479781993 -0.34914176666871355 0.7309606855436295 0.5956182980250546 0.33306954115818627 0.0 0.0 0.0 0.0 0.0 0.0
8.141576691818528 23.441594713309758 11.572349034952012 0.40895250706884556 -0.5999247489295185 0.6876395440810249 0.5360222689909057 0.7677572093833819 0.35103987606208403 0.0 0.0 0.0 0.0 0.0 0.0
8.137273765731788 23.75163286307713 12.011146177871467 0.7643266671722846 -0.6179162619148929 0.18434814647951583 0.5360222689909057 0.7677572093833819 0.35103987606208403 0.0 0.0 0.0 0.0 0.0 0.0
8.307199127476544 23.920816981498238 12.49196548658145 0.8293203475565653 -0.4011510559898296 -0.38898019410620716 0.5360222689909057 0.7677572093833819 0.35103987606208403 0.0 0.0 0.0 0.0 0.0 0.0
8.66616808854142 23.99855870408423 12.884116747805644 0.579241362407311 -0.031981857006236916 -0.8145284555489483 0.5360222689909057 0.7677572093833819 0.35103987606208403 0.0 0.0 0.0 0.0 0.0 0.0
9.1571751363929 24.069010161359337 13.09059622195828 0.1090988992803867 0.34933778416215955 -0.9306237385390943 0.5360222689909057 0.7677572093833819 0.35103987606208403 0.0 0.0 0.0 0.0 0.0 0.0
9.673051281768144 24.21909317752614 13.084939985628814 -0.4024920597194807 0.5979381605110672 -0.6931595040590668 0.5360222689909057 0.7677572093833819 0.35103987606208403 0.0 0.0 0.0 0.0 0.0 0.0
10.097179349465902 24.50547621619559 12.921278018538787 -0.7611695559235376 0.6193718326888935 -0.1923523849781074 0.5360222689909057 0.7677572093833819 0.35103987606208403 0.0 0.0 0.0 0.0 0.0 0.0
10.347798792940655 24.93304508361504 12.713769319240626 -0.8306660117559204 0.4054957902833936 0.38153262111641195 0.5360222689909057 0.7677572093833819 0.35103987606208403 0.0 0.0 0.0 0.0 0.0 0.0
10.409067892898703 25.453046729188525 12.593230992930891 -0.5845785617271276 0.03756511762115572 0.8104670055635528 0.5360222689909057 0.7677572093833819 0.35103987606208403 0.0 0.0 0.0 0.0 0.0 0.0
10.337082291317262 25.981611344505747 12.657438646040749 -0.11639994246585257 -0.3446371712806331 0.9314914243113729 0.5360222689909057 0.7677572093833819 0.35103987606208403 0.0 0.0 0.0 0.0 0.0 0.0
10.2385633191882 26.43161590578552 12.933979798631803 0.3960009610414566 -0.5959060367866814 0.6986266772571983 0.5360222689909057 0.7677572093833819 0.35103987606208403 0.0 0.0 0.0 0.0 0.0 0.0
10.230312778588727 26.745783667229563 13.369772924285956 0.7579544786661192 -0.6207802358998395 0.20034197509786025 0.5360222689909057 0.7677572093833819 0.35103987606208403 0.0 0.0 0.0 0.0 0.0 0.0
10.394837985250268 26.91844455436736 13.851234009467433 0.831948417522426 -0.40980964450258717 -0.37405599294035524 0.5360222689909057 0.7677572093833819 0.35103987606208403 0.0 0.0 0.0 0.0 0.0 0.0
10.749005859863338 26.997689320146108 14.24742901928847 0.5898712431261808 -0.04314551750692883 -0.8063438353778333 0.5360222689909057 0.7677572093833819 0.35103987606208403 0.0 0.0 0.0 0.0 0.0 0.0
11.237634902907347 27.06709906385158 14.459817926463485 0.12369212134503889 0.33991031294419627 -0.9322881734052747 0.5360222689909057 0.7677572093833819 0.35103987606208403 0.0 0.0 0.0 0.0 0.0 0.0
11.754459568903936 27.213991374087975 14.459691715176277 -0.3894797053570693 0.5938285325104501 -0.7040406473290137 0.5360222689909057 0.7677572093833819 0.35103987606208403 0.0 0.0 0.0 0.0 0.0 0.0
12.182502323809384 27.496246916994966 14.29907941617775 -0.7546816802406103 0.6221413642923732 -0.20831630840055412 0.5360222689909057 0.7677572093833819 0.35103987606208403 0.0 0.0 0.0 0.0 0.0 0.0
12.438515365957894 27.920319603468112 14.090981408124636 -0.8331674671959182 0.414092290130709 0.3665508789522193 0.5360222689909057 0.7677572093833819 0.35103987606208403 0.0 0.0 0.0 0.0 0.0 0.0
12.50460785774344 28.438784640505983 13.96643868446222 -0.5951190035462907 0.04872263169449876 0.8021592589871624 0.5360222689909057 0.7677572093833819 0.35103987606208403 0.0 0.0 0.0 0.0 0.0 0.0
12.435042953945166 28.968356002971678 14.024748189125903 -0.13097488059029133 -0.3351575691214128 0.9330139251452712 0.5360222689909057 0.7677572093833819 0.35103987606208403 0.0 0.0 0.0 0.0 0.0 0.0
14.175007119710617 22.367640983239838 3.1011608142338156 -0.332724271271151 0.9275745024748528 -0.17000029901623942 0.6084519955479359 0.34888889182352706 0.7127851782100172 0.0 0.0 0.0 0.0 0.0 0.0
14.627715973002536 22.656392434138493 3.120197512303541 -0.6919857151001841 0.6729619686444124 0.26130051445705926 0.6084519955479359 0.34888889182352706 0.7127851782100172 0.0 0.0 0.0 0.0 0.0 0.0
14.922686660764008 23.09854558696442 3.198797670865585 -0.7883502163784699 0.1626799316018514 0.5933288937764929 0.6084519955479359 0.34888889182352706 0.7127851782100172 0.0 0.0 0.0 0.0 0.0 0.0
15.03795289189653 23.577781635317717 3.4126471694331015 -0.5852072899418439 -0.4094069313196652 0.6999417064201403 0.6084519955479359 0.34888889182352706 0.7127851782100172 0.0 0.0 0.0 0.0 0.0 0.0
15.019821102873237 23.963693360794693 3.7860484020027863 -0.15973432991218975 -0.8259532561139734 0.5406349623935075 0.6084519955479359 0.34888889182352706 0.7127851782100172 0.0 0.0 0.0 0.0 0.0 0.0
14.965277868320413 24.16132901555183 4.282687391261174 0.32642437266668367 -0.9287061297085543 0.1759319572190358 0.6084519955479359 0.34888889182352706 0.7127851782100172 0.0 0.0 0.0 0.0 0.0 0.0
14.985143079787916 24.147266078820124 4.819430075703348 0.6885689985450104 -0.6786280174883936 -0.25561053992841287 0.6084519955479359 0.34888889182352706 0.7127851782100172 0.0 0.0 0.0 0.0 0.0 0.0
15.16196761613961 23.978509864148876 5.297906329526043 0.7891147496163546 -0.1707277753689991 -0.5900423193767302 0.6084519955479359 0.34888889182352706 0.7127851782100172 0.0 0.0 0.0 0.0 0.0 0.0
15.518670884495881 23.770836247710307 5.641882418081105 0.5898626140134007 0.40203480302926287 -0.7003071567123249 0.6084519955479359 0.34888889182352706 0.7127851782100172 0.0 0.0 0.0 0.0 0.0 0.0
16.009833354276562 23.654806477272302 5.826223468228395 0.1665118093697662 0.8220576380932524 -0.5445135967016353 0.6084519955479359 0.34888889182352706 0.7127851782100172 0.0 0.0 0.0 0.0 0.0 0.0
16.53895219624238 23.726164771303736 5.886442626874404 -0.3200996155824345 0.9297670323748465 -0.1818502175221416 0.6084519955479359 0.34888889182352706 0.7127851782100172 0.0 0.0 0.0 0.0 0.0 0.0
16.995104320764238 24.009463489620174 5.905209022714315 -0.6850998447946941 0.684242386181428 0.24990109966751453 0.6084519955479359 0.34888889182352706 0.7127851782100172 0.0 0.0 0.0 0.0 0.0 0.0
17.29508791410845 24.448735281396388 5.980940382086585 -0.789819188710874 0.17876261755505304 0.5867108109699053 0.6084519955479359 0.34888889182352706 0.7127851782100172 0.0 0.0 0.0 0.0 0.0 0.0
17.415032198534316 24.928756017469052 6.190412489280327 -0.5944730177631541 -0.39463205823206865 0.7006192759031764 0.6084519955479359 0.34888889182352706 0.7127851782100172 0.0 0.0 0.0 0.0 0.0 0.0
17.399466339855955 25.318820363450598 6.559590782461215 -0.17327660830838232 -0.8180994172006647 0.5483507641912043 0.6084519955479359 0.34888889182352706 0.7127851782100172 0.0 0.0 0.0 0.0 0.0 0.0
17.34440207286154 25.52239892153972 7.053765649593369 0.3137504816731428 -0.9307571296818836 0.18775462922712163 0.6084519955479359 0.34888889182352706 0.7127851782100172 0.0 0.0 0.0 0.0 0.0 0.0
17.360857238036694 25.51381136263154 7.590739190365554 0.6815785180387249 -0.6898046471676024 -0.24417262847034474 0.6084519955479359 0.34888889182352706 0.7127851782100172 0.0 0.0 0.0 0.0 0.0 0.0
17.53267824784467 25.34798281269677 8.07205357279502 0.790463480016264 -0.18678384627567254 -0.5833346222632816 0.6084519955479359 0.34888889182352706 0.7127851782100172 0.0 0.0 0.0 0.0 0.0 0.0
17.884685432794324 25.1395768791263 8.420396809724922 0.5990381500910094 0.3871992606757601 -0.70087804022361 0.6084519955479359 0.34888889182352706 0.7127851782100172 0.0 0.0 0.0 0.0 0.0 0.0
18.373243382905986 25.01943302921011 8.608974875332693 0.1800282115624084 0.8140788948700568 -0.5521461726470537 0.6084519955479359 0.34888889182352706 0.7127851782100172 0.0 0.0 0.0 0.0 0.0 0.0
18.84549102658123 10.211381669836404 8.59618397342269 0.8837739315787594 -0.30608872610894144 0.35391147143152585 0.28727064138027214 0.9519692664196093 0.10597213970416039 0.0 0.0 0.0 0.0 0.0 0.0
18.928240719870335 10.550356608979959 9.004759035083998 0.9324701517294017 -0.2526431925548407 -0.25820695844505104 0.28727064138027214 0.9519692664196093 0.10597213970416039 0.0 0.0 0.0 0.0 0.0 0.0
19.22354701358637 10.831741524431209 9.354475812443264 0.6269053711684903 -0.10321428618023108 -0.7722282478182232 0.28727064138027214 0.9519692664196093 0.10597213970416039 0.0 0.0 0.0 0.0 0.0 0.0
19.66175640638587 11.089598740100032 9.52816313641417 0.0831687588018072 0.08542745316508817 -0.9928671148774614 0.28727064138027214 0.9519692664196093 0.10597213970416039 0.0 0.0 0.0 0.0 0.0 0.0
20.11892412037115 11.366929146405816 9.475526370308149 -0.4921650555411771 0.2416138747821399 -0.8362991651418237 0.28727064138027214 0.9519692664196093 0.10597213970416039 0.0 0.0 0.0 0.0 0.0 0.0
20.463902794459823 11.69933544307058 9.232255183193859 -0.8805171367231501 0.3060071458008913 -0.3620071803924036 0.28727064138027214 0.9519692664196093 0.10597213970416039 0.0 0.0 0.0 0.0 0.0 0.0
20.608167559526944 12.101496078249186 8.90646444791855 -0.9343460362025344 0.25414318596323976 0.24981738462538408 0.28727064138027214 0.9519692664196093 0.10597213970416039 0.0 0.0 0.0 0.0 0.0 0.0
20.539448116242458 12.56158866066474 8.637619593329111 -0.6332012550959062 0.1057259807306761 0.7667321485000527 0.28727064138027214 0.9519692664196093 0.10597213970416039 0.0 0.0 0.0 0.0 0.0 0.0
20.326390426935152 13.045781483714523 8.54355135611552 -0.09149273061791514 -0.08285829222560485 0.9923525500816407 0.28727064138027214 0.9519692664196093 0.10597213970416039 0.0 0.0 0.0 0.0 0.0 0.0
20.09247696680467 13.51108675644434 8.675689913917457 0.4849754118987037 -0.2399633146486084 0.8409616266373496 0.28727064138027214 0.9519692664196093 0.10597213970416039 0.0 0.0 0.0 0.0 0.0 0.0
19.96911366707627 13.92169238404955 8.999525700972274 0.8771932870785183 -0.30590226186393416 0.37007532110492675 0.28727064138027214 0.9519692664196093 0.10597213970416039 0.0 0.0 0.0 0.0 0.0 0.0
20.04570660473835 14.262567581437649 9.407720169117395 0.9361507666075424 -0.2556238253840731 -0.24140878624467055 0.28727064138027214 0.9519692664196093 0.10597213970416039 0.0 0.0 0.0 0.0 0.0 0.0
20.335695139104637 14.545173319786233 9.760885496842105 0.6394489182962079 -0.10822962383835444 -0.7611776595602497 0.28727064138027214 0.9519692664196093 0.10597213970416039 0.0 0.0 0.0 0.0 0.0 0.0
20.771446074516838 14.803108111975414 9.940540353119566 0.09980973490835764 0.08028282130636889 -0.9917624137970822 0.28727064138027214 0.9519692664196093 0.10597213970416039 0.0 0.0 0.0 0.0 0.0 0.0
21.229948642141917 15.079343375807484 9.894122935966134 -0.4777488355009559 0.2382944803796099 -0.8455600456490918 0.28727064138027214 0.9519692664196093 0.10597213970416039 0.0 0.0 0.0 0.0 0.0 0.0
21.579548347682163 15.409897873940032 9.654960079801407 -0.8738026357688838 0.3057740822853865 -0.3781152791489428 0.28727064138027214 0.9519692664196093 0.10597213970416039 0.0 0.0 0.0 0.0 0.0 0.0
21.729964714904654 15.810153583750731 9.329605833857265 -0.9378842055072183 0.25708499806091456 0.23298180365023244 0.28727064138027214 0.9519692664196093 0.10597213970416039 0.0 0.0 0.0 0.0 0.0 0.0
21.666590347971205 16.269011826958607 9.057359797385976 -0.6456478849856545 0.11072502484114843 0.7555652039946521 0.28727064138027214 0.9519692664196093 0.10597213970416039 0.0 0.0 0.0 0.0 0.0 0.0
21.456040525339937 16.75310984306299 8.95734487293916 -0.10811913830105813 -0.07770123653946392 0.9910967509649486 0.28727064138027214 0.9519692664196093 0.10597213970416039 0.0 0.0 0.0 0.0 0.0 0.0
21.22084494173097 17.219495859853332 9.08325048405971 0.47048587667970454 -0.23660749906333695 0.8500940719896389 0.28727064138027214 0.9519692664196093 0.10597213970416039 0.0 0.0 0.0 0.0 0.0 0.0
13.476382244560464 1.3327635744803523 3.752273784079622 -0.21467801418108293 0.9689205773462438 -0.12290754664498135 0.716030331771878 0.24171859527552228 0.6548837184422001 0.0 0.0 0.0 0.0 0.0 0.0
13.964691296877925 1.55590938572059 3.731171213877919 -0.5633897239246669 0.7540324416669747 0.3376789834885022 0.716030331771878 0.24171859527552228 0.6548837184422001 0.0 0.0 0.0 0.0 0.0 0.0
14.324575643899676 1.950936915764479 3.7870425785875046 -0.6980602581753999 0.2526747746482864 0.6699756221031719 0.716030331771878 0.24171859527552228 0.6548837184422001 0.0 0.0 0.0 0.0 0.0 0.0
14.525337133105849 2.4035616686398678 3.995634907436321 -0.5675260294001666 -0.3446782637562352 0.7477373204857898 0.716030331771878 0.24171859527552228 0.6548837184422001 0.0 0.0 0.0 0.0 0.0 0.0
14.59673104605302 2.777617000446706 4.374673982017462 -0.22137917352660025 -0.8110822670465055 0.5414211093145344 0.716030331771878 0.24171859527552228 0.6548837184422001 0.0 0.0 0.0 0.0 0.0 0.0
14.617661569429096 2.9667861039595533 4.87713001550269 0.20887333163212302 -0.969342556513458 0.12940996663646628 0.716030331771878 0.24171859527552228 0.6548837184422001 0.0 0.0 0.0 0.0 0.0 0.0
14.686204775322924 2.934993541214751 5.409085054954591 0.5597713659279278 -0.759333402217661 -0.33176618598605667 0.716030331771878 0.24171859527552228 0.6548837184422001 0.0 0.0 0.0 0.0 0.0 0.0
14.882347881693255 2.7301109055419737 5.865413981871933 0.6980028994295622 -0.26084079304190505 -0.6668988177176471 0.716030331771878 0.24171859527552228 0.6548837184422001 0.0 0.0 0.0 0.0 0.0 0.0
15.237600770951246 2.465769602887926 6.1697233023065365 0.5710514614517613 0.33674959443596675 -0.7486654386446729 0.716030331771878 0.24171859527552228 0.6548837184422001 0.0 0.0 0.0 0.0 0.0 0.0
15.723024858815327 2.278190380881399 6.303374312445294 0.2271480257971458 0.8064031808346392 -0.5460015424119575 0.716030331771878 0.24171859527552228 0.6548837184422001 0.0 0.0 0.0 0.0 0.0 0.0
16.260227346307094 2.274430789319639 6.312564253811284 -0.20305274257027345 0.9696907164920314 -0.13590253155796087 0.716030331771878 0.24171859527552228 0.6548837184422001 0.0 0.0 0.0 0.0 0.0 0.0
16.751143954740897 2.4917122270936 6.290775208832457 -0.5561103791744303 0.7645765365898897 0.3258281232040633 0.716030331771878 0.24171859527552228 0.6548837184422001 0.0 0.0 0.0 0.0 0.0 0.0
17.115295184743854 2.8832789104406618 6.343258694790192 -0.6978923850605049 0.2689869473992474 0.6637712264051497 0.716030331771878 0.24171859527552228 0.6548837184422001 0.0 0.0 0.0 0.0 0.0 0.0
17.32036182361305 3.3361611769110677 6.547048852692574 -0.5745334057236507 -0.328795280330303 0.7495365430318275 0.716030331771878 0.24171859527552228 0.6548837184422001 0.0 0.0 0.0 0.0 0.0 0.0
17.394463554569825 3.7140945488846233 6.92169588916326 -0.2328995798660873 -0.8016626838984354 0.5505403953779954 0.716030331771878 0.24171859527552228 0.6548837184422001 0.0 0.0 0.0 0.0 0.0 0.0
17.415475818967927 3.909288886839178 7.421838626083139 0.1972166902559267 -0.9699650307682336 0.14238474697550954 0.716030331771878 0.24171859527552228 0.6548837184422001 0.0 0.0 0.0 0.0 0.0 0.0
17.4814436341153 3.883379665510121 7.954437970556228 0.55240704246249 -0.7697614454986784 -0.3198652473489927 0.716030331771878 0.24171859527552228 0.6548837184422001 0.0 0.0 0.0 0.0 0.0 0.0
17.67333265197351 3.682003298459062 8.414124021831539 0.6977287234843251 -0.27711261735911985 -0.6605930863438663 0.716030331771878 0.24171859527552228 0.6548837184422001 0.0 0.0 0.0 0.0 0.0 0.0
18.024268954304038 3.41745910156163 8.723227858289174 0.5779715970522981 0.32081592719105934 -0.7503505673092808 0.716030331771878 0.24171859527552228 0.6548837184422001 0.0 0.0 0.0 0.0 0.0 0.0
18.50695390036854 3.2260449053618876 8.861289259318845 0.23863339773031506 0.7968611372450894 -0.5550373225614209 0.716030331771878 0.24171859527552228 0.6548837184422001 0.0 0.0 0.0 0.0 0.0 0.0
11.69723887152318 11.293139528822998 4.520772736353321 0.0816373495742871 0.8546521373865098 -0.5127426910402096 0.5004840032152534 0.4097380525923195 0.7626470289612933 0.0 0.0 0.0 0.0 0.0 0.0
12.204845979416831 11.438059743740085 4.620863981937478 -0.43925770684808807 0.879286234581222 -0.18414229457279835 0.5004840032152534 0.4097380525923195 0.7626470289612933 0.0 0.0 0.0 0.0 0.0 0.0
12.612324279213198 11.783413283496744 4.67897998567972 -0.7932714164416548 0.5698647903766505 0.21441683829780453 0.5004840032152534 0.4097380525923195 0.7626470289612933 0.0 0.0 0.0 0.0 0.0 0.0
12.838976334671367 12.258667520150581 4.785972314458582 -0.8459080521382284 0.04394218467678128 0.5315154294407075 0.5004840032152534 0.4097380525923195 0.7626470289612933 0.0 0.0 0.0 0.0 0.0 0.0
12.872803623028092 12.743938379184135 5.01412360210261 -0.5771700759990623 -0.49867479165594647 0.6466824224750004 0.5004840032152534 0.4097380525923195 0.7626470289612933 0.0 0.0 0.0 0.0 0.0 0.0
12.77506497440015 13.115536303768888 5.389686168297706 -0.08915553821878203 -0.8518368772406781 0.5161639512575138 0.5004840032152534 0.4097380525923195 0.7626470289612933 0.0 0.0 0.0 0.0 0.0 0.0
12.657003318029954 13.292957985383545 5.882908323423073 0.43273067913192226 -0.8813718912085798 0.1895461651562404 0.5004840032152534 0.4097380525923195 0.7626470289612933 0.0 0.0 0.0 0.0 0.0 0.0
12.637582633583769 13.269470916664801 6.419337532859885 0.7902152766092735 -0.5760589879541452 -0.20908337813077232 0.5004840032152534 0.4097380525923195 0.7626470289612933 0.0 0.0 0.0 0.0 0.0 0.0
12.798291546304826 13.114671183516187 6.908106179672968 0.8474838788078866 -0.05189164398326187 -0.5282786503782394 0.5004840032152534 0.4097380525923195 0.7626470289612933 0.0 0.0 0.0 0.0 0.0 0.0
13.15218443586626 12.948042748488813 7.276453691510021 0.5827791862725398 0.491990203118884 -0.6467720309989881 0.5004840032152534 0.4097380525923195 0.7626470289612933 0.0 0.0 0.0 0.0 0.0 0.0
13.638921859275694 12.893563495742885 7.497369498530143 0.09666693732386195 0.8489567464186243 -0.5195459035915196 0.5004840032152534 0.4097380525923195 0.7626470289612933 0.0 0.0 0.0 0.0 0.0 0.0
14.14769451408973 13.032603960055544 7.5998548004790445 -0.4261706972991557 0.8833904279540521 -0.19493560106534785 0.5004840032152534 0.4097380525923195 0.7626470289612933 0.0 0.0 0.0 0.0 0.0 0.0
14.559321545044943 13.373013300216249 7.657904526031441 -0.7870989588241356 0.5822093164094041 0.20373399545499635 0.5004840032152534 0.4097380525923195 0.7626470289612933 0.0 0.0 0.0 0.0 0.0 0.0
14.791529343570092 13.846137272371719 7.7623954222583045 -0.8489951662990061 0.059837151540146356 0.5250016408512311 0.5004840032152534 0.4097380525923195 0.7626470289612933 0.0 0.0 0.0 0.0 0.0 0.0
14.83020866722371 14.332901125103545 7.986560459036405 -0.5883439156546609 -0.4852681476230365 0.6468123853287355 0.5004840032152534 0.4097380525923195 0.7626470289612933 0.0 0.0 0.0 0.0 0.0 0.0
14.73477497679158 14.709048088315715 8.35816639940217 -0.10417097486740313 -0.8460119642534608 0.5228882904934634 0.5004840032152534 0.4097380525923195 0.7626470289612933 0.0 0.0 0.0 0.0 0.0 0.0
14.615595509360684 14.892346597656505 8.848964742038625 0.419578260917803 -0.8853416910982506 0.20031019187371055 0.5004840032152534 0.4097380525923195 0.7626470289612933 0.0 0.0 0.0 0.0 0.0 0.0
14.592058919708048 14.873831440654133 9.385423799215461 0.7839227004059058 -0.5883153073711035 -0.19836909764667807 0.5004840032152534 0.4097380525923195 0.7626470289612933 0.0 0.0 0.0 0.0 0.0 0.0
14.7472175342791 14.72120979082515 9.876664614342044 0.8504417995211937 -0.06777810226627218 -0.5216846504166454 0.5004840032152534 0.4097380525923195 0.7626470289612933 0.0 0.0 0.0 0.0 0.0 0.0
15.096234383810199 14.553138120451928 10.248987396991323 0.5938638403697393 0.4785091370789555 -0.6468034823911041 0.5004840032152534 0.4097380525923195 0.7626470289612933 0.0 0.0 0.0 0.0 0.0 0.0
18.32423192761255 5.6193126235945 11.504802600160682 -0.18503167690657218 -0.07833205673666253 0.9796057203939482 0.8338849178486457 0.5149377685802808 0.19868326118251337 0.0 0.0 0.0 0.0 0.0 0.0
18.44521239353632 6.111419278752163 11.683351946092731 0.15502982393846623 -0.5640037905056314 0.8110890690823592 0.8338849178486457 0.5149377685802808 0.19868326118251337 0.0 0.0 0.0 0.0 0.0 0.0
18.601531912704882 6.474961252117664 12.04678907084306 0.4361929027088484 -0.835401054620995 0.3344261197403075 0.8338849178486457 0.5149377685802808 0.19868326118251337 0.0 0.0 0.0 0.0 0.0 0.0
18.857281617770756 6.648073528796377 12.486458640110925 0.551639004983712 -0.7894154909250463 -0.26929090379763737 0.8338849178486457 0.5149377685802808 0.19868326118251337 0.0 0.0 0.0 0.0 0.0 0.0
19.238777451380013 6.641238519479732 12.864743339384868 0.457508226352937 -0.4435177839035009 -0.770699810679046 0.8338849178486457 0.5149377685802808 0.19868326118251337 0.0 0.0 0.0 0.0 0.0 0.0
19.72456229958194 6.533303617366977 13.067346992564417 0.18956242340104731 0.07087974444489437 -0.9793069740698004 0.8338849178486457 0.5149377685802808 0.19868326118251337 0.0 0.0 0.0 0.0 0.0 0.0
20.253557908162726 6.4415257552306695 13.046717590190818 -0.15040131351560715 0.558348872832543 -0.8158590448719736 0.8338849178486457 0.5149377685802808 0.19868326118251337 0.0 0.0 0.0 0.0 0.0 0.0
20.74826953259524 6.477023536225014 12.840113092867613 -0.4332250768518171 0.8336919293357743 -0.3424526240914672 0.8338849178486457 0.5149377685802808 0.19868326118251337 0.0 0.0 0.0 0.0 0.0 0.0
21.144227487127942 6.7025614187436 12.555446509107469 -0.5514593903549968 0.7923014832985995 0.2610572740839343 0.8338849178486457 0.5149377685802808 0.19868326118251337 0.0 0.0 0.0 0.0 0.0 0.0
21.41448025627753 7.108704449309904 12.330287939188937 -0.46018506155298333 0.44990245718189587 0.7653871491899831 0.8338849178486457 0.5149377685802808 0.19868326118251337 0.0 0.0 0.0 0.0 0.0 0.0
21.579833826166364 7.617402759147023 12.279599394011202 -0.19407873398305975 -0.06342203438616459 0.978933649728036 0.8338849178486457 0.5149377685802808 0.19868326118251337 0.0 0.0 0.0 0.0 0.0 0.0
21.700947142537068 8.111644014250238 12.452058805091164 0.1457613494504214 -0.5526514347310528 0.8205668898365941 0.8338849178486457 0.5149377685802808 0.19868326118251337 0.0 0.0 0.0 0.0 0.0 0.0
21.855286763101383 8.479908357417308 12.811566464528553 0.4302242592278843 -0.8319193151823651 0.350453049349443 0.8338849178486457 0.5149377685802808 0.19868326118251337 0.0 0.0 0.0 0.0 0.0 0.0
22.10769601709372 8.65853666651218 13.250959907592167 0.5512377799586442 -0.7951271388466797 -0.25280376384808545 0.8338849178486457 0.5149377685802808 0.19868326118251337 0.0 0.0 0.0 0.0 0.0 0.0
22.48575994037235 8.65591571928824 13.632726724732128 0.46282685187891354 -0.4562528686463083 -0.7600162005061926 0.8338849178486457 0.5149377685802808 0.19868326118251337 0.0 0.0 0.0 0.0 0.0 0.0
22.969325259099648 8.549291916300355 13.84124782505276 0.19858026471807294 0.05595949449396791 -0.9784857757987492 0.8338849178486457 0.5149377685802808 0.19868326118251337 0.0 0.0 0.0 0.0 0.0 0.0
23.498156955417766 8.45542408184314 13.826723061991968 -0.1411102850941371 0.5469119100831308 -0.8252122454555998 0.8338849178486457 0.5149377685802808 0.19868326118251337 0.0 0.0 0.0 0.0 0.0 0.0
23.994822557808632 8.486224834497982 13.624091141614231 -0.42719067836093055 0.830083347152198 -0.35842678625087687 0.8338849178486457 0.5149377685802808 0.19868326118251337 0.0 0.0 0.0 0.0 0.0 0.0
24.394110031625555 8.706243112254777 13.339755824032693 -0.5509741906711442 0.7978922423846766 0.24453100162684974 0.8338849178486457 0.5149377685802808 0.19868326118251337 0.0 0.0 0.0 0.0 0.0 0.0
24.66780292134256 9.108140951768874 13.111161355966173 -0.4654333961481664 0.4625685346883183 0.7545873736462108 0.8338849178486457 0.5149377685802808 0.19868326118251337 0.0 0.0 0.0 0.0 0.0 0.0
17.76015508503588 4.22602640117501 21.537295128187115 0.45559611345860196 0.36113862461961505 -0.8136406302596186 0.8216328558963942 0.1811382836973843 0.5404705101027262 0.0 0.0 0.0 0.0 0.0 0.0
18.25284645250963 4.0159576394834975 21.57985607151077 0.1681804473074355 0.8289215184842976 -0.5334833205800883 0.8216328558963942 0.1811382836973843 0.5404705101027262 0.0 0.0 0.0 0.0 0.0 0.0
18.783874558238917 3.9948415640125328 21.500809475122118 -0.18312978260295634 0.9817832686480663 -0.05064677804671175 0.8216328558963942 0.1811382836973843 0.5404705101027262 0.0 0.0 0.0 0.0 0.0 0.0
19.27315822426167 4.19752301552175 21.410217944084113 -0.46486594633579703 0.7616491405115331 0.4514313222355833 0.8216328558963942 0.1811382836973843 0.5404705101027262 0.0 0.0 0.0 0.0 0.0 0.0
19.656475683190155 4.573822412575895 21.422530197154018 -0.5699917649115165 0.25215176980011933 0.782003115671365 0.8216328558963942 0.1811382836973843 0.5404705101027262 0.0 0.0 0.0 0.0 0.0 0.0
19.909863501372243 5.007599813489944 21.613100085046973 -0.4585681822432417 -0.3531422740111343 0.815478851068729 0.8216328558963942 0.1811382836973843 0.5404705101027262 0.0 0.0 0.0 0.0 0.0 0.0
20.05872068798311 5.360878421931518 21.989558402700126 -0.17292688028960804 -0.8242716637015954 0.5391405368657674 0.8216328558963942 0.1811382836973843 0.5404705101027262 0.0 0.0 0.0 0.0 0.0 0.0
20.168159186790817 5.5262642786965674 22.48891382269591 0.17841223466930595 -0.9822464672645175 0.05797371875841774 0.8216328558963942 0.1811382836973843 0.5404705101027262 0.0 0.0 0.0 0.0 0.0 0.0
20.318266760105136 5.467747022342242 23.001484353706818 0.46196955878385787 -0.7670494156284798 -0.44521828437414357 0.8216328558963942 0.1811382836973843 0.5404705101027262 0.0 0.0 0.0 0.0 0.0 0.0
20.573680308880128 5.23438082756016 23.41256736278583 0.5700169237972876 -0.2604374666128486 -0.7792644176202062 0.8216328558963942 0.1811382836973843 0.5404705101027262 0.0 0.0 0.0 0.0 0.0 0.0
20.959029233370323 4.9416479040690025 23.646017023348726 0.4615053292853845 0.34511903025124163 -0.8172549700060758 0.8216328558963942 0.1811382836973843 0.5404705101027262 0.0 0.0 0.0 0.0 0.0 0.0
21.449578312192404 4.727584874382801 23.693173387783773 0.17766014422033266 0.8195590374404048 -0.5447566955121969 0.8216328558963942 0.1811382836973843 0.5404705101027262 0.0 0.0 0.0 0.0 0.0 0.0
21.980625026479597 4.7003403530686025 23.61615244633602 -0.17368109995323464 0.9826348640095646 -0.06529624454698614 0.8216328558963942 0.1811382836973843 0.5404705101027262 0.0 0.0 0.0 0.0 0.0 0.0
22.472081128567563 4.897087479924034 23.524247223889233 -0.4590379904614297 0.772391276962674 0.43897134141661587 0.8216328558963942 0.1811382836973843 0.5404705101027262 0.0 0.0 0.0 0.0 0.0 0.0
22.8588995062862 5.269901222666433 23.532405532530614 -0.5699986736874018 0.2687033301041706 0.7764663755666004 0.8216328558963942 0.1811382836973843 0.5404705101027262 0.0 0.0 0.0 0.0 0.0 0.0
23.115786668402755 5.703965897960839 23.717559375913954 -0.46440733090991215 -0.3370695043410128 0.8189688518133251 0.8216328558963942 0.1811382836973843 0.5404705101027262 0.0 0.0 0.0 0.0 0.0 0.0
23.2668121648258 6.061195569134806 24.08939719483703 -0.18237987864323613 -0.8147839985854614 0.5503313688271515 0.8216328558963942 0.1811382836973843 0.5404705101027262 0.0 0.0 0.0 0.0 0.0 0.0
23.37626416217353 6.232695202194001 24.58668306660046 0.16893673874896775 -0.9829484293052917 0.07261379777372728 0.8216328558963942 0.1811382836973843 0.5404705101027262 0.0 0.0 0.0 0.0 0.0 0.0
23.52422529443469 6.180131709864538 25.100521255851206 0.4560714646187895 -0.7776743177106928 -0.43269096909189286 0.8216328558963942 0.1811382836973843 0.5404705101027262 0.0 0.0 0.0 0.0 0.0 0.0
23.77614793140601 5.950297332343366 25.515727525082813 0.5699370159716743 -0.27694873079657795 -0.7736092025922836 0.8216328558963942 0.1811382836973843 0.5404705101027262 0.0 0.0 0.0 0.0 0.0 0.0
9.90790795514527 9.899117924789296 18.477188891887362 0.542653892979566 0.3153763124122012 -0.7785014669243748 0.5573515864116455 0.5581995252311455 0.6146320030360816 0.0 0.0 0.0 0.0 0.0 0.0
10.408077552624505 9.882628023429923 18.672748496685944 0.07109613989952702 0.7054685491552835 -0.7051662676590014 0.5573515864116455 0.5581995252311455 0.6146320030360816 0.0 0.0 0.0 0.0 0.0 0.0
10.92445351743088 10.026949700048096 18.707565428583568 -0.42747222539241253 0.8275414892691219 -0.3639266135586987 0.5573515864116455 0.5581995252311455 0.6146320030360816 0.0 0.0 0.0 0.0 0.0 0.0
11.343387175008623 10.359909485183795 18.659425277469516 -0.7636367453032968 0.63521758185375 0.11557484556105824 0.5573515864116455 0.5581995252311455 0.6146320030360816 0.0 0.0 0.0 0.0 0.0 0.0
11.588249812466614 10.837667138090206 18.637630416037677 -0.8096828983479297 0.20156389482052486 0.5511674885437972 0.5573515864116455 0.5581995252311455 0.6146320030360816 0.0 0.0 0.0 0.0 0.0 0.0
11.648545207769487 11.361371287163173 18.741474200961907 -0.5481169811340305 -0.30866728582362624 0.7773623875997557 0.5573515864116455 0.5581995252311455 0.6146320030360816 0.0 0.0 0.0 0.0 0.0 0.0
11.583897319976332 11.814714718720415 19.022517766599243 -0.07831225876008528 -0.7016306039415681 0.7082243188005367 0.5573515864116455 0.5581995252311455 0.6146320030360816 0.0 0.0 0.0 0.0 0.0 0.0
11.501398150334715 12.108121432032338 19.46500108799147 0.4212446000279603 -0.8280327249839785 0.3700199904098307 0.5573515864116455 0.5581995252311455 0.6146320030360816 0.0 0.0 0.0 0.0 0.0 0.0
11.514921700523955 12.212778059630075 19.991830477840317 0.7607635924312497 -0.6398513698360812 -0.10876111874190267 0.5573515864116455 0.5581995252311455 0.6146320030360816 0.0 0.0 0.0 0.0 0.0 0.0
11.701861335545356 12.171580547340726 20.49386776724977 0.8112557767809327 -0.20857978154303936 -0.5462220604946523 0.5573515864116455 0.5581995252311455 0.6146320030360816 0.0 0.0 0.0 0.0 0.0 0.0
12.073726750410172 12.082837267285669 20.87139372078257 0.553538328058261 0.3019347530261824 -0.7761641091196393 0.5573515864116455 0.5581995252311455 0.6146320030360816 0.0 0.0 0.0 0.0 0.0 0.0
12.571771244572975 12.06292002368332 21.071993041219507 0.08552241383894124 0.6977392268408896 -0.7112284359181926 0.5573515864116455 0.5581995252311455 0.6146320030360816 0.0 0.0 0.0 0.0 0.0 0.0
13.089310575661331 12.20205245879375 21.110467817310056 -0.41498489525630056 0.828460902800969 -0.37608518880610164 0.5573515864116455 0.5581995252311455 0.6146320030360816 0.0 0.0 0.0 0.0 0.0 0.0
13.512254086818498 12.530032582765218 21.06321396277872 -0.7578325044662224 0.6444364306593146 0.10193910934246965 0.5573515864116455 0.5581995252311455 0.6146320030360816 0.0 0.0 0.0 0.0 0.0 0.0
13.762449654737352 13.004912011382698 21.039197131429514 -0.812766874945629 0.21557978410764048 0.5412350355208168 0.5573515864116455 0.5581995252311455 0.6146320030360816 0.0 0.0 0.0 0.0 0.0 0.0
13.827374987938606 13.528932858570744 21.138554843457268 -0.5589175208956987 -0.29517922672830726 0.7749067227375726 0.5573515864116455 0.5581995252311455 0.6146320030360816 0.0 0.0 0.0 0.0 0.0 0.0
13.76489505466532 13.985667591738244 21.41455256731552 -0.09272605605486942 -0.6937947141966796 0.7141783902368212 0.5573515864116455 0.5581995252311455 0.6146320030360816 0.0 0.0 0.0 0.0 0.0 0.0
13.681278213996698 14.284251797974328 21.853347277699918 0.4086935877781882 -0.8288259901126939 0.3821217468591726 0.5573515864116455 0.5581995252311455 0.6146320030360816 0.0 0.0 0.0 0.0 0.0 0.0
13.690823089521675 14.393905093685177 22.379246652304335 0.7548437046219126 -0.6489724151533157 -0.09510933688518636 0.5573515864116455 0.5581995252311455 0.6146320030360816 0.0 0.0 0.0 0.0 0.0 0.0
13.872434611266408 14.355625106941883 22.88346585057316 0.8142160777660439 -0.22256336943703012 -0.536206793403549 0.5573515864116455 0.5581995252311455 0.6146320030360816 0.0 0.0 0.0 0.0 0.0 0.0
15.882063112148336 6.567698112041309 0.17348599167495365 0.328141485284386 -0.4515896303082338 0.8296926969869204 0.6030996215429024 0.7761696742899173 0.18393336621584405 0.0 0.0 0.0 0.0 0.0 0.0
15.898737521050313 6.9735635584260915 0.5251681004564641 0.6921271878153795 -0.6238285270882011 0.36303983896776404 0.6030996215429024 0.7761696742899173 0.18393336621584405 0.0 0.0 0.0 0.0 0.0 0.0
16.07318234419262 7.237227272432326 0.9596051519537414 0.793162199945825 -0.5590645365705885 -0.24153792357767012 0.6030996215429024 0.7761696742899173 0.18393336621584405 0.0 0.0 0.0 0.0 0.0 0.0
16.42842851576946 7.373452207736305 1.338983626171487 0.5928616313520455 -0.2819025815492155 -0.7543513906572185 0.6030996215429024 0.7761696742899173 0.18393336621584405 0.0 0.0 0.0 0.0 0.0 0.0
16.91881751486742 7.445417440706063 1.5464076771532196 0.1673230168897383 0.10235887736252579 -0.9805741523434115 0.6030996215429024 0.7761696742899173 0.18393336621584405 0.0 0.0 0.0 0.0 0.0 0.0
17.44734780093022 7.540715382991335 1.530309819254462 -0.32178440918063916 0.44773248741507626 -0.8342603992287875 0.6030996215429024 0.7761696742899173 0.18393336621584405 0.0 0.0 0.0 0.0 0.0 0.0
17.902527320795333 7.738073959870796 1.324042277101461 -0.6886405582548709 0.6230050398106443 -0.37099717235709195 0.6030996215429024 0.7761696742899173 0.18393336621584405 0.0 0.0 0.0 0.0 0.0 0.0
18.20073120373814 8.077446555177977 1.0332059178362185 -0.7938706457919298 0.5615875614933491 0.2332140830350066 0.6030996215429024 0.7761696742899173 0.18393336621584405 0.0 0.0 0.0 0.0 0.0 0.0
18.317972247993502 8.544833052797943 0.7955307161368974 -0.5974960021832456 0.2868135793214093 0.7488234091505697 0.6030996215429024 0.7761696742899173 0.18393336621584405 0.0 0.0 0.0 0.0 0.0 0.0
18.29901405975096 9.077598714848826 0.7285498341152106 -0.1741226377447127 -0.0969256769020597 0.9799422024700752 0.6030996215429024 0.7761696742899173 0.18393336621584405 0.0 0.0 0.0 0.0 0.0 0.0
18.240364610755726 9.588270165800115 0.8849468079805028 0.3154028279482932 -0.4438412479595367 0.8387645693112826 0.6030996215429024 0.7761696742899173 0.18393336621584405 0.0 0.0 0.0 0.0 0.0 0.0
18.253611246315476 9.997767990313543 1.2325401918120669 0.6851014860496698 -0.6221341082872454 0.3789262528753706 0.6030996215429024 0.7761696742899173 0.18393336621584405 0.0 0.0 0.0 0.0 0.0 0.0
18.423026787176994 10.265450325267414 1.6665098269095031 0.7945186353147611 -0.5640678193490288 -0.22487248233699536 0.6030996215429024 0.7761696742899173 0.18393336621584405 0.0 0.0 0.0 0.0 0.0 0.0
18.773552875958078 10.404553383052257 2.0492197725825987 0.6020848713805784 -0.2917027351290952 -0.7432384018421266 0.6030996215429024 0.7761696742899173 0.18393336621584405 0.0 0.0 0.0 0.0 0.0 0.0
19.26132423011499 10.477162793185983 2.2625085011697514 0.18090899848667852 0.09148509517603307 -0.9792356262040207 0.6030996215429024 0.7761696742899173 0.18393336621584405 0.0 0.0 0.0 0.0 0.0 0.0
19.790333796169254 10.570626233643667 2.2525804379520054 -0.30899722756946846 0.4399162082745624 -0.8432048642244159 0.6030996215429024 0.7761696742899173 0.18393336621584405 0.0 0.0 0.0 0.0 0.0 0.0
20.248907434476443 10.764368587619522 2.0504437994028244 -0.681510240713829 0.6212157988428088 -0.3868264766924203 0.6030996215429024 0.7761696742899173 0.18393336621584405 0.0 0.0 0.0 0.0 0.0 0.0
20.552130791969166 11.099717102488178 1.760130053320094 -0.7951061191674104 0.5665051212563864 0.21651375672882464 0.6030996215429024 0.7761696742899173 0.18393336621584405 0.0 0.0 0.0 0.0 0.0 0.0
20.674109684579626 11.564200477572335 1.5191706248963144 -0.6066278894838905 0.29656967664412676 0.7375967940518185 0.6030996215429024 0.7761696742899173 0.18393336621584405 0.0 0.0 0.0 0.0 0.0 0.0
20.657807730694664 12.0962869197791 1.4463464088851627 -0.18768158230799306 -0.08603754650581115 0.9784544773537655 0.6030996215429024 0.7761696742899173 0.18393336621584405 0.0 0.0 0.0 0.0 0.0 0.0
3.594444929717716 21.962676985061698 8.051989321439837 -0.20040795027666686 -0.6640077137640367 0.7203682457797277 0.36655444904346896 0.631062371185884 0.6836652101428656 0.0 0.0 0.0 0.0 0.0 0.0
3.3948213715316395 22.27406582171674 8.441697583530994 0.3704134943999613 -0.7730479889245808 0.5149666493920465 0.36655444904346896 0.631062371185884 0.6836652101428656 0.0 0.0 0.0 0.0 0.0 0.0
3.279633581049112 22.40923834497243 8.948792509554515 0.8005086595706756 -0.5883944084195455 0.11392061311708913 0.36655444904346896 0.631062371185884 0.6836652101428656 0.0 0.0 0.0 0.0 0.0 0.0
3.346921764703761 22.41028634431503 9.481855642922596 0.9264772011794293 -0.18019995472602388 -0.3304057687321312 0.36655444904346896 0.631062371185884 0.6836652101428656 0.0 0.0 0.0 0.0 0.0 0.0
3.6254004555189066 22.370257758307833 9.939602770911954 0.7004615641873538 0.2964554745504925 -0.6492054749501489 0.36655444904346896 0.631062371185884 0.6836652101428656 0.0 0.0 0.0 0.0 0.0 0.0
4.063549381930615 22.397806207052408 10.249363490459146 0.2083288678676753 0.6604825125740595 -0.7213611670978904 0.36655444904346896 0.631062371185884 0.6836652101428656 0.0 0.0 0.0 0.0 0.0 0.0
4.549186880327838 22.575911665320348 10.394689909268713 -0.3629514484278596 0.773581201392012 -0.5194596913495895 0.36655444904346896 0.631062371185884 0.6836652101428656 0.0 0.0 0.0 0.0 0.0 0.0
4.952089584635646 22.930354982786366 10.42160547509032 -0.7963404412410376 0.5927834582131707 -0.12020679395468628 0.36655444904346896 0.631062371185884 0.6836652101428656 0.0 0.0 0.0 0.0 0.0 0.0
5.173466460305672 23.419923308204034 10.421119898447643 -0.9271863863245788 0.18677736844824544 0.3247146742140217 0.36655444904346896 0.631062371185884 0.6836652101428656 0.0 0.0 0.0 0.0 0.0 0.0
5.183491170039049 23.95206754063644 10.494653042009213 -0.7057787215137052 -0.2901885663412397 0.646271608708983 0.36655444904346896 0.631062371185884 0.6836652101428656 0.0 0.0 0.0 0.0 0.0 0.0
5.032633597996018 24.418063280240563 10.715503819110962 -0.21623392040881803 -0.6569070130835887 0.7222991539703146 0.36655444904346896 0.631062371185884 0.6836652101428656 0.0 0.0 0.0 0.0 0.0 0.0
4.832485496991986 24.734317045542674 11.10100271108742 0.355461762297736 -0.7740555026559167 0.5239131744404654 0.36655444904346896 0.631062371185884 0.6836652101428656 0.0 0.0 0.0 0.0 0.0 0.0
4.713364915888345 24.874124834658677 11.605927627662533 0.7921115785036414 -0.5971273652513994 0.1264838205795234 0.36655444904346896 0.631062371185884 0.6836652101428656 0.0 0.0 0.0 0.0 0.0 0.0
4.774806194028434 24.877817422076983 12.139684535118567 0.9278249626366613 -0.19334055835072259 -0.31899885141628787 0.36655444904346896 0.631062371185884 0.6836652101428656 0.0 0.0 0.0 0.0 0.0 0.0
5.047745201595605 24.837438023135775 12.600725644356945 0.7110421310578795 0.28389955914914844 -0.6432885263826726 0.36655444904346896 0.631062371185884 0.6836652101428656 0.0 0.0 0.0 0.0 0.0 0.0
5.482766285310391 24.861773537635525 12.91512911376529 0.2241225058997375 0.6532814875807516 -0.7231821349656701 0.36655444904346896 0.631062371185884 0.6836652101428656 0.0 0.0 0.0 0.0 0.0 0.0
5.968876101297048 25.03502458778484 13.064683192753256 -0.34794500637818776 0.7744708565964155 -0.5283267595146964 0.36655444904346896 0.631062371185884 0.6836652101428656 0.0 0.0 0.0 0.0 0.0 0.0
6.375671842131691 25.38481629406407 13.093805170286018 -0.7878223934027581 0.6014257987288907 -0.13275121497172251 0.36655444904346896 0.631062371185884 0.6836652101428656 0.0 0.0 0.0 0.0 0.0 0.0
6.602883443601309 25.87170303008744 13.092666504188955 -0.9283928814856192 0.19988902462113195 0.3132587356209632 0.36655444904346896 0.631062371185884 0.6836652101428656 0.0 0.0 0.0 0.0 0.0 0.0
6.618467858524356 26.40415447556271 13.16293517673339 -0.716251391990863 -0.27758893190646716 0.6402564551444844 0.36655444904346896 0.631062371185884 0.6836652101428656 0.0 0.0 0.0 0.0 0.0 0.0
