t = 1000000
b = 25 25 25
E = -1.21003186586438 -1.21003186586438 0
446.27421817 -731.077115989533 -1577.75783897048 -0.196727519618608 -0.246895823788786 0.94886286428565 0.191527688623621 -0.958807585262309 -0.209774066399908 0 0 0 0 0 0
446.580906449533 -731.436578728622 -1577.62785582296 -0.868403721781243 -0.308922410694878 0.387868431516348 0.252052599659333 -0.948631858704359 -0.191225217102992 0 0 0 0 0 0
446.74898522091 -731.919966085034 -1577.39320022493 -0.970759989555643 -0.13503733509769 -0.198469042441492 0.168218200553934 -0.972493856793284 -0.161115907041237 0 0 0 0 0 0
446.774169303858 -732.442755790679 -1577.36486754665 -0.919047226100751 0.164732373750813 -0.358071838092494 -0.0986108833952914 -0.975680186458911 -0.195765337655842 0 0 0 0 0 0
446.486224058343 -732.887243056434 -1577.2395624911 -0.309359843148008 0.304304851618683 -0.900941199373617 -0.012702544428697 -0.948654518474499 -0.316058934287506 0 0 0 0 0 0
446.224081111135 -733.282357551604 -1577.39872313843 0.22529551374152 0.403213102614466 -0.886939189216465 -0.0112580538136899 -0.909205523633357 -0.41619535319237 0 0 0 0 0 0
445.952910945099 -733.560040482133 -1577.75954267848 0.867941597406205 0.206108372521592 -0.451881314360825 -0.00939091182521125 -0.902855952891098 -0.429840597319748 0 0 0 0 0 0
445.921696570599 -733.761903493427 -1578.17846000245 0.925678838954181 -0.225080529415943 0.304068154186324 -0.0425399559716306 -0.860585342830268 -0.507526570586843 0 0 0 0 0 0
446.10407051595 -734.018342773119 -1578.53809672127 0.545851294638354 -0.331627428364948 0.76946059866486 0.145621006289218 -0.866816618638121 -0.476889371007669 0 0 0 0 0 0
446.411357971635 -734.41061677911 -1578.7648076669 0.0800231076509591 -0.302390952680903 0.949818937471042 0.0407520384253677 -0.951085648755415 -0.306227627910463 0 0 0 0 0 0
446.719687120332 -734.864030832191 -1578.70547079355 -0.732255317987423 -0.198345426405426 0.651506900272889 0.135880460917054 -0.979964969093997 -0.145619915154384 0 0 0 0 0 0
446.81184231554 -734.287226220032 -1578.37729156943 -0.74666655820864 0.457332696429991 -0.483048502356582 0.215150750987326 0.853174516545742 0.47518775096432 0 0 0 0 0 0
447.038552239464 -733.800167907231 -1578.40647960817 -0.989793294798574 0.142346308602962 -0.00683827455530253 0.130772462692909 0.926292066134126 0.353385867315325 0 0 0 0 0 0
446.91842650023 -733.273015749462 -1578.42823961962 -0.833377226266937 -0.27560423618369 0.479087365453558 -0.10252977985596 0.928849282654601 0.355986873851723 0 0 0 0 0 0
446.637648953321 -732.783000895221 -1578.40599825464 -0.360872271471902 -0.465648845982037 0.808048486118443 -0.274605069145221 0.881075867448315 0.385093977880659 0 0 0 0 0 0
446.129593147227 -732.45635872036 -1578.3148353346 0.18593397512269 -0.40660616496223 0.894483081734799 -0.401944891176878 0.799224764247306 0.446855771665361 0 0 0 0 0 0
445.771678708693 -732.210397096703 -1578.00480014952 0.749726926147242 -0.216572779968131 0.625304539553875 -0.184883333757195 0.83874908620363 0.512170014049438 0 0 0 0 0 0
445.572176390052 -732.018021538488 -1577.52531289348 0.987747996949584 0.0328592376490167 0.152558726473478 -0.0979984331417909 0.891398295124673 0.442499024349863 0 0 0 0 0 0
445.557660385457 -731.759634962399 -1577.12400275592 0.793416360981334 0.2736053022723 -0.543719244367552 -0.0397426921164761 0.914657494917742 0.402271283357558 0 0 0 0 0 0
445.770268303186 -731.409162294516 -1576.77770108025 0.28470789647916 0.241749350499858 -0.927630672851706 0.176612045537213 0.937885782543414 0.298627601326619 0 0 0 0 0 0
28.5573074926552 -687.141951417604 -1837.46564443203 0.284961547516968 0.385228428605135 -0.877722036997564 0.681592893264276 -0.725269612665089 -0.0970315247549236 0 0 0 0 0 0
28.7664908336593 -687.501657296627 -1837.84714680905 0.575335283432713 0.77639108034593 -0.257305658695412 0.736471534004985 -0.628593315870904 -0.249960242524218 0 0 0 0 0 0
29.0643723346018 -687.770496083172 -1838.23304382059 0.60456880910564 0.671754748955881 0.42806788283146 0.796406612134725 -0.520055274244758 -0.308672998298035 0 0 0 0 0 0
29.5254630827579 -687.927540233856 -1838.59188907856 0.405481102997183 0.43758196498407 0.802562831828679 0.85155137570175 -0.500020946483652 -0.157604909879261 0 0 0 0 0 0
29.962173469757 -687.96634499105 -1838.79786132852 0.0778587023132249 -0.114011999927848 0.990423791286615 0.778603614484432 -0.613511969273852 -0.131831237077931 0 0 0 0 0 0
30.4581095051535 -688.164750073197 -1838.68072060214 -0.348636109882708 -0.353909996307538 0.867871290802646 0.717407544937939 -0.696641610714798 0.00410861129951374 0 0 0 0 0 0
30.8087586670986 -688.426053035382 -1838.53587550641 -0.806464883643285 -0.499970584269464 0.315664071942743 0.506285419280681 -0.859669978699271 -0.0681366417354168 0 0 0 0 0 0
31.0228049872991 -688.883746378289 -1838.39752341178 -0.880891336239441 -0.200608087166814 -0.428703684497305 0.355555175866133 -0.878319832276759 -0.319585339376088 0 0 0 0 0 0
31.0606250701612 -689.448108608755 -1838.34037000889 -0.44247183350673 0.352643734849048 -0.824536883847477 0.308215424875667 -0.80362963942874 -0.509099847279829 0 0 0 0 0 0
30.7902697591739 -689.792037849217 -1838.67395832976 0.366631703469858 0.579907863103827 -0.727521865184232 0.257153113312374 -0.814674610708178 -0.519786066551645 0 0 0 0 0 0
30.6940091900748 -689.95870960063 -1839.1360819262 0.993947779882414 0.0585924559919225 -0.0929232746283464 0.00492007289673995 -0.868777806087004 -0.49517766158556 0 0 0 0 0 0
30.1605952867103 -689.724229761596 -1838.59611790183 0.898214401311615 0.436184836355129 0.0543477488978744 -0.431236712852274 0.850505660957054 0.30112292866597 0 0 0 0 0 0
30.0212799535798 -689.236521752509 -1838.32705783557 0.982968268897303 0.183516863753038 0.00974387291009318 -0.171357426934824 0.896099486477175 0.409441500790552 0 0 0 0 0 0
29.9850311116398 -688.97878262983 -1837.93913346033 0.709309730961119 0.448198865700622 -0.54405650657679 -0.337362552456976 0.893537926517265 0.296270960566407 0 0 0 0 0 0
30.1037765530473 -688.595775221428 -1837.6252357237 0.274798797891312 0.384682204921374 -0.881195336968098 -0.391352077997516 0.881877187347588 0.262937592373045 0 0 0 0 0 0
30.155323964648 -688.031123104535 -1837.59643326113 -0.198788550758312 0.0523391002632362 -0.978643822169764 -0.479041849595751 0.865963341998653 0.143618928593711 0 0 0 0 0 0
30.0582325527869 -687.518669617426 -1837.60872817579 -0.443230949211132 -0.347504352416837 -0.826309294824132 -0.603038825045743 0.797622011674758 -0.0119708804756536 0 0 0 0 0 0
29.8162350436005 -686.986077106343 -1837.74078751148 -0.575586515084996 -0.60748325096453 -0.54741598757241 -0.729907841465025 0.683486513222358 0.00898494357307303 0 0 0 0 0 0
29.5126756161034 -686.589812654891 -1837.95897834849 -0.617682248455496 -0.784435010467414 0.0559495692204198 -0.783949690629351 0.619819030697097 0.0353164515184651 0 0 0 0 0 0
29.1539898136709 -686.440625519093 -1838.17043926388 -0.349146539397069 -0.485912220351287 0.801240293632524 -0.741871996075711 0.66569948794429 0.0804371381225782 0 0 0 0 0 0
670.310778030559 -760.533890112621 -1541.57604725765 -0.819025023113829 -0.432410136189556 0.377119988377601 0.104045653827188 0.534449885235168 0.838771614977396 0 0 0 0 0 0
670.070330084452 -760.235686683029 -1541.2853362979 -0.174319372733092 -0.839416420327234 0.514774542469763 0.0779142383728391 0.509381401979131 0.857006393661422 0 0 0 0 0 0
669.908629055161 -759.977355027832 -1540.90041876247 0.438918338069237 -0.831442546538165 0.340666969799935 -0.06624277358903 0.348164857463051 0.93508990315101 0 0 0 0 0 0
669.688910004095 -759.874706176917 -1540.39724628789 0.846617924067064 -0.532020489292633 0.0138668533273652 0.238195953583895 0.402090307678438 0.884073567169225 0 0 0 0 0 0
669.818658003916 -759.91998026137 -1539.86165777995 0.935466465414507 -0.00738343638840993 -0.353338332129401 0.338628042599186 0.304901330705751 0.890149553333206 0 0 0 0 0 0
670.046545734534 -760.15202640919 -1539.39039323103 0.591745727052787 0.636742588126649 -0.494364107698511 0.400774926611927 0.2997216465404 0.865763473931718 0 0 0 0 0 0
670.502412998702 -760.22130657921 -1539.10746780271 -0.0769414938694306 0.930784289812963 -0.357380207004416 0.26924313012073 0.364522862918341 0.891420899066546 0 0 0 0 0 0
670.824137274035 -760.000682764915 -1538.91537671669 -0.847601509248862 0.525426021546103 0.0741564387041674 0.251446632503963 0.274639675746286 0.928088163650627 0 0 0 0 0 0
670.799926981879 -759.596835591258 -1538.70007881916 -0.777729175150764 -0.333213888422098 0.533015792150605 0.335771543399526 0.496621707727082 0.80039012366304 0 0 0 0 0 0
670.786323819587 -759.629691928788 -1539.42625377285 0.229979959416199 -0.946499059916878 0.226381862885237 -0.128238947604522 -0.260062088061484 -0.95703839142972 0 0 0 0 0 0
670.933605258221 -759.714678420359 -1539.87638134267 -0.54567800442812 -0.721924115301431 0.425512734509311 -0.237419686180796 -0.353782128626947 -0.904693372407469 0 0 0 0 0 0
670.875633344797 -760.127861089697 -1540.25673869299 -0.892678060924344 -0.00925681875865167 0.450599812306688 -0.412651392810888 -0.385242925096606 -0.825413058216458 0 0 0 0 0 0
670.7133198062 -760.585587115382 -1540.28639782461 -0.839797225940708 0.538492267672374 -0.0690412699720708 -0.322286611096029 -0.596827169298068 -0.734798387515849 0 0 0 0 0 0
670.361140239754 -760.936938150083 -1540.33562684849 -0.337839035336876 0.725931108458339 -0.59907329432641 -0.416728649800835 -0.686077750583984 -0.596351031347137 0 0 0 0 0 0
669.94877078467 -761.237534109636 -1540.66686773936 0.0452768095325512 0.831012498887754 -0.554408006084764 -0.308391695614524 -0.516243012111266 -0.798991686140905 0 0 0 0 0 0
669.593078708114 -761.366396472162 -1541.07727203208 0.601140565744429 0.664146163074215 -0.444454603182672 -0.204472514895578 -0.409822795620951 -0.888952342278092 0 0 0 0 0 0
669.530263619206 -761.336615899704 -1541.58894717812 0.962370419618773 0.269714342625313 -0.0331262558249884 0.0888144361238603 -0.427399374289856 -0.899689819211399 0 0 0 0 0 0
669.602560251559 -761.335118486832 -1542.16187284969 0.82523421925045 -0.419134894614394 0.378568915119402 0.179361971678035 -0.441098887820741 -0.879352633634012 0 0 0 0 0 0
669.995506361208 -761.426945271217 -1542.39900710791 0.218481959103688 -0.950724213593392 0.219975233227383 0.162370313674214 -0.186861253664599 -0.968874993544695 0 0 0 0 0 0
670.245702543521 -761.639019752746 -1542.87996380036 -0.0581366171153751 -0.866289569777754 0.496147674633929 0.212286561836543 -0.49634944826039 -0.84176697540069 0 0 0 0 0 0
8.80502049576354 328.062709876925 -2555.64714256402 -0.774127858401385 -0.53449502895494 -0.339177126099834 0.504454088823789 -0.197180711295696 -0.840622292924643 0 0 0 0 0 0
8.96657547330197 327.68043428691 -2555.913094211 -0.714177215058962 0.387242594438295 -0.583090111855212 0.558121939770318 -0.187698800231341 -0.808250617530684 0 0 0 0 0 0
8.98431937756642 327.3586283344 -2556.27968831819 -0.163268927993853 0.834557192021154 -0.526172548122291 0.511317317445017 -0.384532729189308 -0.768563062515402 0 0 0 0 0 0
8.89140650730681 327.127960117663 -2556.68565833408 0.534560723899354 0.842101736450882 -0.0714807521687296 0.567915941669595 -0.420566931671 -0.707527341650043 0 0 0 0 0 0
8.94162369993539 327.337295950129 -2557.10148458937 0.951680943580558 0.0431196227668981 0.304046180304998 0.300077413504231 -0.340937376816241 -0.890906982234549 0 0 0 0 0 0
9.21002495101725 327.486191782336 -2557.45799476466 0.588815541395809 -0.733771176665498 0.338933796641308 0.276181336811711 -0.211442482893839 -0.937558502507756 0 0 0 0 0 0
9.64555884567098 327.537670902353 -2557.73649587624 -0.136294865601385 -0.988562942951949 0.0645524394030254 0.332211177620483 -0.106995560230814 -0.937116686200233 0 0 0 0 0 0
10.0275632178148 327.371649525345 -2558.02365849135 -0.806101599236891 -0.557925768147043 -0.197279114315883 0.351785260453017 -0.183710389190938 -0.917876692933924 0 0 0 0 0 0
10.1909038102286 327.034308854668 -2558.20227385423 -0.722494987829687 0.302466328615459 -0.621703396013619 0.574318608612807 -0.238067575494205 -0.783250895498601 0 0 0 0 0 0
10.3054965314884 327.226864868283 -2557.42757825104 -0.907139070156803 -0.056927259532829 -0.416962821504667 -0.402300052002162 0.408088590275103 0.819523258148503 0 0 0 0 0 0
10.0026953251445 327.501745550768 -2557.06636157366 -0.658190400760447 0.0277029199214842 -0.7523416408618 -0.643796095799409 0.497328954620271 0.5815414842724 0 0 0 0 0 0
9.73781192197167 327.913508187083 -2557.06113157655 -0.660944179223756 -0.728569700001045 -0.179830431770107 -0.702449463183521 0.516338885219056 0.489856006683521 0 0 0 0 0 0
9.2302169755349 328.205159006918 -2557.01192889055 -0.253926982225444 -0.915848254151921 0.311035469142602 -0.6942982215449 0.396481822381224 0.600626459690924 0 0 0 0 0 0
8.61799226125552 328.269327778164 -2556.9139187156 0.251133420454374 -0.84128066745614 0.478726272200971 -0.694334755354176 0.188022151807306 0.694655970921583 0 0 0 0 0 0
8.1198734564687 328.078231029048 -2556.66334495232 0.657523980074369 -0.281636422728739 0.698815527174175 -0.700347039837351 0.113523624447462 0.704717255701442 0 0 0 0 0 0
7.8635055508266 327.902452135128 -2556.27767760454 0.78150484820421 0.433409660270318 0.448783064094093 -0.578010613920121 0.232197397208293 0.782296682164368 0 0 0 0 0 0
7.72961673445786 327.798070007238 -2555.73838434718 0.509997175809201 0.85830568244289 0.0566942338592307 -0.657256962694957 0.346320631821 0.6693842730182 0 0 0 0 0 0
7.60378272135189 328.017204218465 -2555.2720115516 0.157995717306297 0.887253035606543 -0.43338136106649 -0.584772106593497 0.437726778123269 0.68296182255235 0 0 0 0 0 0
7.60773938675034 328.328725988234 -2554.89609601337 -0.596868393244482 0.469564893480623 -0.65058199479872 -0.493116333128428 0.424948348609629 0.75911473639755 0 0 0 0 0 0
7.54762478516149 328.840968461522 -2554.75053900927 -0.88145313532252 -0.0912826833245397 -0.463365775554443 -0.425529057532567 0.579093639253737 0.695395986594191 0 0 0 0 0 0
341.379790981083 -135.997857032565 -2169.66332707326 -0.328180076664439 -0.505342919606387 -0.798076669803231 0.885096415279445 -0.459661986594814 -0.0729053752420545 0 0 0 0 0 0
341.717069150991 -136.397963562514 -2169.63180991832 -0.0897701007255372 0.312864387468342 -0.945545981996532 0.814697956991836 -0.523031915175944 -0.250409373987304 0 0 0 0 0 0
341.854119111368 -136.763376776663 -2169.91523779607 0.560287177228536 0.756446054429817 -0.337442803702852 0.803248629144364 -0.595641885296035 -0.00154410449302764 0 0 0 0 0 0
342.193354027742 -136.956598789757 -2170.13320419058 0.468554779446645 0.726175721639961 0.503115533409959 0.787581517968773 -0.601354868926228 0.134490424093029 0 0 0 0 0 0
342.675195606171 -137.026231243144 -2170.19627338703 -0.0349657783761451 0.0567303810949826 0.997777058366932 0.770015102204002 -0.634899473285494 0.0630824951913182 0 0 0 0 0 0
343.124302193565 -137.087321237172 -2170.09520147355 -0.688337751732637 -0.515751385359575 0.510089843105445 0.659964505212742 -0.737114541672241 0.145289381286532 0 0 0 0 0 0
343.457567102706 -137.238744996052 -2169.74487156728 -0.597283343636997 -0.719694865834163 -0.35396596941762 0.698967033181168 -0.683525831790865 0.210327182742797 0 0 0 0 0 0
343.712221664733 -137.734178486607 -2169.55290503289 -0.37728799831309 -0.276129679759239 -0.883971813060214 0.743080602278477 -0.659930430677988 -0.11100921215206 0 0 0 0 0 0
343.873331110358 -138.191170739989 -2169.58107792346 0.0466543518244056 0.391760057473305 -0.918883795060267 0.802080822330586 -0.562979867489091 -0.199298829026807 0 0 0 0 0 0
344.08554912025 -138.556502848203 -2169.84339475964 0.284465665409193 0.813639931424965 -0.507020065869275 0.814082321263436 -0.484322242698107 -0.320471433101629 0 0 0 0 0 0
344.246663905527 -138.758356389817 -2170.25281330359 0.633159793921783 0.724336878435422 0.272845674144479 0.77164732543046 -0.563114189045011 -0.295741128780219 0 0 0 0 0 0
344.637782252616 -138.908528133271 -2170.60542272469 0.495716165196696 0.637545787718506 0.589746430362297 0.860109536420944 -0.266314489345001 -0.435072612471367 0 0 0 0 0 0
344.950034859706 -138.644973945176 -2170.85236944972 0.525462309878574 -0.315388455848261 0.790202178442152 0.789498795933436 -0.165452436003284 -0.59103057673883 0 0 0 0 0 0
345.428777921483 -138.550063168099 -2171.03333951208 0.150941559770438 -0.694817083574725 0.703168447746897 0.822963747074464 -0.305763946627667 -0.478789181105663 0 0 0 0 0 0
345.940779956485 -138.554984704462 -2170.90489699109 -0.281002362189277 -0.955563250779601 -0.0890872954105557 0.888559007886061 -0.223971470717949 -0.400374412030761 0 0 0 0 0 0
346.313630002366 -138.912593737883 -2171.00394072953 -0.593057780169867 -0.490950116845138 -0.638161775845071 0.804690603683961 -0.334351767158015 -0.490593444861481 0 0 0 0 0 0
346.543406255726 -139.334001546684 -2171.15258763178 -0.556195890311347 0.214649527009065 -0.802852235567388 0.731035822678563 -0.333110374383904 -0.595503236295565 0 0 0 0 0 0
346.752787442682 -139.692646255841 -2171.46060941287 -0.1251056262663 0.801503861694142 -0.584756480909698 0.839194331801796 -0.228914705176562 -0.493306123239581 0 0 0 0 0 0
346.92547599983 -139.803556456427 -2171.96159798143 0.174594541371023 0.984252327602942 0.0276423901215803 0.861892682659774 -0.139194985110171 -0.487612304702944 0 0 0 0 0 0
347.10506956288 -139.701687257799 -2172.34351613176 0.648455477219548 0.552384567307683 0.523809873775086 0.71673851725463 -0.211175022144011 -0.664598380908433 0 0 0 0 0 0
112.742101220229 450.363089339095 -1715.29476167527 -0.747805746950518 -0.660257213347739 0.0696202344872306 -0.544026690097385 0.549281066551269 -0.634291155850359 0 0 0 0 0 0
112.652341501593 450.408593013879 -1715.75270530899 -0.781637042259008 0.0153022389604072 0.623545808783436 -0.429566579633874 0.711619587754804 -0.555940748628249 0 0 0 0 0 0
112.274987673071 450.668922625316 -1716.05374945478 -0.350000730192587 0.173123945779152 0.920612615741558 -0.501365193982556 0.795542067049062 -0.340214288086407 0 0 0 0 0 0
113.315274963702 450.73268931666 -1717.15182583715 0.817863889180254 -0.0114600815693396 -0.575297597166347 -0.264052261846948 -0.895790272500478 -0.357541872662533 0 0 0 0 0 0
113.16475466531 450.412166847508 -1717.58005578885 0.984685172740371 -0.173755811616058 0.0142838550437138 -0.160530628179093 -0.935589990818827 -0.314485749273402 0 0 0 0 0 0
113.254258842597 450.126087551026 -1717.98211738124 0.526870717042108 -0.388246878413066 0.756089683123666 -0.1300005491167 -0.915918144065266 -0.379728601242249 0 0 0 0 0 0
113.384582727121 449.666360514071 -1718.19708418524 -0.192088378240251 -0.243853200869856 0.950598585823983 -0.380809941245146 -0.874217512667726 -0.301210108054035 0 0 0 0 0 0
113.178695250717 449.226245317758 -1718.21718539614 0.733501536793988 -0.671855220437794 -0.102888572209657 0.630654160020675 0.616289716237496 0.47165911006629 0 0 0 0 0 0
113.525009664119 449.156181708276 -1717.88523578862 0.65403819557318 0.253602628696312 -0.712684885099789 0.296831575154608 0.780529397201809 0.550149866940832 0 0 0 0 0 0
113.856374371647 449.324012167999 -1717.64541852159 -0.11711808707027 0.57046384674335 -0.812929488479647 0.191258124123207 0.816195810563345 0.545201548764965 0 0 0 0 0 0
114.177607553474 449.721890342436 -1717.43186171513 -0.625057594897963 0.363378105262597 -0.690839601988869 0.170211226578057 0.927187937311501 0.333692474069821 0 0 0 0 0 0
114.406744134816 450.141960327827 -1717.61049416049 -0.957889234651909 0.246710121540556 -0.146909257936403 0.21653600131185 0.956665356547891 0.194688355370762 0 0 0 0 0 0
114.426007663962 450.574391857736 -1717.90554313516 -0.81511618287642 0.18117397238016 0.550237766919872 0.23419490201323 0.971816087278863 0.0269488474153477 0 0 0 0 0 0
115.769031508639 450.518428133305 -1717.77289428575 0.870082721491336 0.179120307792698 -0.459207984576138 -0.363665292074992 0.862153556579206 -0.352758841445309 0 0 0 0 0 0
115.874246452057 450.930931063522 -1717.92036261674 0.388827353279044 -0.461333075933318 -0.797486728661937 -0.205503281191907 0.800363320199294 -0.563193534319174 0 0 0 0 0 0
116.130165620263 451.326238255607 -1718.16716119036 -0.611205050147267 -0.558055023545936 -0.5612512604615 -0.239824225453059 0.806367955031788 -0.540606198617526 0 0 0 0 0 0
116.157489553858 451.580898172194 -1718.60042672931 -0.974215471106905 -0.17056725896489 0.147685564714887 -0.222552189959703 0.834059405567234 -0.504792463027106 0 0 0 0 0 0
115.952345815381 451.842951855624 -1719.0025877129 -0.640537509916357 0.182892298112692 0.745829810131783 -0.107015791012274 0.940488792426821 -0.322534419548608 0 0 0 0 0 0
115.829669417309 452.283447766339 -1719.25186641715 -0.0498212418582503 0.183217970643374 0.981809054293667 -0.0307253878704049 0.982283386199148 -0.184865626164923 0 0 0 0 0 0
115.564029441061 452.666144596343 -1719.17146901953 0.84818634254941 0.269431548819865 0.456055444889308 -0.0602365707592004 0.904449275025177 -0.422306836849232 0 0 0 0 0 0
677.637238531723 -843.176175020471 -2052.96684641631 -0.0259502276756347 0.246072403339696 0.968903998339469 -0.997714635827527 -0.0668627193523038 -0.00974075029761779 0 0 0 0 0 0
677.300544283272 -843.494151471483 -2052.77340467444 -0.222582736635691 0.931189192889565 0.288692937907125 -0.97224999778131 -0.190143651443798 -0.136291355668152 0 0 0 0 0 0
676.826248724838 -843.475725408172 -2052.48466955621 0.026734732494191 0.805979463007027 -0.591339461975411 -0.988400638387866 -0.0671539235795309 -0.136215008652986 0 0 0 0 0 0
676.094673748614 -842.933066067964 -2052.19328346268 -0.374750783200007 0.80869153688289 0.453409140473559 0.598310630123003 0.584529819119334 -0.548041312714775 0 0 0 0 0 0
676.166771922739 -842.677620002444 -2052.55632303513 0.169736040969867 0.599329015832191 0.782300714033608 0.534751818754547 0.610775363293991 -0.583946870812575 0 0 0 0 0 0
676.171753221434 -842.272827276999 -2052.87533955206 0.864105677999967 -0.105156167903341 0.492202760658757 0.500364259780663 0.285136624601656 -0.817516185066035 0 0 0 0 0 0
676.516063507879 -841.911807498165 -2053.13989984054 0.54496189162282 -0.828498070565953 0.128870026566967 0.590655599458396 0.270250457264064 -0.760322729620131 0 0 0 0 0 0
677.000179496544 -841.801213681817 -2053.30650526212 -0.130657515314573 -0.863616380516562 -0.486924389402805 0.382113356447914 0.409324970736493 -0.828518226206086 0 0 0 0 0 0
677.309911060749 -841.770555029829 -2053.58508505101 -0.792830600778503 -0.301944004618698 -0.529385924013872 0.339065653819203 0.50325511445781 -0.794838834086643 0 0 0 0 0 0
677.4034763799 -841.810158756202 -2054.10948394331 -0.926569431478595 0.355936801087734 -0.12156513595955 0.279185484351317 0.434271870564719 -0.85642478231526 0 0 0 0 0 0
677.302056255898 -841.825852778275 -2054.57214498278 -0.064032036286615 0.939458329852627 0.336627308457741 0.531996188678002 0.317526254245415 -0.784956771482962 0 0 0 0 0 0
677.220816234294 -841.667475864046 -2055.21197447651 0.600525553104661 0.645106463451811 0.472447574743525 0.274627960312872 0.388507938863638 -0.879568681146799 0 0 0 0 0 0
677.544173281977 -841.309142014276 -2055.63614860543 0.654109808197157 0.343969482427313 0.673665609912637 0.367600844739236 0.633813689568379 -0.680551119213478 0 0 0 0 0 0
677.38608993258 -840.825609797475 -2055.7161879777 0.984541245830448 -0.162358936438203 0.065712335351023 0.148107482879253 0.571428153808557 -0.807176584490727 0 0 0 0 0 0
677.543128699101 -840.33710593516 -2055.8783198498 0.715520114654646 -0.631925731998915 -0.297826853662053 0.247673906859438 0.628099127802441 -0.737664640276864 0 0 0 0 0 0
676.913465662834 -839.810570035728 -2054.85496358413 -0.323862221671932 0.895389381145618 0.305599603248087 -0.917685341412928 -0.375868951252522 0.128748381116684 0 0 0 0 0 0
676.545802511436 -839.847855988932 -2054.57165163488 -0.391037380712571 0.609076387355221 -0.69001139211738 -0.906392875540823 -0.385027860403849 0.173797301134605 0 0 0 0 0 0
676.085946584235 -839.712059790168 -2054.48686449601 -0.0403757370665822 -0.305916811879919 -0.951201715760415 -0.880215900973587 -0.439622975669373 0.178750124298869 0 0 0 0 0 0
675.617371558084 -839.668320916743 -2054.58712142414 0.317966119400987 -0.886037751363615 -0.337393909357573 -0.823578980076122 -0.434420786250674 0.364686501052783 0 0 0 0 0 0
675.280737227799 -839.943810901683 -2054.7959120767 0.382380219524486 -0.586401570951626 0.714085824885127 -0.911710589690078 -0.365090304072005 0.188395516187569 0 0 0 0 0 0
39.5133974702064 -1076.24030987631 -1804.11382431445 0.507621121329687 -0.855855562460923 -0.099156711243812 0.824234145405177 0.515907454734779 -0.233404309508802 0 0 0 0 0 0
39.9969573672154 -1076.07062571475 -1803.85578243458 0.250800640090019 -0.71099483550131 -0.656951583315621 0.865877304838561 0.468211175424554 -0.176166932689045 0 0 0 0 0 0
40.5498065984069 -1076.02961782658 -1803.84940010329 -0.207212021258407 -0.454571279898729 -0.866272549338392 0.842310560080594 0.36746994236691 -0.39430795304378 0 0 0 0 0 0
41.0149811808667 -1076.1685237625 -1803.94413459002 -0.365665534197803 0.230752612267633 -0.901688387987502 0.888118930903852 0.376331331145897 -0.263855062047627 0 0 0 0 0 0
41.3865339736415 -1076.26957108668 -1804.24539374101 -0.42763958106018 0.895637474276373 -0.122302507670587 0.820566561656966 0.327866545392194 -0.468160278433629 0 0 0 0 0 0
41.5930949966878 -1076.01365478292 -1804.64397128255 -0.143369433928276 0.832649947589834 0.53491987268537 0.835174460285462 0.391779439320364 -0.385995455689194 0 0 0 0 0 0
41.7731298165195 -1075.71649986867 -1804.94944815222 0.387611904787615 0.150059427544967 0.909526898707121 0.840765355741004 0.347019335710434 -0.415561303815445 0 0 0 0 0 0
42.0690955360736 -1075.29662676687 -1805.02040920998 0.462485388807373 -0.55543628816509 0.691084506358724 0.885005874904679 0.24208688994721 -0.397691512481586 0 0 0 0 0 0
41.4287524136661 -1074.69126157665 -1806.06651252029 -0.892679454068005 0.0189636717534279 -0.450292983998726 -0.0260120177060473 0.995281051236905 0.0934826400120502 0 0 0 0 0 0
41.3745534919535 -1074.17487963679 -1806.25846500694 -0.935132279023188 -0.0767553831007269 0.345884708962336 -0.0175110214106887 0.985071155532852 0.171254730347298 0 0 0 0 0 0
41.1385077834799 -1073.71456213828 -1806.32670081722 -0.414644543977057 -0.195792918964678 0.888670374792223 -0.0275375611069743 0.978831137074419 0.202808500368894 0 0 0 0 0 0
40.8411253604842 -1073.25099058523 -1806.28226588742 0.128128647952492 -0.270660042736978 0.954110156553992 0.0671783997936208 0.962198717454251 0.263933117911647 0 0 0 0 0 0
40.5325533931605 -1072.92206926852 -1805.9729404868 0.681861753241986 -0.204732412157489 0.70224581798537 -0.069158323697063 0.937688848117914 0.340524228768986 0 0 0 0 0 0
40.3801804716504 -1072.64512064754 -1805.5686025111 0.973109268968984 -0.131354618321435 0.189220281397846 -0.000478037033783657 0.820314900659709 0.571911912130047 0 0 0 0 0 0
40.3638367524513 -1072.46597190546 -1805.05225372649 0.889905197683154 0.0675385536869129 -0.451117814880311 0.147684135599004 0.893048753334677 0.425033316646771 0 0 0 0 0 0
40.560689631966 -1072.05969917614 -1804.78749820236 0.578909522989443 0.0652634912655713 -0.812775762987532 0.216528406196927 0.948699120306988 0.230402752671416 0 0 0 0 0 0
40.8412723423204 -1071.66575949274 -1804.60945739787 0.0951136200692835 0.113616411319746 -0.98896143016608 0.253201353819989 0.958030162413328 0.134414591209502 0 0 0 0 0 0
41.1557933639197 -1071.2278000501 -1804.61822257716 -0.31431098435005 0.0109769187163961 -0.94925661039173 0.0261205913937107 0.999654561181743 0.00291084416959043 0 0 0 0 0 0
41.2920996451796 -1070.70282527254 -1804.82730683772 -0.895290224854612 -0.209486450626165 -0.393154982524487 -0.222158557028165 0.974916106973805 -0.0135705527597295 0 0 0 0 0 0
41.2157120350012 -1070.29200860477 -1805.11386302669 -0.789687283961751 -0.263752791564917 0.553920985783014 -0.217355032304643 0.964587329003338 0.149425816571478 0 0 0 0 0 0
214.514168821383 21.4290145324467 -2105.13595718145 -0.217652655063996 0.572342519851111 0.790601898374949 0.0613903958634506 -0.800389403650465 0.5963287866771 0 0 0 0 0 0
214.704221324417 21.1819090558554 -2104.71073254494 -0.875699699998502 0.324119588885207 0.357905752291603 0.0942509593474611 -0.612229718231804 0.785042373872831 0 0 0 0 0 0
215.571895549218 21.4679723804493 -2104.41652700982 0.872658116326813 -0.276714183498551 -0.402364353117506 0.0647783032400059 0.882271217091826 -0.466263091956305 0 0 0 0 0 0
215.016914336291 20.8364645643179 -2104.38890187109 0.602108670130119 -0.563541362429936 -0.565584902719963 -0.520836543073528 -0.814138221240131 0.256726025395112 0 0 0 0 0 0
214.719778740554 20.4725884141606 -2104.51727678553 0.903521518171514 -0.380382390586223 0.197378071560525 -0.386922219065512 -0.922093766103856 -0.00585516061505049 0 0 0 0 0 0
214.783837083425 19.9639265442428 -2104.70178783513 0.467108598599704 -0.204986409223223 0.860110533099084 -0.315278943939919 -0.947428501761223 -0.0545749169363951 0 0 0 0 0 0
215.007643340517 19.5209434750514 -2104.66674263321 -0.476026013934475 0.0165569812208069 0.879275326863269 -0.18261666227594 -0.979890149110381 -0.080414242119357 0 0 0 0 0 0
215.079553465436 19.0373532303536 -2104.51826173265 -0.935846126002286 0.258510746905251 0.239508292509892 -0.309405543878245 -0.928068990041239 -0.207258676878058 0 0 0 0 0 0
214.805677110476 18.6316009008509 -2104.34880666471 -0.762544569766203 0.356883132153727 -0.539592632551837 -0.149823987774269 -0.908819494422543 -0.389358317292656 0 0 0 0 0 0
214.480895222521 18.2846955799687 -2104.27404859529 -0.0944996844238492 0.207420923078229 -0.973676727827654 -0.300346006603756 -0.938420562413265 -0.17076042971704 0 0 0 0 0 0
214.125426984318 18.067763696382 -2104.31232699396 0.654274893553946 -0.207030943237877 -0.727366862186481 -0.287613376449107 -0.957646247804299 0.0138639732361378 0 0 0 0 0 0
213.945398218685 17.6894060503683 -2104.53668949689 0.964025267934583 -0.162555239720065 0.210311856116597 -0.203415266691299 -0.960472307586427 0.1900399316894 0 0 0 0 0 0
214.026055061293 17.2400276605024 -2104.75766105232 0.362184845755303 0.0174937820820786 0.93194211466897 -0.187741053300415 -0.977964158465618 0.0913203244753669 0 0 0 0 0 0
214.241602434757 16.7616327403038 -2104.76242061166 -0.265418603855689 0.221606392314639 0.93831954664314 -0.0508837162044112 -0.975089356207764 0.215897185798142 0 0 0 0 0 0
214.340061229445 16.1398599417678 -2104.70343614929 -0.231269558550053 0.361417115781966 0.90326743531908 -0.0160292555801645 -0.929727135218056 0.367900145426409 0 0 0 0 0 0
214.663757618595 15.7898178859402 -2104.416591164 -0.888242941535479 0.123759187845073 0.442389127619935 0.0441213742538771 -0.93558980928627 0.350321299800098 0 0 0 0 0 0
214.782000026373 15.4001606993256 -2104.05353891841 -0.987676681077672 -0.0496892651680737 -0.148410749551544 -0.0459522320662337 -0.814400043829224 0.578481599516431 0 0 0 0 0 0
214.51455525802 15.3075829939557 -2103.68976713385 -0.446631139488761 -0.698031503829197 -0.559707642346359 -0.00206102121674746 -0.624764322691848 0.780810664170861 0 0 0 0 0 0
214.394133343468 15.2299182724331 -2103.16544969722 0.678362569054662 -0.670381184229737 -0.300688032246539 -0.731399514918473 -0.655056371370575 -0.189620410040263 0 0 0 0 0 0
213.912643155148 14.9159641340676 -2102.41316338741 0.710307032030386 -0.616208367387247 0.340222233562312 0.529157135761764 0.14872639337423 -0.835388044914637 0 0 0 0 0 0
196.930329098331 -132.845543662111 -1148.2668988653 -0.246228074668619 -0.0752508096766906 0.9662862158222 -0.935020757941171 -0.244030300011133 -0.257265222864643 0 0 0 0 0 0
196.585161049975 -133.225608107496 -1148.42300421546 -0.37866365653608 0.553668307476941 0.741663832551073 -0.91689362465527 -0.115164696337675 -0.382155954793293 0 0 0 0 0 0
196.162302901222 -133.523765514004 -1148.24098206986 -0.288010706780085 0.949796909367628 0.122211553200746 -0.908223394087872 -0.230457672546219 -0.349312936485447 0 0 0 0 0 0
195.662771321927 -133.543430412033 -1148.1129329717 0.153570969936666 0.75533905196034 -0.637086237315142 -0.970882121907192 -0.00462204762892094 -0.239513135415794 0 0 0 0 0 0
195.029059800411 -133.420732974519 -1148.03207199672 0.512124286176668 0.830278038862601 -0.219925200217054 -0.818369439095635 0.393946540817718 -0.418422733765806 0 0 0 0 0 0
194.812203864812 -132.970106471248 -1147.95606634708 0.610767496016818 0.382274341494044 -0.693418627990799 -0.775651843173017 0.464866632247444 -0.426922981818994 0 0 0 0 0 0
194.562528734398 -132.502341896643 -1147.95979706385 0.396752670892375 -0.279702495897966 -0.874273316491025 -0.709358226383331 0.511061357023958 -0.485414457983202 0 0 0 0 0 0
194.338139660144 -132.206152727638 -1148.39903896015 0.317685633899587 -0.810796544214335 -0.491614485042812 -0.744728907682844 0.107559047901879 -0.658642471509361 0 0 0 0 0 0
194.114081232601 -131.98704161679 -1148.8396420987 0.0443799956717308 -0.991222179543998 -0.124535162762263 -0.91631073453736 0.00927451782403931 -0.40036061381052 0 0 0 0 0 0
193.984515784165 -132.048128812473 -1149.37130436396 -0.473489863607137 -0.754237049377313 0.454899793809471 -0.805663933171663 0.162143329465322 -0.569750092142394 0 0 0 0 0 0
193.484141776336 -132.086034191456 -1149.62706253422 -0.301678677813128 -0.767642836634349 0.565432976326013 -0.85334123024406 -0.0470924080350055 -0.519221580706175 0 0 0 0 0 0
193.208936593793 -132.450274010187 -1150.00952979238 -0.409401106717965 -0.290252870801562 0.864953180703763 -0.883341883960089 -0.1110749751661 -0.455378376664604 0 0 0 0 0 0
192.894528703245 -132.82877954791 -1150.15746721813 -0.464279817285706 0.437968587415969 0.76982320548163 -0.863342754741427 -0.0297809003011013 -0.503738410102645 0 0 0 0 0 0
192.473732565366 -133.101493213607 -1150.07500669369 -0.260023243094807 0.940272195509514 0.219718254594783 -0.887332717993732 -0.142936052722435 -0.438417532051338 0 0 0 0 0 0
191.910007481342 -133.139126352886 -1150.01407283242 0.144001348630505 0.939812576284266 -0.309864378479564 -0.873373623418043 -0.0265252298772502 -0.486328002584262 0 0 0 0 0 0
191.414398490285 -132.929591047165 -1150.02713778729 0.361299142827431 0.599852798818519 -0.713890432168518 -0.888256707970509 -0.0114938899247362 -0.459203561876203 0 0 0 0 0 0
191.070824758519 -132.565845466037 -1150.13248661758 0.454076166154328 -0.0411099344049925 -0.890013937319975 -0.855802752456259 0.257731462309914 -0.448526634910218 0 0 0 0 0 0
190.625377470068 -132.164182222236 -1150.44054320312 0.530680497200619 -0.407723976849531 -0.743060810831056 -0.747215728082752 0.188747255066426 -0.637215135892622 0 0 0 0 0 0
190.355234615906 -131.976603921929 -1150.94088418118 0.478273121692152 -0.785002680583017 -0.39373292032077 -0.684766482550598 -0.0526328293763672 -0.726859442840993 0 0 0 0 0 0
190.338508005982 -132.019943384989 -1151.44090549381 -0.143875100578148 -0.973337901907712 0.178642895586479 -0.837639785873048 0.0236590217311784 -0.545710399216725 0 0 0 0 0 0
167.592128671642 -385.944815423709 -1036.73880823106 -0.624209398270229 0.748936023303799 0.222390332768782 0.488566058464559 0.596334189635833 -0.636936999072734 0 0 0 0 0 0
167.644764650379 -385.694737434452 -1037.22325974084 -0.186116349332143 0.776156275829151 0.602446794333159 0.433298325196649 0.615152665053809 -0.658665134995754 0 0 0 0 0 0
167.642179455978 -385.347194700097 -1037.49836230688 0.291392746362876 0.522798406804298 0.801106792637529 0.506936764737241 0.625797118376436 -0.592784179267201 0 0 0 0 0 0
167.782359230576 -384.923441135144 -1037.75354066357 0.720270311065935 -0.0304294201731283 0.693025778297538 0.602617209308583 0.522294521780678 -0.603374619588054 0 0 0 0 0 0
167.889597674601 -384.211301361601 -1038.38604708753 0.699974945792717 0.0611849175121492 -0.711541622908677 -0.704549560681774 0.222123601447111 -0.673996307277187 0 0 0 0 0 0
168.662273551563 -384.078546329728 -1037.76698857109 0.712239343640763 0.107736627114584 0.693619446489318 -0.580081532106226 -0.466068866182018 0.668045827833018 0 0 0 0 0 0
168.548765355236 -384.490506481692 -1037.53150351144 0.142815400153506 0.685164879144755 0.714249851148425 -0.614016785072789 -0.504657350237033 0.60688083385506 0 0 0 0 0 0
168.512008742979 -384.639731523741 -1037.06688007668 -0.667129815534775 0.744105538836403 0.0352811039725854 -0.62919560676135 -0.588196802808298 0.508072248404017 0 0 0 0 0 0
168.256772898858 -384.747040653488 -1036.67612210761 -0.555552405442588 0.177524269503038 -0.81230945983927 -0.717152313569875 -0.596692685413803 0.360069990856001 0 0 0 0 0 0
167.794808221362 -384.787332108095 -1036.49471700183 -0.187949117785165 -0.252666432229892 -0.949123175961896 -0.826062412402661 -0.482084906746409 0.291916141216621 0 0 0 0 0 0
167.321713035481 -384.82234470636 -1036.54823998009 0.22248690330241 -0.795186667944014 -0.564072460755709 -0.753485485862108 -0.50739985108587 0.418096895125017 0 0 0 0 0 0
166.823677046161 -384.995059281919 -1036.57122535375 0.591072159964228 -0.79837601373866 -0.115019313169527 -0.732864460262619 -0.59110723597564 0.336900457793129 0 0 0 0 0 0
166.426812407972 -385.284742727035 -1036.70256271594 0.727533879074351 -0.43755242176807 0.528433849222327 -0.686071749751482 -0.464101958242986 0.560281113859789 0 0 0 0 0 0
166.242454212552 -385.693252727926 -1036.48650227223 0.514737636330983 0.380076695398451 0.768496500551164 -0.622142300469152 -0.451158235272382 0.639839983677842 0 0 0 0 0 0
166.298563326259 -386.109349633195 -1036.29029699377 -0.293268814011097 0.768981221616228 0.568032819060782 -0.74301956615377 -0.557213619825021 0.370722141494356 0 0 0 0 0 0
165.991963899875 -386.369047047364 -1035.95228480931 -0.269531167928609 0.958243253235255 0.0955134395996414 -0.864212506296019 -0.284448030179439 0.415001279622835 0 0 0 0 0 0
165.677936014203 -386.368363623297 -1035.57538362619 -0.436045895630525 0.568923263848555 -0.697273473434693 -0.879693697392552 -0.106101350670787 0.463553127649524 0 0 0 0 0 0
165.257714445139 -386.17602116839 -1035.41781201796 -0.390081447232831 -0.249166914808838 -0.886426710500865 -0.915863466516248 0.00563925181854326 0.401450257864868 0 0 0 0 0 0
164.534813452397 -385.773956134357 -1035.18177134892 -0.293743538149525 0.840098626998105 -0.456014287836792 0.947786016120142 0.317942257413809 -0.024786863410297 0 0 0 0 0 0
163.782498678881 -385.423877739734 -1034.78391921931 -0.490466943418036 0.865065049027611 0.105378547935652 0.866468722141405 0.497002705201668 -0.047119683497078 0 0 0 0 0 0
-9.62035201516157 -58.1390272424251 -1326.1824679104 0.0293966457825571 0.899726472877808 -0.435463099722116 0.849133314968038 0.207366292922339 0.485769321768098 0 0 0 0 0 0
-9.14007682295223 -58.0684244953725 -1326.23354733274 -0.329879652212409 0.937729152168357 0.108827626225302 0.835175436899975 0.236158457085088 0.496700284624568 0 0 0 0 0 0
-8.73464019766378 -57.738374987852 -1326.30528750226 -0.567893276255629 0.508282532866074 0.647414931529152 0.808473982136175 0.196823399643852 0.55464436313868 0 0 0 0 0 0
-8.38346392808895 -57.3434079421118 -1326.15498242013 -0.491950925719138 -0.279040262571798 0.824694378874953 0.824588896819458 0.154601044122441 0.544198188529069 0 0 0 0 0 0
-8.11719533790593 -57.1294285605144 -1325.73488991246 -0.370815694148302 -0.770293918863153 0.518789937774201 0.790274671041665 0.0316996433242175 0.611932248637956 0 0 0 0 0 0
-7.95900068737197 -56.9596307027747 -1325.24177941787 -0.0776176877708818 -0.988073012230115 0.132993297002556 0.709582904450835 0.0389551106434902 0.703544313505461 0 0 0 0 0 0
-7.80947424794454 -57.0355674455931 -1324.7144847853 0.281179584409218 -0.898178650796742 -0.33795436461807 0.570974754628397 -0.126468521134543 0.811168011412607 0 0 0 0 0 0
-7.71323718553003 -57.3011325538453 -1324.24798074977 0.558285104061737 -0.418002823391209 -0.716652902191677 0.704636990247052 -0.21708605393594 0.675544489402511 0 0 0 0 0 0
-7.3325682215395 -57.635440870103 -1323.92208758434 0.460169793627089 0.123113212728415 -0.879253602713626 0.88716487735884 -0.102116330924781 0.450011927996732 0 0 0 0 0 0
-6.89837685389423 -57.9548095746846 -1323.92156008143 0.298366114884291 0.79315477552787 -0.530926702611753 0.945239237575824 -0.168451388698054 0.279547694307738 0 0 0 0 0 0
-6.4366178196472 -58.1450524701586 -1324.05909484671 0.03850647903441 0.975370536597842 0.217185559854267 0.952259241704439 -0.101690988019842 0.287856352273204 0 0 0 0 0 0
-5.80014868364113 -58.1671211816035 -1323.94882998576 -0.104694065228802 0.993782594565816 0.0378854516127714 0.934548559793052 0.0852838573092282 0.345464402031805 0 0 0 0 0 0
-5.3010805189176 -58.0860486620751 -1324.10557089168 -0.314362204326768 0.742164682632903 0.59191890351907 0.916705036389825 0.0753324569038501 0.392398900602893 0 0 0 0 0 0
-4.92026895093007 -57.8038688001942 -1324.04967615286 -0.412314187754705 0.182272393242981 0.892621860161208 0.884121731576335 0.316472233728902 0.343764583738789 0 0 0 0 0 0
-4.49430411154434 -57.4877402670008 -1323.80777515882 -0.563133256783076 -0.412666451519447 0.715952047902117 0.79943817219618 -0.0526822905643325 0.598433943803764 0 0 0 0 0 0
-4.27979763043114 -57.4042055519702 -1323.34285287153 -0.447037553245788 -0.829786968661323 0.334082344082821 0.740813459896254 -0.13411013321652 0.658186819835515 0 0 0 0 0 0
-4.1129900457874 -57.3364667522807 -1322.92337660241 0.133019191222951 -0.982667410742521 -0.129114889269137 0.789355909004166 0.0262588973687635 0.613374045121885 0 0 0 0 0 0
-3.86147884995706 -57.5893287722298 -1322.45074948149 0.420087222544073 -0.56923395648829 -0.706752734862692 0.820819313404118 -0.0937974628812177 0.563433838795505 0 0 0 0 0 0
-3.49271990160903 -57.8431084080057 -1322.17021116782 0.425431455518904 0.0719160072000866 -0.902128685146118 0.903207190696483 0.0288103691479016 0.428236772479582 0 0 0 0 0 0
-3.08723130466808 -58.0290316364031 -1322.18403878946 0.154544441957947 0.93334522307333 -0.324010354813087 0.949018351141406 -0.049043412065213 0.311382261745671 0 0 0 0 0 0
40.209394829682 -1094.78407906715 -1780.55598594888 -0.412879758074378 -0.417105912864574 0.809662252316269 0.0663262123077266 0.872841368558749 0.483475727305312 0 0 0 0 0 0
39.9899132255857 -1094.44615337619 -1780.32160511404 0.534725915156296 -0.442338126326276 0.720003595587148 0.0257713348307053 0.860189705423795 0.509322598147744 0 0 0 0 0 0
39.7993492164857 -1094.16879103218 -1779.87816672853 0.883692443402892 -0.277119409153587 0.377216779243703 0.0407694791484064 0.848409415166185 0.527768238744375 0 0 0 0 0 0
39.8568139434516 -1093.91947228126 -1779.42404203278 0.972564851909116 -0.158999785453418 -0.169813653917368 0.225520148328578 0.823522607982399 0.520529707931953 0 0 0 0 0 0
40.0513014694926 -1093.74461535219 -1778.97536531902 0.63468674997287 0.261652247788117 -0.727125044704349 0.231860361514462 0.833104608571098 0.502172763036766 0 0 0 0 0 0
40.4007105316509 -1093.45195118511 -1778.71905759144 0.0569970511701932 0.382495303733747 -0.922197743859488 0.213161759702503 0.897737586825377 0.38552469363386 0 0 0 0 0 0
40.7626749816704 -1093.02397782665 -1778.65449494572 -0.544590797432013 0.241517175915586 -0.803175147206464 0.229013169396833 0.964070137653506 0.13461700460034 0 0 0 0 0 0
41.0054113254067 -1092.60675769721 -1778.85444907351 -0.891362518451517 0.200210664948792 -0.406679911405188 0.206075769684693 0.97808105010835 0.0298368324024081 0 0 0 0 0 0
41.1485674280326 -1092.0300242445 -1779.02801781434 -0.980803899781325 -0.0189104744653749 0.194077572452972 0.0278560280546999 0.971490814507433 0.235434999583111 0 0 0 0 0 0
41.0178945519509 -1091.48498227057 -1779.16411603912 -0.727267808501898 -0.2699441180031 0.631040179285261 -0.151688790261131 0.959890376078947 0.235798593761989 0 0 0 0 0 0
40.7029728627784 -1091.13844286115 -1779.24942453645 0.114075167018641 -0.227969069701791 0.966962749814578 -0.0225428338686095 0.97247186906711 0.231927325932701 0 0 0 0 0 0
40.4741457386145 -1090.70548391375 -1779.01192760418 0.856345501381973 -0.290532687078095 0.426922873599014 0.244440624398136 0.956293719560931 0.160471502367771 0 0 0 0 0 0
40.568130136531 -1090.41464780931 -1778.62357632665 0.940291580035772 -0.101980540319415 -0.324733296583507 0.198063866372631 0.939832853517376 0.278361118489833 0 0 0 0 0 0
40.8629260967529 -1090.03763540463 -1778.33947632633 0.586097660012844 -0.0388296268703796 -0.809309454414426 0.38989826430652 0.889112723809855 0.2397037918978 0 0 0 0 0 0
41.3041576877165 -1089.86351033991 -1778.20328534716 -0.256479524337844 0.473958873727448 -0.842366452092225 0.487135403317292 0.816123352199478 0.310872599033087 0 0 0 0 0 0
41.7007001072436 -1089.54344960867 -1778.31297262797 -0.830129072990967 0.507306572273469 -0.231356356954594 0.393730389582607 0.827151837029498 0.400994038381938 0 0 0 0 0 0
42.635361668107 -1089.04900011956 -1777.72135684808 0.556516741005423 0.830462859013666 0.0249109770894634 -0.00863710277291015 -0.0241986266437942 0.999669858965571 0 0 0 0 0 0
42.8914077350662 -1089.10804550281 -1777.29107503554 -0.257156201590392 0.953898312751435 -0.15475366526699 -0.100699164946746 0.132816607318406 0.986011879745602 0 0 0 0 0 0
43.0157237220159 -1088.83256055366 -1776.92663610464 -0.914050099467729 0.379946301529139 -0.141962049919561 -0.140735284288397 0.0311633364763001 0.989556681658979 0 0 0 0 0 0
42.9495678943381 -1088.58847945442 -1776.63969233367 -0.763308720103984 -0.645874677190818 0.0143422165956033 0.0636025358161507 -0.0530372540809759 0.996564983890817 0 0 0 0 0 0
416.664867142796 -472.3904387993 -1757.11545485602 0.254751404604891 -0.952889819415631 0.164629019027274 -0.924789358690845 -0.28982712726833 -0.246505331284261 0 0 0 0 0 0
416.33085498296 -472.616653594021 -1757.42716516225 -0.00329593396865317 -0.45356777399004 0.891215692869574 -0.980179170828268 -0.175073654579315 -0.0927254471364364 0 0 0 0 0 0
415.910942982426 -472.962879345732 -1757.54902167557 0.0291557548447622 -0.0417699192302593 0.998701765196663 -0.999435820083756 0.0154471762708532 0.0298232506405351 0 0 0 0 0 0
415.414190273341 -473.085127673634 -1757.44027660055 0.232651997050347 0.469323370577898 0.851826638523289 -0.898013075441138 -0.232631045061629 0.373437160992694 0 0 0 0 0 0
415.126063217103 -473.36577872587 -1757.12021498456 -0.132344254521796 0.954599014490118 0.266881471499178 -0.855019042581659 -0.246151925823179 0.456455546834829 0 0 0 0 0 0
414.857696885013 -473.426433385117 -1756.70770625771 -0.368381288499163 0.822745855380562 -0.432879294651296 -0.887259576840644 -0.17209860112857 0.42796321663684 0 0 0 0 0 0
414.519271072955 -473.360103551041 -1756.33390076566 -0.337256625731225 0.149890339300154 -0.929403493959902 -0.924143326424367 -0.240941768820761 0.296489757433252 0 0 0 0 0 0
415.267912415491 -473.984166997999 -1755.91797353678 0.603527080921576 0.082290895368961 -0.793084655716939 0.0181987841026998 -0.995822515846116 -0.0894780486549365 0 0 0 0 0 0
415.168413077314 -474.361202759996 -1756.22689367943 0.976650498394632 0.150080367808309 -0.153719508144021 0.101590259199852 -0.953102134369391 -0.285089004867286 0 0 0 0 0 0
415.355062704983 -474.707498353993 -1756.60234659713 0.890588575484985 0.0747409016066939 0.448626556105012 0.183601719926655 -0.961539613976634 -0.2042840649528 0 0 0 0 0 0
415.622829879876 -475.082086665441 -1756.78790659898 0.148122129481571 -0.0146962401467755 0.988859876465515 0.0855969180191775 -0.995946849272394 -0.0276231976789525 0 0 0 0 0 0
415.923919576291 -475.351541961688 -1756.7255020777 -0.65713698127267 -0.278804496830059 0.700313530064342 0.295507665784474 -0.949995194785252 -0.100917537363644 0 0 0 0 0 0
415.940295738138 -475.86880945694 -1756.65939382997 -0.683917759998207 0.179820809840767 0.707050899092311 0.027907020921415 -0.961990738795007 0.271652382017771 0 0 0 0 0 0
416.060612715994 -476.240081002169 -1756.27011267778 -0.999287302981164 -0.00661402915464705 -0.0371637016317476 -0.00947540249027116 -0.909055657709047 0.416566954924198 0 0 0 0 0 0
415.867843080084 -476.497949390363 -1755.87346878361 -0.582560512253533 -0.294249309909955 -0.757654666177419 -0.0183318970339063 -0.927174523697237 0.374180897639015 0 0 0 0 0 0
415.55438637935 -476.039168656587 -1754.979848487 0.437253027581617 -0.265797310771357 0.859163301973161 -0.735530129757304 -0.65540745155603 0.171570687076884 0 0 0 0 0 0
415.297749677133 -476.481920785052 -1754.86258997607 0.327729345157379 0.308994959932774 0.892813301345169 -0.575139046984797 -0.684472683019245 0.448009177175932 0 0 0 0 0 0
415.231349400784 -476.901480215726 -1754.66579210441 -0.216212707962892 0.692089130320145 0.688668788757019 -0.562931919353929 -0.664674377174999 0.491238869084613 0 0 0 0 0 0
415.104847960464 -477.263461106163 -1754.24335456817 -0.503090807871749 0.85901293540438 0.0948494377574346 -0.712533533447298 -0.474385258871433 0.516966720281481 0 0 0 0 0 0
414.734739905401 -477.293611685678 -1753.85823681567 -0.53075274573413 0.52261430038934 -0.667214969799272 -0.842890838528824 -0.243261961973232 0.479956927422773 0 0 0 0 0 0
347.884473414808 -139.117615747624 -2174.07550441209 0.315692861809499 0.758664200589417 0.569883012333716 -0.555453761762291 -0.33917502844816 0.759230807213004 0 0 0 0 0 0
347.868054017414 -139.343234441156 -2173.61344905908 0.00195829962227032 0.937442381694515 0.348134953811744 -0.465012410962923 -0.307352081328175 0.830239818217417 0 0 0 0 0 0
347.835911172912 -139.498156693619 -2173.08000864012 -0.437801012102819 0.888268721625789 -0.138956655051257 -0.665067424284285 -0.215960008403309 0.714875231020287 0 0 0 0 0 0
347.612228375005 -139.304434296421 -2172.65472259246 -0.774046621740613 0.190482183700267 -0.603794969393355 -0.624618295602487 -0.0739097669376546 0.777424807392886 0 0 0 0 0 0
347.343476397054 -139.068904966723 -2172.23879344585 -0.503187420766375 -0.493053694335397 -0.709718587952084 -0.776443510457359 -0.102606495906957 0.621777598556227 0 0 0 0 0 0
346.799678892279 -139.010370753692 -2172.25869125775 -0.103362714969826 -0.943035367513604 -0.316228469263205 -0.859725319432846 -0.0751755403331561 0.505194035259433 0 0 0 0 0 0
346.321452311253 -139.029141230384 -2172.2414002367 0.341022385757483 -0.82542930432376 0.449855750186511 -0.790256579581032 0.00744499604289661 0.612730862991909 0 0 0 0 0 0
345.860159656837 -139.212111081362 -2172.13189555143 0.623177698438393 -0.133526750042332 0.770597276917171 -0.766892253934801 0.0889094614451467 0.635587427912428 0 0 0 0 0 0
345.576374213235 -139.433832967918 -2171.79879749757 0.609100004522616 0.423826660656592 0.670349271803312 -0.772904640737858 0.127717914171404 0.621535639143556 0 0 0 0 0 0
345.463565164541 -139.593194502868 -2171.26859163532 0.116249696572328 0.993214093979633 -0.00343097173691115 -0.772952918018281 0.0926376700193514 0.627663961543445 0 0 0 0 0 0
345.344480119725 -139.495866177023 -2170.81875281939 -0.460402544871878 0.629065549325905 -0.626343381322735 -0.653995670690942 0.236742586792751 0.718500250741906 0 0 0 0 0 0
345.796438252848 -139.062844886889 -2170.15526710968 -0.156476084908309 0.789908847678521 -0.592924318282662 -0.749315295540658 0.29615817733922 0.592298000894759 0 0 0 0 0 0
345.604919039595 -138.728099331756 -2169.83025417426 -0.449960850419066 0.179942672761539 -0.874731883270288 -0.716670749396796 0.51165787465384 0.473908489334967 0 0 0 0 0 0
345.326790594249 -138.241286090922 -2169.82484776905 -0.664627042827081 -0.493917236958542 -0.560639507150691 -0.682802389894479 0.70618457443046 0.18730788341887 0 0 0 0 0 0
345.012830816232 -137.869757669803 -2170.04997734499 -0.610637534178022 -0.781766600608168 -0.126343911711386 -0.785013143746693 0.618576357395916 -0.0334313358353162 0 0 0 0 0 0
344.640451409227 -137.664554161595 -2170.28925591954 -0.461190678182663 -0.632083874502963 0.622714327722382 -0.816245749188171 0.577410980787384 -0.0184237943538658 0 0 0 0 0 0
344.257976928683 -137.729494655777 -2170.43387728593 -0.207419077390779 0.228262197060502 0.95124849315385 -0.904591594768222 0.325429321513629 -0.275335801111778 0 0 0 0 0 0
343.575083615224 -138.231148609326 -2170.6724187193 -0.202337014046135 -0.187661591498709 0.961167446298025 -0.528670926311081 0.847101115166233 0.0540994672571497 0 0 0 0 0 0
343.137247441676 -138.062190063295 -2170.5905788425 0.500956652858707 0.30031166579903 0.811699042343659 -0.515958359381427 0.856612342051986 0.00150559909621263 0 0 0 0 0 0
342.759676605434 -137.837700284226 -2170.28745632183 0.76837644127385 0.628913239287259 -0.118599249342232 -0.638218970574223 0.739160670626637 -0.215216283301147 0 0 0 0 0 0
367.793260430614 121.912250757018 -2297.9061491334 -0.187547449814655 -0.682755700158959 -0.706166133405213 0.727775549115102 -0.579410051561776 0.366915170386007 0 0 0 0 0 0
367.914160295106 121.441503884899 -2297.71820806583 0.281607534902214 -0.0768661008108294 -0.956445920495476 0.748473652743674 -0.606118911449208 0.269085592947985 0 0 0 0 0 0
368.129966503376 120.981914312112 -2297.60373770497 0.424708311433103 0.466769867456996 -0.775724655424733 0.876990777969266 -0.424823812430407 0.224525953397279 0 0 0 0 0 0
368.465297751086 120.733554548227 -2297.76316276465 0.464937098847921 0.880850950313425 -0.0890791639319445 0.884531028108319 -0.466463192770058 0.00411705044954302 0 0 0 0 0 0
368.882842573573 120.648750646486 -2298.0509170041 0.390614800069076 0.692436634247227 0.606590129757622 0.914553902052137 -0.367016414766849 -0.169970913784972 0 0 0 0 0 0
369.44820586981 120.668219318746 -2298.19587112803 0.069741577121469 0.302118182476244 0.950715896699882 0.90138822680078 -0.427367716486577 0.06968571941219 0 0 0 0 0 0
369.929234637821 120.751388789411 -2298.13654331787 -0.35787412477761 -0.396290345779008 0.84550580876598 0.907189619122976 -0.36206323905716 0.214283004176599 0 0 0 0 0 0
370.370112372311 120.621536929066 -2297.90564548789 -0.644068427584258 -0.664514098711552 0.378941780756248 0.764057798921511 -0.534668749155678 0.361033251354384 0 0 0 0 0 0
370.614588736342 120.020057503361 -2297.61043240624 0.197448270903864 -0.330773246158756 0.92282351505728 -0.803540320254326 0.484624272239018 0.345633141469938 0 0 0 0 0 0
370.174282689029 119.977726894445 -2297.40855938353 0.599676087615637 0.525121358363346 0.603851098312024 -0.729164325093729 0.669454352160104 0.141951602261132 0 0 0 0 0 0
369.937140656584 120.120211692458 -2297.16125066329 0.410664605167857 0.797493308437223 -0.441994349579471 -0.908013617325548 0.401754413043193 -0.118763051289923 0 0 0 0 0 0
369.680326595838 120.548364341179 -2297.01043447645 0.328435739942655 0.297215050773679 -0.896545134570436 -0.805635079440824 0.583625439312416 -0.101653653951871 0 0 0 0 0 0
369.52446557181 121.032091504468 -2297.05565169809 -0.0540007856452518 -0.306899399055321 -0.950208752858644 -0.821796067455929 0.554210162384847 -0.132296331858946 0 0 0 0 0 0
369.361300745438 121.473575712529 -2297.34978221164 -0.486839371618365 -0.717945828587651 -0.497535137910708 -0.74987269028874 0.635633326911067 -0.183469948708489 0 0 0 0 0 0
369.08389588701 121.742846260663 -2297.74005562407 -0.60513678567313 -0.793613050257434 0.0631490070094844 -0.788900344273779 0.608417837033143 0.0863943423183748 0 0 0 0 0 0
368.638891088352 121.956926679465 -2297.97959799098 -0.350674409644238 -0.558439015331245 0.751780103871162 -0.77467311097672 0.624048047676025 0.10220374416523 0 0 0 0 0 0
369.008519458711 121.282462535256 -2298.38407774622 -0.586561812610891 -0.722297930454727 0.366375408082263 -0.809440774770504 0.53811982538381 -0.235016351915828 0 0 0 0 0 0
368.667484934838 121.442645627808 -2298.67463120135 -0.430941921030476 -0.469248073259457 0.77077578220962 -0.826381651290424 0.548319644271981 -0.128214406819048 0 0 0 0 0 0
368.250168767535 121.354276436752 -2298.84924946737 -0.194470241051802 0.132542731440533 0.971912418733055 -0.799098341189731 0.553225436624902 -0.235336901864128 0 0 0 0 0 0
368.324314587567 121.066246928385 -2299.70624740293 0.911178212036926 -0.0440624431727234 0.409649566106009 0.163019366764498 0.951683297065895 -0.260237560981289 0 0 0 0 0 0
51.5299377412304 363.123011794251 -1579.68518670884 -0.770804172211155 0.58495122179407 0.25237471391465 0.636923994644064 0.716120703087082 0.285480233390531 0 0 0 0 0 0
51.773293926932 363.522408484588 -1579.79546661228 -0.578700787400764 0.14508026206775 0.802531691723192 0.555570256974585 0.790523761895498 0.257708888949884 0 0 0 0 0 0
51.8473771217867 364.017584653 -1579.79251978274 0.0759998755320389 -0.472660420632294 0.877961357741227 0.701457651384636 0.651123795022032 0.289818851819647 0 0 0 0 0 0
51.9856850404951 364.43309814994 -1579.52542197319 0.481658309259565 -0.790615560264063 0.37806389537955 0.73730479039038 0.598768623097357 0.312822285110082 0 0 0 0 0 0
52.2113278171613 364.408044188337 -1579.0445528008 0.882914111003549 -0.37896103078457 -0.277220507425965 0.450597574024528 0.517873746440266 0.727164774333255 0 0 0 0 0 0
52.49323868924 364.421991719583 -1578.6054444445 0.723444073822288 0.155012461302968 -0.672755385628542 0.48639916232065 0.577107263716152 0.656020625483548 0 0 0 0 0 0
52.9798034518002 364.433845440291 -1578.34948806096 0.322886100998963 0.532843058548866 -0.782191051302671 0.648343170186432 0.477554199061396 0.592952882303 0 0 0 0 0 0
53.5225141373603 364.436462010363 -1578.21008033092 -0.14046544346339 0.868063521810133 -0.47616717788527 0.630218454822119 0.449313708651694 0.633199723957048 0 0 0 0 0 0
53.9413354715406 364.696055498942 -1578.11964774998 -0.766595578116347 0.640507402472212 -0.045623316306074 0.534162693772903 0.675520521800492 0.508273785678219 0 0 0 0 0 0
54.2197564985279 365.084103197014 -1578.07804632021 -0.878240523872834 0.125703279846797 0.461402500712044 0.437327030610634 0.601490411558691 0.668546447975189 0 0 0 0 0 0
54.7917786630761 365.656018071971 -1577.59073111186 -0.387008453672945 0.789445937102047 0.476444717862153 -0.921496123174882 -0.312808430614385 -0.230208124770237 0 0 0 0 0 0
54.4065440348151 365.487999122696 -1577.3552818766 -0.256047305232794 0.82125558617973 -0.509881397632443 -0.77622761672917 -0.489037993810864 -0.397885068375779 0 0 0 0 0 0
53.936024468471 365.57413414713 -1577.51066551589 0.242204675212226 0.540369832426368 -0.805814705443403 -0.725296038020108 -0.450805320689123 -0.520307812809602 0 0 0 0 0 0
53.522266412945 365.721677019994 -1577.74148141799 0.6847340294591 -0.361402838142731 -0.632872260004405 -0.72051651786141 -0.466198727867909 -0.513336822781312 0 0 0 0 0 0
53.4051718820353 365.634250054015 -1578.225603385 0.567723785183072 -0.818875098596516 -0.0844587274113884 -0.606692516721719 -0.346844436730143 -0.715278356210515 0 0 0 0 0 0
53.2981446472803 365.446482793296 -1578.77209499652 0.259928828899422 -0.849421162782071 0.459261028310621 -0.548392906220533 -0.52132038912362 -0.653827402523781 0 0 0 0 0 0
53.3086204707455 365.143500185212 -1579.23774255609 -0.210371259997303 -0.692800048508177 0.689762296558906 -0.42578783899085 -0.570187605779733 -0.702560182747839 0 0 0 0 0 0
53.3466957601786 364.652490780149 -1579.46816180192 -0.750850603894909 -0.0827413397192773 0.655268831344899 -0.423983101966308 -0.70033161345212 -0.574259488773653 0 0 0 0 0 0
53.2124255492465 364.15470544344 -1579.50581709946 -0.895972632745292 0.424112576252702 0.131763287890696 -0.409228593718063 -0.673171181579313 -0.615932235213135 0 0 0 0 0 0
52.8885928103824 363.748248727274 -1579.46997777694 -0.440041157118053 0.791405710680386 -0.424312127029948 -0.542111607552472 -0.610823471793223 -0.577069918868892 0 0 0 0 0 0
1450.56014324492 -408.145567060166 -2140.40229512475 -0.894887480692549 0.176285504976165 -0.409999777603649 -0.379953886562143 0.180988401306812 0.907126365331053 0 0 0 0 0 0
1450.30211900271 -407.753103812691 -2140.03717711539 -0.803555674671874 -0.439593672883285 -0.401317431048807 -0.513574820837473 0.171208308643497 0.84079047238488 0 0 0 0 0 0
1449.97037562776 -407.486236910866 -2139.83534372408 -0.515399641171935 -0.848605534922556 -0.119297342714089 -0.606520168329862 0.262884849543513 0.750349812613823 0 0 0 0 0 0
1449.45833861504 -407.385463137209 -2139.69096469922 -0.0223209536689791 -0.98941326246218 0.14339864396588 -0.649234327206182 0.123419977502566 0.750508026293125 0 0 0 0 0 0
1448.95707965454 -407.394333403983 -2139.43845085607 0.596609198077153 -0.693122608360281 0.404522576069095 -0.407851127875276 0.17224799769532 0.896653826613603 0 0 0 0 0 0
1448.69932369883 -407.444831922216 -2139.03558769648 0.954384293643744 -0.104274899516841 0.279780923897404 -0.224032493766313 0.369359949977811 0.901877302679935 0 0 0 0 0 0
1448.71318917921 -407.401279124904 -2138.54626164119 0.963115065899965 0.254601713842369 -0.0871053221395525 -0.0286297038412948 0.418819164994293 0.90761822761084 0 0 0 0 0 0
1448.3062927302 -407.410833101656 -2137.61322204903 0.76410295431696 -0.197475451582535 0.614125493060147 0.580114455096921 -0.206049611053849 -0.788042369909233 0 0 0 0 0 0
1448.7013586138 -407.24552790088 -2137.88561186759 0.381205423470487 -0.802407485488011 0.459156457375364 0.556732587007623 -0.19725464947666 -0.806932109798365 0 0 0 0 0 0
1449.17044700047 -407.225142328125 -2138.03517631112 -0.244900483211443 -0.968920375057268 -0.0348863887739172 0.355997679786332 -0.0563952976002737 -0.932783588189311 0 0 0 0 0 0
1449.47422415549 -407.444304914214 -2138.47415932493 -0.688890396975393 -0.711241106988752 0.139878907217994 0.103130455344118 -0.287179007091531 -0.952308945178211 0 0 0 0 0 0
1449.66174485557 -407.802494214628 -2138.78630415311 -0.993209537465618 -0.110223678652769 -0.0372230486605237 0.078887829402298 -0.402917478167517 -0.911830146551057 0 0 0 0 0 0
1449.64901956807 -408.267593423027 -2138.99056236037 -0.669577166180369 0.627559159313322 -0.397285690771546 0.242554669223203 -0.320812797151841 -0.915557961912644 0 0 0 0 0 0
1449.49503993609 -408.536252262185 -2139.41165416646 -0.0766897148976106 0.944681338157387 -0.318897878585124 0.146432379747523 -0.305700242496087 -0.940800148756 0 0 0 0 0 0
1449.4073480111 -408.525290213149 -2139.97593647856 0.459587091838258 0.885198855505309 0.0721296834024969 0.259770173543851 -0.0563173632304934 -0.964026872828638 0 0 0 0 0 0
1449.39119747915 -408.302794897532 -2140.44466580906 0.898298218487709 0.31241459062031 0.308961865331875 0.281878391250862 0.129647724976575 -0.950650324753652 0 0 0 0 0 0
1449.49965497072 -407.971866041458 -2140.80046346608 0.926330786468612 -0.334800360208764 0.172684663026354 0.239668329072851 0.17011366788035 -0.955834939746252 0 0 0 0 0 0
1449.78760731541 -407.722950430184 -2141.14063454313 0.488896041169046 -0.871920273957782 0.0271237311338466 0.364871405107995 0.176147405419443 -0.914243375310161 0 0 0 0 0 0
1450.21127619973 -407.587028982656 -2141.40882349377 -0.291900797266188 -0.92659086532761 -0.237114514205257 0.245743920638082 0.16693087992364 -0.954852871806617 0 0 0 0 0 0
1450.51903165067 -407.810254285161 -2141.76610968598 -0.904388202314107 -0.331544339098664 -0.268626749834575 0.217724581145054 0.182875896766764 -0.958724367660989 0 0 0 0 0 0
229.883666007029 -36.6580786532429 -2279.32142580309 -0.303650585015951 0.644620704064234 -0.70161276364616 0.943492509492811 0.100849852780793 -0.315675769936577 0 0 0 0 0 0
230.265784684262 -36.7836040991313 -2279.70147086492 -0.294449362142158 0.946170799898384 -0.134388952498816 0.882709234153326 0.215378471432143 -0.417655985212714 0 0 0 0 0 0
230.39253536241 -36.5817354835281 -2280.10578674893 0.297277339987793 0.736514611954466 0.607595597011158 0.77979280349486 0.179922177789924 -0.5996258779914 0 0 0 0 0 0
230.480740673115 -36.2603488604963 -2280.49218444941 0.735559558918821 0.0139178410430953 0.677317081568041 0.674881974254861 0.0720858963861323 -0.734396312877502 0 0 0 0 0 0
230.871312023794 -36.0588259234854 -2280.65699161286 0.347840034142788 -0.872770104949315 0.342461172330977 0.508958086293527 -0.130983806696808 -0.850767247124408 0 0 0 0 0 0
231.2849261233 -36.0863312027645 -2280.89944383876 -0.368400669551153 -0.924962248198498 -0.0934119161662016 0.450483157749644 -0.0897157621509843 -0.888265729725952 0 0 0 0 0 0
231.635807970302 -36.3725749568019 -2281.09499430342 -0.785319344612635 -0.089875286297633 -0.612532415379056 0.617679644251987 -0.0469796889278408 -0.78502532819329 0 0 0 0 0 0
231.769312693849 -36.6533365349271 -2281.48919403614 -0.453729930445659 0.787239158962665 -0.417592692481004 0.584852102353324 -0.090501445181288 -0.806075372898214 0 0 0 0 0 0
231.764758574824 -36.7334612333051 -2281.9757560594 0.362041465736161 0.884201811135316 0.295149342321203 0.656915261120721 -0.0173687925384056 -0.75376432971616 0 0 0 0 0 0
231.998643910707 -36.6436271893314 -2282.41870846252 0.710476255268638 0.312298391983875 0.630629213614259 0.666232163203397 -0.00991190576871552 -0.74567852244607 0 0 0 0 0 0
232.459097382711 -36.5279832416093 -2282.85715354844 0.483645029999705 0.189003202768444 0.854614108413765 0.848861057883434 0.136727838508909 -0.510627459686314 0 0 0 0 0 0
232.827839562021 -36.2736402595794 -2283.04687884095 0.357004857907941 -0.339586765910066 0.870188692094349 0.929223384515188 0.0340175812251253 -0.367949325094818 0 0 0 0 0 0
233.294952704218 -36.0601494070332 -2283.09715699727 0.078452093199613 -0.867413889437494 0.49136383005215 0.907519407612223 -0.141861697828828 -0.39532743832965 0 0 0 0 0 0
233.755113983694 -36.1471782701953 -2282.96200361441 -0.294575701819928 -0.854930369428685 -0.426988547066347 0.892977026622575 -0.0871378167691281 -0.441586945926865 0 0 0 0 0 0
234.227123529341 -36.423331668 -2282.97241391696 -0.518640098945848 -0.237957895377449 -0.821211597454016 0.845906220896986 -0.282469842800824 -0.452386398287855 0 0 0 0 0 0
234.571720737491 -36.8151261047961 -2283.09257871165 -0.285788208530517 0.424824450039868 -0.858981540263376 0.856633746438474 -0.2885277729875 -0.427703575712968 0 0 0 0 0 0
234.751304843547 -37.2258015025229 -2283.44235529944 0.128484147627919 0.843711622506338 -0.521193363211822 0.814388879628256 -0.389667791982454 -0.43003460864139 0 0 0 0 0 0
234.993433258369 -37.3379131849409 -2283.89822899905 0.413950344359271 0.793403615059459 0.44626877105106 0.892300167227967 -0.256651587810276 -0.371389787203965 0 0 0 0 0 0
235.276722217142 -37.1452172771544 -2284.23802024968 0.532545670577717 0.0266307416686586 0.845982217512346 0.804238205744969 -0.327451743055771 -0.495959942323824 0 0 0 0 0 0
235.762465479811 -37.0682189731306 -2284.35105736845 0.402934507515981 -0.671953251630412 0.621387648956889 0.704993587170985 -0.205079162820757 -0.678915737794113 0 0 0 0 0 0
1422.3839061152 -406.253776807423 -2135.02278249695 -0.547323404041446 -0.710658482260711 -0.442042546571466 0.817093222166544 -0.339451559539184 -0.46597350248261 0 0 0 0 0 0
1422.77635102384 -406.558057829971 -2135.08988130758 -0.723725345452837 -0.351681085037345 -0.593752506332502 0.684011118321125 -0.479508513543963 -0.549727546564608 0 0 0 0 0 0
1422.96717621785 -407.044644579384 -2135.2817445042 -0.576041730223334 0.30188607154131 -0.759631966711948 0.58888092761229 -0.491251884629494 -0.641787222483012 0 0 0 0 0 0
1423.13671732329 -407.41207954846 -2135.72187960204 -0.343219272512225 0.691386332589176 -0.635755825836515 0.51740972530682 -0.425735963124247 -0.742318035521562 0 0 0 0 0 0
1422.9914108483 -407.633435865973 -2136.1426441543 0.401810223300638 0.860774809183361 -0.312434428842982 0.531993488918974 -0.497132117027878 -0.685450644442908 0 0 0 0 0 0
1422.91221769276 -407.676383997326 -2136.6557164373 0.781891234820803 0.622779657192507 -0.0281353069573444 0.357563971982207 -0.484971986199602 -0.798091585309556 0 0 0 0 0 0
1422.99472258874 -407.621587327216 -2137.20928021858 0.851031648843463 0.344688126375292 0.396150512056552 0.517470600816387 -0.422238960030191 -0.744270406454099 0 0 0 0 0 0
1423.3070511223 -407.937513869502 -2137.58757711848 0.691619623398239 0.263441191377603 0.672503557772021 0.713969546970137 -0.390056289560202 -0.581466746232134 0 0 0 0 0 0
1423.4971288691 -408.091190867997 -2138.6772784008 0.975096596390841 0.179576305495203 -0.130149829856554 0.106361971514254 0.136302534703201 0.984940988104914 0 0 0 0 0 0
1423.70919635753 -408.265620799365 -2138.28591853003 0.61205057747082 0.766523505586972 -0.19451428225273 0.177408886247002 0.106609921292147 0.978345752667573 0 0 0 0 0 0
1424.03800052402 -408.369735020851 -2137.92965487906 -0.0437976975719196 0.994855954961969 -0.0913421620288633 0.0920151727581233 0.0950582950373491 0.991209931612313 0 0 0 0 0 0
1424.12650049325 -408.23387775694 -2137.39375522828 -0.375291477855762 0.849784580695703 -0.370165467136883 -0.212375373377057 0.309898526049859 0.926746785446317 0 0 0 0 0 0
1424.14352657832 -407.834707522523 -2136.92226344183 -0.701663138390059 0.407461579857114 -0.584503123314972 -0.35593118573156 0.510206818988992 0.782944437927021 0 0 0 0 0 0
1424.08216288176 -407.300600420833 -2136.69442392445 -0.874032083729022 -0.293865664382413 -0.38692491249516 -0.4831811308531 0.442075764743504 0.755714901939856 0 0 0 0 0 0
1423.7913657349 -406.865369916792 -2136.57380880808 -0.678962412013004 -0.731127212788121 -0.0668060011837031 -0.562021378982689 0.459052840948621 0.688042483269309 0 0 0 0 0 0
1423.3550775821 -406.594722920858 -2136.54309984189 -0.168766945001573 -0.909970473408083 0.378776260872176 -0.788509447791064 0.355224927522053 0.502063842166694 0 0 0 0 0 0
1422.82448724876 -406.516378830309 -2136.42221362354 0.163134297772872 -0.803842055489337 0.572035969775354 -0.671281440630998 0.334470848262627 0.661445749194029 0 0 0 0 0 0
1422.36864116951 -406.658880959165 -2136.24024873336 0.563418132887383 -0.218644256241186 0.796714940707424 -0.735501935631853 0.306483906874666 0.604238791793972 0 0 0 0 0 0
1421.97247041977 -406.847720740735 -2135.89509166113 0.685481355691544 0.275162022239651 0.674092851554049 -0.727325725503247 0.21637222474113 0.651291293801591 0 0 0 0 0 0
1421.74821514341 -407.132869441216 -2135.41038197323 0.528955458033469 0.816321132981182 0.232004162171552 -0.670748676210772 0.2346650952698 0.703582622314901 0 0 0 0 0 0
746.844137234549 12.0941582128318 -2087.67266155059 0.263077264835122 0.723646994027236 0.638063774839331 0.929781964491662 -0.01366448462565 -0.367857010760896 0 0 0 0 0 0
747.227503367637 12.4198846975599 -2087.92547572133 0.238476673988489 0.147096919493363 0.959943421373859 0.955881532357124 0.139025203159974 -0.25877111311915 0 0 0 0 0 0
747.634424480142 12.7336911298673 -2087.97885719887 0.221135513559087 -0.409003222574518 0.88533352391436 0.956559995879481 0.267807079035071 -0.115205653948715 0 0 0 0 0 0
748.053252128844 13.0133021814929 -2087.85383391314 0.160458477716236 -0.872568625354042 0.461386032489872 0.982102547522292 0.0944304826231414 -0.162964628376178 0 0 0 0 0 0
748.625128211982 13.0759146151753 -2087.63369430299 -0.0506541713943031 -0.991665282968131 0.118465697465947 0.993514063673184 -0.0621258140279188 -0.095237537320984 0 0 0 0 0 0
749.0638292509 12.9864054497033 -2087.42717283588 -0.115955366153741 -0.793186122156345 -0.597837878256916 0.993237623758406 -0.0960981419980817 -0.0651472935375837 0 0 0 0 0 0
749.560386940269 12.6908497676644 -2087.43153897992 -0.334024706542361 -0.45269577089981 -0.826736980199093 0.937878219715165 -0.246981821423223 -0.243689197278787 0 0 0 0 0 0
749.944873479777 12.3626584618973 -2087.55158339464 -0.368802458727627 0.0272739172977284 -0.929107571743818 0.927666555538172 -0.052084145516381 -0.36975938598198 0 0 0 0 0 0
750.320098727274 12.1222988077076 -2087.88010452509 -0.458191393054744 0.601298731061917 -0.654599483160414 0.877435376806513 0.188314954713043 -0.441185490876385 0 0 0 0 0 0
750.964793403517 12.2057123461445 -2088.19653405266 -0.278914748637462 -0.37266210998507 -0.885059045925173 -0.956000649172573 0.195022670211295 0.219155006525693 0 0 0 0 0 0
750.567178707122 12.4891067226257 -2088.37294376358 -0.232342661431369 -0.934935583839478 -0.26816476604827 -0.96333092394291 0.183158967870054 0.196077340516635 0 0 0 0 0 0
750.067376557556 12.5713090146517 -2088.60220110556 -0.0987287176067414 -0.951664893874668 0.290837704031383 -0.944970681626916 0.181266101613258 0.27234722556232 0 0 0 0 0 0
749.56165941782 12.459660916824 -2088.68057113996 0.230592119898673 -0.480241344932342 0.846283359672286 -0.933084630235263 0.137565958263315 0.332308109960949 0 0 0 0 0 0
749.113054589568 12.2671569032901 -2088.42621818214 0.389838156652106 0.152791874552475 0.908119405523761 -0.920048171067624 0.106613388161141 0.377021151104181 0 0 0 0 0 0
748.875239120647 11.9711017570696 -2088.01559454026 0.232922389254432 0.826466144750869 0.512543531970352 -0.862865787463576 -0.0674650265837238 0.500910274413412 0 0 0 0 0 0
748.581404954221 11.8481123685807 -2087.58861464705 -0.000924369591944835 0.998985732969948 0.0450183391892053 -0.911466991636973 -0.0193609865962965 0.410917358302451 0 0 0 0 0 0
748.209741613259 12.0362037430134 -2087.1853959713 -0.0773526334097645 0.841022853490171 -0.535441061193316 -0.908057460111959 0.162306603176196 0.38611943191249 0 0 0 0 0 0
747.861774592071 12.3254166824858 -2086.90156326206 -0.173296047152105 0.336701153267711 -0.92552731641462 -0.952559452804832 0.18143278434406 0.244361686107543 0 0 0 0 0 0
747.497090062493 12.602562867815 -2086.75264763357 -0.155037000573346 -0.121755858325582 -0.980376988416508 -0.980202720030287 0.142666511988705 0.137291274311965 0 0 0 0 0 0
747.208496961442 12.9444334386927 -2086.8315815157 -0.332941601449096 -0.819670724504461 -0.46614353306127 -0.933090706080158 0.215098435342206 0.288226295365581 0 0 0 0 0 0
724.447181942013 136.215475197749 -1751.5372608265 -0.209212552072604 0.965834063718808 -0.152953160855479 -0.358642305661464 0.0697289490817163 0.930867106653677 0 0 0 0 0 0
724.588169197878 136.411341930837 -1751.04523035514 -0.833487331656336 0.475920643314238 -0.280710543506587 -0.241450060201826 0.143249424027192 0.959781991362837 0 0 0 0 0 0
724.539123923178 136.846400985017 -1750.7575633222 -0.96484067079858 -0.0375554441784838 -0.260138556514607 -0.259717034411597 0.288235418240819 0.921665560660691 0 0 0 0 0 0
724.320406964348 137.220466550417 -1750.39936144319 -0.813047853943476 -0.544697108831074 -0.205568107519083 -0.313935031399792 0.112817704306409 0.942717858988066 0 0 0 0 0 0
723.843254475159 137.389277341154 -1750.04237770109 -0.249237387911164 -0.944529509580708 -0.213880176730915 -0.537350100354999 -0.0488572974779637 0.841942892440825 0 0 0 0 0 0
723.397547226472 137.308225351628 -1749.78723148665 0.326057141013963 -0.944654832288136 0.0362489810680805 -0.495509107354733 -0.138123419396111 0.857550374930151 0 0 0 0 0 0
722.919403069145 137.074394811113 -1749.55909673817 0.791022485792884 -0.580016793369805 0.194586603801637 -0.380622846186334 -0.217566536826943 0.898771968306836 0 0 0 0 0 0
722.721813630945 136.789385971365 -1749.1909877552 0.967581337047719 0.0800538382979606 0.239536509055953 -0.224620008194427 -0.160839648763415 0.961080880729815 0 0 0 0 0 0
722.741247885848 136.692426918696 -1748.69254763775 0.592901841764703 0.796831738542866 0.116303854118321 -0.261754372393131 0.0541173028255664 0.963616088526942 0 0 0 0 0 0
722.41359287939 136.607932727725 -1748.2099425336 0.476981987917703 -0.8646890322576 0.157483525155779 0.739937361210448 0.298364114368659 -0.602886023010921 0 0 0 0 0 0
722.904745590129 136.827417783811 -1748.24631314495 -0.0396446125758379 -0.959557432981464 -0.278707440703932 0.670597009460214 0.181230277132968 -0.719343615772966 0 0 0 0 0 0
723.390353640603 136.778260837607 -1748.42955552465 -0.583652604646542 -0.648017446583193 -0.489308722600676 0.498928435007717 0.189228372278851 -0.845732250694891 0 0 0 0 0 0
723.768853049828 136.598824639516 -1748.80159363123 -0.903299913920729 -0.108349559912895 -0.415101961423317 0.410548305101157 0.0624694537963047 -0.909696463948805 0 0 0 0 0 0
723.897094710338 136.372537972645 -1749.29202109078 -0.820389071596232 0.533048118955645 -0.206933501597304 0.246369022170991 0.00293476255663521 -0.969171652538004 0 0 0 0 0 0
723.815788448424 136.192022599704 -1749.78808066166 -0.374035697201784 0.92732129576471 0.0131343686576457 0.143399750153328 0.0718208185249637 -0.987055358975558 0 0 0 0 0 0
723.60199009465 136.226916872231 -1750.31120384681 0.249362471228679 0.938944248472998 0.237069728565679 0.118373049437363 0.213414053313527 -0.969764024397271 0 0 0 0 0 0
723.407914492899 136.527378970892 -1750.72018336116 0.702653001827551 0.62999447413557 0.330735122993277 0.194149232725832 0.277427016106111 -0.94092525004191 0 0 0 0 0 0
723.393247507554 136.808364862298 -1751.12226691783 0.91817609879125 -0.0209764661780516 0.395616783611567 0.381005841926814 0.320414305165702 -0.867276900109083 0 0 0 0 0 0
723.663077514933 137.093052608729 -1751.4093677639 0.79416891748322 -0.526524860569048 0.303425941056916 0.521550762324506 0.334280215979817 -0.785010534657474 0 0 0 0 0 0
723.98982101775 137.402748664073 -1751.61738463832 0.339408824260661 -0.938580123275198 -0.0622013038987947 0.644481296387416 0.280204491880175 -0.711427650107141 0 0 0 0 0 0
40.2171379459532 -1091.81803264165 -1778.32315908775 0.541511715858421 0.30319708298101 -0.784115164028777 -0.140652900828685 -0.886880035297147 -0.440068817890802 0 0 0 0 0 0
40.0215010115502 -1092.10111642236 -1778.76949076161 0.935634228938649 0.064797303553805 -0.3469724759841 -0.135630584691399 -0.841537705327135 -0.522894477891104 0 0 0 0 0 0
39.9665228639963 -1092.25969121555 -1779.23180003469 0.847190924272729 -0.373599092869242 0.377744961101003 -0.0549429741491747 -0.768793773316364 -0.637132171297001 0 0 0 0 0 0
40.157514259306 -1092.64313765382 -1779.63152968505 0.375246307483811 -0.473749719782952 0.79671287910096 0.00928151232994708 -0.857558853295339 -0.514302116137638 0 0 0 0 0 0
40.4786704820637 -1093.04252494394 -1779.82516270799 -0.146285201311755 -0.291933231956828 0.945185499230929 0.141094378581074 -0.951852800030372 -0.272155513277171 0 0 0 0 0 0
40.8021100504156 -1093.46769056005 -1779.84353207207 -0.653844226252914 -0.258816019018762 0.710986635665543 0.116950058747519 -0.96295371321025 -0.242987304140658 0 0 0 0 0 0
40.9666950076152 -1094.00717161011 -1779.69063154764 -0.914076154309497 0.0146194585327354 0.405278984842505 -0.0796527193573294 -0.986356528554734 -0.144070270619714 0 0 0 0 0 0
40.898752752251 -1094.47321740427 -1779.48915343173 -0.926588281582114 0.231697328235492 -0.296227116454991 -0.163307658051834 -0.957427193860478 -0.23804154527745 0 0 0 0 0 0
40.6224972477509 -1094.95261099188 -1779.46532975498 -0.518912792121592 0.420125104109403 -0.744462498094859 -0.033306011485244 -0.880167743480788 -0.473492822474515 0 0 0 0 0 0
40.2857268988049 -1095.2706421011 -1779.5824384855 0.256012099520129 0.313196153346204 -0.914530466648562 0.115015185948777 -0.949207988169485 -0.292874891713864 0 0 0 0 0 0
40.079985018808 -1095.63474261316 -1779.84205199379 0.89948358552643 0.26419279936787 -0.348039428988565 0.15189583114582 -0.935891269118609 -0.317860329182613 0 0 0 0 0 0
40.2297713317825 -1095.95306637377 -1780.2455992038 0.924262812400716 0.273329889195595 0.266512711301811 0.364056729210663 -0.84118095752112 -0.399846588856634 0 0 0 0 0 0
40.4632471906133 -1096.19495339309 -1780.6633028261 0.647268502121062 0.0467012000637235 0.76083012826423 0.37516818513356 -0.888377387274912 -0.264640228692071 0 0 0 0 0 0
40.9450809291619 -1096.53500151689 -1780.80320705454 -0.0669247257736734 -0.112133380349517 0.991436929961513 0.0353443533554656 -0.99330749133232 -0.109959103074627 0 0 0 0 0 0
41.283458880852 -1096.87673926456 -1780.65890097907 -0.640842732490329 -0.183450817587357 0.745430338623844 0.194003578898921 -0.978209295578139 -0.0739539411994505 0 0 0 0 0 0
41.5665646119257 -1097.33215078187 -1780.54370791495 -0.944264702997923 -0.147698413065366 0.294192708016731 0.125890191142523 -0.987783378697158 -0.0918458303012481 0 0 0 0 0 0
41.5123293271774 -1097.84695428906 -1780.38399822583 -0.966262830774493 0.252847753379935 -0.0490321881459879 -0.245733789707472 -0.962062711354935 -0.118533725227866 0 0 0 0 0 0
41.2865236112742 -1098.26339322136 -1780.13278390002 -0.708807088608073 0.354947084520089 -0.609594191515664 -0.263751368363225 -0.934854907171325 -0.237658406592782 0 0 0 0 0 0
40.9371609662709 -1098.62410764135 -1780.0884028691 0.0207790415601735 0.29852116470714 -0.9541767895174 -0.291549715361709 -0.911092755290421 -0.291391068376874 0 0 0 0 0 0
40.5844325563289 -1098.97466946993 -1780.27692883121 0.571178321493663 0.180510866669369 -0.800731635487168 -0.21150967807966 -0.910209546634865 -0.356064934096847 0 0 0 0 0 0
-547.186990581456 -112.548719215926 -2190.66324907567 0.433578259467569 -0.646236334150385 0.628003577490563 -0.892398279729656 -0.211227219823235 0.398758538392968 0 0 0 0 0 0
-547.641291078751 -112.939797203545 -2190.60814026523 0.539369779276629 -0.1629378540243 0.826154644681634 -0.803661842053416 -0.392527976839909 0.447268857651948 0 0 0 0 0 0
-548.188317749075 -113.564839077081 -2191.27763834283 -0.891432249412291 -0.295129589489275 0.343870717153461 0.123220068782539 -0.888112977537337 -0.442800354312181 0 0 0 0 0 0
-548.149740880729 -114.02285735626 -2191.18367153437 -0.912590090360995 0.0212267912787375 -0.408324320004234 0.196270925120123 -0.853329082833373 -0.483018840567576 0 0 0 0 0 0
-547.947176910585 -113.334258439907 -2190.28508988946 0.470110284830211 0.41452295303064 0.77920924115902 -0.67906311401102 -0.394080866368178 0.619333155863759 0 0 0 0 0 0
-548.155434479261 -113.729950140159 -2189.92914384645 0.264147604379388 0.818081868202885 0.510850369500021 -0.715022259012946 -0.189362665425159 0.672967272650835 0 0 0 0 0 0
-548.249263525777 -113.877974313504 -2189.45347189712 -0.130571673877178 0.98702569857196 0.0934414701267383 -0.821461885690312 -0.160474616073535 0.547218665575443 0 0 0 0 0 0
-548.447712541053 -113.8657726472 -2188.93175188229 -0.369102555928392 0.797847571944281 -0.476657691797524 -0.836452997084292 -0.0616243164586166 0.544562969076776 0 0 0 0 0 0
-548.73439231475 -113.786180672121 -2188.54568914476 -0.335081479159737 0.433634628327204 -0.836469611784942 -0.931984725887251 -0.0222395094249374 0.361814696956058 0 0 0 0 0 0
-549.018641096749 -114.154504492762 -2187.80645992489 0.845944799474469 -0.378902445706366 0.375247029141917 -0.196817869136192 0.432151601579086 0.880061202213414 0 0 0 0 0 0
-550.060513264762 -113.587263950301 -2188.34241327518 0.0661068816130677 0.950581061312509 -0.303357093336186 0.886590453067229 -0.195446424407517 -0.419235093612596 0 0 0 0 0 0
-549.75119636263 -113.606353976751 -2188.68414086949 0.238564568185088 0.936170071924752 0.258210269429912 0.881582926697886 -0.0972544506567655 -0.461901629334906 0 0 0 0 0 0
-549.465648435714 -113.469560300939 -2189.13657305057 0.390878376188695 0.51169470926696 0.765103012369113 0.881695117380312 0.0304880695145974 -0.470833513680781 0 0 0 0 0 0
-549.136723803302 -113.121275136619 -2189.32227920904 0.452029237255401 -0.13206552086595 0.882172470021994 0.891751801103162 0.0903811462890784 -0.44340723226481 0 0 0 0 0 0
-548.833070101033 -112.790969405306 -2189.38089969355 0.426524232906692 -0.812964638150075 0.396441137952252 0.836001727732391 0.187051668256952 -0.515861206751146 0 0 0 0 0 0
-548.325680116195 -112.663680096283 -2189.3891318103 0.0497706054082368 -0.998438731440348 0.0253571764415147 0.85537557872422 0.0295047208934248 -0.517167372102308 0 0 0 0 0 0
-547.825894082492 -112.732296516134 -2189.39067599055 -0.371875768420164 -0.791863547737751 -0.48441772740693 0.829009068398699 -0.0485003688162963 -0.55712806313935 0 0 0 0 0 0
-547.330460467052 -112.903844691332 -2189.42111179869 -0.552231821340633 -0.230703941309114 -0.801134013110945 0.822504104596346 0.0061245644586277 -0.568726197420477 0 0 0 0 0 0
-546.965145462156 -113.180662137894 -2189.6808715507 -0.57346329952705 0.350527099899985 -0.7404529669947 0.796680574454593 0.0280082451962115 -0.603751273694498 0 0 0 0 0 0
-546.661096996472 -113.412332355837 -2190.01657591441 -0.460736630321318 0.831687105399076 -0.309868223916334 0.810971671937403 0.252640663794919 -0.527728758276746 0 0 0 0 0 0
466.627138075884 -151.119700320156 -1875.88308611445 0.134817619694304 -0.461529347250764 0.87682088880583 -0.592104441282116 -0.747058132274633 -0.302186163839991 0 0 0 0 0 0
466.8037348198 -151.521284901116 -1875.95286314968 -0.896491521778244 0.0435316858550271 0.440917161954883 -0.282941194396372 -0.822060601180094 -0.494126146344208 0 0 0 0 0 0
466.677382972186 -152.021845638845 -1875.89105824829 -0.70399653441365 0.505925579869851 -0.498425708774062 -0.237247528693157 -0.829020793899924 -0.506397209125929 0 0 0 0 0 0
466.264551628195 -152.326314953875 -1875.90889772129 -0.193014063663683 0.581037443152666 -0.790658624744361 -0.302516603783717 -0.801795276185568 -0.5153717488587 0 0 0 0 0 0
465.810671043587 -152.556176997705 -1876.16037347832 0.511640148777333 0.377639083010315 -0.771759730189543 -0.463215265433372 -0.635276420325513 -0.617944566808296 0 0 0 0 0 0
465.445283563827 -152.623587039037 -1876.54931700193 0.925123591393404 0.0303451049687823 -0.378451470140894 -0.284933635750252 -0.603281633962469 -0.744892001126147 0 0 0 0 0 0
465.379906444645 -152.645119853105 -1876.97683906562 0.67562813669712 -0.656919705850044 0.334638791787606 -0.227543500410113 -0.617553250094394 -0.752895702417649 0 0 0 0 0 0
465.15346618673 -153.459009557443 -1877.37216619703 0.373082703945542 -0.809651290351992 -0.453071831002588 0.909274674343445 0.221981810068363 0.352056306002883 0 0 0 0 0 0
465.530982861103 -153.498471420951 -1877.22256965843 0.144265861477159 0.131029008580451 -0.980825550300703 0.886450863087338 0.423386807889882 0.186945120921967 0 0 0 0 0 0
465.968144164443 -153.409795158655 -1877.24858819791 -0.344223975352465 0.842376193710298 -0.414622964948513 0.67935404868526 0.52828923129765 0.509302036742329 0 0 0 0 0 0
466.299968467083 -153.090810998099 -1877.22724543652 -0.813035216513204 0.515428001623733 0.270753969225738 0.572237640585944 0.621714625733197 0.534803708706347 0 0 0 0 0 0
466.518437449658 -152.572265562152 -1877.24840488941 -0.783439508348277 0.0383725680575743 0.620282260571489 0.357505179759131 0.844237791993688 0.399315160011505 0 0 0 0 0 0
466.414241644716 -152.061879683286 -1877.08198952532 -0.537346053605296 -0.38492624549955 0.750393899362485 0.160030010225878 0.827062035514998 0.538849501472252 0 0 0 0 0 0
466.139647628376 -151.631197670893 -1876.8596570595 0.0240078711907273 -0.658429013362632 0.752259833091732 0.0637938035982082 0.751952116547047 0.656123742172839 0 0 0 0 0 0
465.836645236143 -151.432463280997 -1876.45881018089 0.718135541409325 -0.523160895242302 0.458894347158481 -0.0242631214622097 0.640198615736387 0.767826173913161 0 0 0 0 0 0
465.762737787843 -151.328262897146 -1875.97063505506 0.998009047783821 0.0175174898697442 -0.0605894222640746 0.036893117991322 0.617019368386233 0.786082690867273 0 0 0 0 0 0
465.79944597835 -151.179959921927 -1875.5151862023 0.722043766888968 0.379515529156031 -0.578464140484272 0.228180195681379 0.658699260058508 0.716972163404677 0 0 0 0 0 0
466.244594318312 -151.022157282916 -1875.29656493932 -0.107441981161134 0.785183352364792 -0.609871563407704 0.419876968491798 0.591869541420223 0.688036174389947 0 0 0 0 0 0
466.579924917968 -150.69574421133 -1875.19509562308 -0.840861296888818 0.540345023144377 -0.0312975295759656 0.416027174976085 0.682227807325098 0.601237564190567 0 0 0 0 0 0
466.720319324664 -150.290797537957 -1875.11999936816 -0.805013118610398 0.0153260316162733 0.593059011920448 0.458645008756765 0.650154230305207 0.605759220118646 0 0 0 0 0 0
