t = 800000
b = 25 25 25
E = -1.19599551719938 -1.19599551719938 0
79.1595850783349 -1064.77588899294 592.870845396124 -0.753071699997629 0.563041746269755 0.340392430321507 0.454313134750106 0.0707819034300449 0.888025617727532 0 0 0 0 0 0
79.7289315916711 -1064.69576507666 591.855081612719 0.164091535425152 -0.510267779502778 -0.84421606310422 -0.231424180161019 0.812018068987042 -0.535788675202567 0 0 0 0 0 0
79.9946778800965 -1064.39793430062 591.565564358618 -0.681123686360941 -0.437065108027608 -0.587404983995705 -0.0635356196560957 0.834538027189396 -0.547274616814701 0 0 0 0 0 0
80.054585078897 -1064.16476913657 591.086279775764 -0.966218565224786 -0.257720266692664 -0.00139583337398744 -0.191123515531262 0.720153182525739 -0.666971660199197 0 0 0 0 0 0
80.5592853827879 -1064.30734313026 590.506953961626 -0.402133657669958 -0.883726229165768 0.239408590600626 -0.908927307391637 0.416788585276184 0.0117654180282477 0 0 0 0 0 0
80.1186591697158 -1064.34017664672 590.294974267618 -0.0390764113472882 -0.180775751408633 0.982747761014436 -0.921075613018479 0.387832974075887 0.0347174210177415 0 0 0 0 0 0
79.6245275909943 -1064.41051115306 590.384057336867 0.412972441215887 0.442532747330255 0.79600158940588 -0.904572268942907 0.30087917497183 0.302027701258997 0 0 0 0 0 0
79.313144240526 -1064.48623815681 590.730365789387 0.395568475593132 0.913134992582722 0.0985396693612275 -0.786793403629837 0.281565863258644 0.54925113076989 0 0 0 0 0 0
79.1379294563443 -1064.30536986723 591.107915105633 -0.0183377296620786 0.785167831447762 -0.619011473343406 -0.832050113594887 0.331309662807958 0.444889329830334 0 0 0 0 0 0
78.7126985735926 -1063.95378192474 591.281035534334 0.267896417122257 0.635421900985508 -0.724203367460334 -0.719351415954035 0.631956641537348 0.288382287219277 0 0 0 0 0 0
78.6608960816265 -1063.52470526497 591.532725104792 -0.388250664370532 0.217076865945036 -0.895622161342183 -0.811381405059644 0.380277404851525 0.443902366385614 0 0 0 0 0 0
78.4411261689796 -1063.03814348633 591.667542354251 -0.508951596858517 -0.475652743066008 -0.717441802565816 -0.853781822644147 0.385118141941581 0.350343568615015 0 0 0 0 0 0
78.0813678601892 -1062.63951894058 591.664852232095 -0.403104225729052 -0.891731256340119 -0.205723964732981 -0.876287501948731 0.31128880946155 0.367722029572201 0 0 0 0 0 0
77.5779755908274 -1062.59368617753 591.575292051158 -0.1573986129668 -0.806368661629898 0.570083553680963 -0.945355452405683 0.289946293701804 0.149111419332745 0 0 0 0 0 0
77.114184460878 -1062.69494539891 591.600395771227 0.280708241283689 -0.329850635265869 0.901333146894125 -0.926739336236973 0.151179571699668 0.343946129171136 0 0 0 0 0 0
76.7090387526367 -1063.00616884223 591.594914164713 0.18731998051016 0.372713086676327 0.908843319787287 -0.97826694628314 -0.0129608551819523 0.206943949036618 0 0 0 0 0 0
76.2928733435164 -1063.14932522014 591.874341374638 0.240215453941611 0.894708459472184 0.376554522263051 -0.969435561343865 0.201167181240523 0.140450908127318 0 0 0 0 0 0
75.9229506832728 -1063.05670962108 592.292701488512 0.199186655711746 0.886482824236485 -0.417699507445533 -0.920519246976794 0.315449135468672 0.230512817164832 0 0 0 0 0 0
75.5969635198445 -1062.79447542813 592.567214442186 0.147963807155691 0.559629297941463 -0.815427348485186 -0.720641279970736 0.625688572541853 0.298646874741237 0 0 0 0 0 0
75.3419626372014 -1062.27075585994 592.696978016921 0.357006998119516 0.16640160606411 -0.919160763301511 -0.663616851833865 0.737689725978342 -0.124203631783443 0 0 0 0 0 0
440.209332182923 -613.467760767413 519.50117081979 0.571499761992359 -0.801355298636313 0.176685334394959 0.524737062264413 0.52241423883216 0.672111879489972 0 0 0 0 0 0
440.339992854026 -613.415599870181 519.989942882206 0.830707720218989 -0.407332421745338 -0.379479883213276 0.556644996491526 0.618061648422473 0.555109130379057 0 0 0 0 0 0
440.698747508843 -613.362999582169 520.382404312826 0.586022049345976 0.00726256889649777 -0.810262557923923 0.698142240127806 0.503058831578489 0.509440108865033 0 0 0 0 0 0
441.147347681127 -613.323573259861 520.606462585309 0.198969362840076 0.564380110569108 -0.801178059762676 0.727759205818336 0.462426134263697 0.506486533578647 0 0 0 0 0 0
441.729929685209 -613.204154589902 520.71720673508 -0.134811075865181 0.482585136835761 -0.865411786104872 0.892937318580948 0.437761617690771 0.105012909502688 0 0 0 0 0 0
442.246132786604 -613.163734775992 520.533674112896 -0.496009629396428 0.832388735017074 -0.247191102919988 0.855161430103512 0.517649062606253 0.0271730831184397 0 0 0 0 0 0
442.585478137192 -612.919925003278 520.302962847071 -0.522100556524934 0.742945012830177 0.418860020516634 0.837344034735902 0.539836185290034 0.0862082394194513 0 0 0 0 0 0
442.810873817283 -612.502699213028 520.057806761924 -0.276186567168371 0.377095606426403 0.884036132592861 0.870089998400005 0.488808358825218 0.0633228475899176 0 0 0 0 0 0
443.11296461317 -612.064335813779 520.020265967366 -0.169450222263001 -0.167222721576044 0.971248260520309 0.739269713982716 0.630148545920383 0.237472314307176 0 0 0 0 0 0
443.21970480244 -611.628414219318 520.2602836545 0.32460631265121 -0.536097049983726 0.779250084880257 0.793676768141797 0.602526163711722 0.0839011904252642 0 0 0 0 0 0
443.559588881899 -611.252683176002 520.4611154336 0.495786411400921 -0.867030468646822 -0.0495378714557681 0.866077465487101 0.497838715762342 -0.0454580780874164 0 0 0 0 0 0
444.010227886319 -611.105929146259 520.502992353691 0.0927506469457244 -0.651440827321407 -0.753008742306507 0.871022323611734 0.419494708753848 -0.255625313882542 0 0 0 0 0 0
444.524428134532 -611.214571221445 520.401710415416 -0.325978647495195 0.170856324018967 -0.929809678332062 0.870247030678392 0.438472740745416 -0.224525635994106 0 0 0 0 0 0
444.91851757236 -611.247465165349 520.079319600281 -0.450028378085902 0.819851185532547 -0.354003520460382 0.886090002712353 0.360685333319394 -0.291119558637867 0 0 0 0 0 0
445.184168812581 -611.198283546266 519.579360324564 -0.217252360618237 0.909937864448695 0.353290949004602 0.879170708722707 0.339661903441898 -0.334198528234769 0 0 0 0 0 0
445.409606290071 -610.802736851877 519.275545571686 -0.181737216300871 0.60545701668491 0.774850556661374 0.781674567583091 0.567030979323026 -0.259732052087892 0 0 0 0 0 0
445.536888833687 -610.306389804276 519.058955151263 0.334213800242878 0.0121995393223061 0.942418329070284 0.749210945458731 0.603223201735626 -0.273504530296381 0 0 0 0 0 0
445.819843961639 -609.821852295598 519.076522163635 0.53358705697949 -0.377825909848347 0.756658730519419 0.752223130957233 0.620956358028602 -0.220394107627134 0 0 0 0 0 0
446.137030592067 -609.446104188806 519.230764373242 0.578906065145567 -0.7427354418309 0.336469658641012 0.803782600955839 0.589202348124819 -0.082305062814417 0 0 0 0 0 0
446.48366080931 -609.19114025032 519.577169087149 0.468900308027394 -0.619264365028976 -0.629796909596375 0.753712680848385 0.652289528725191 -0.0802219760643433 0 0 0 0 0 0
742.800395117089 -686.96213434433 496.17809042994 0.202975412905688 0.0945131055708401 -0.974611848189388 -0.876183676243467 -0.426831411824882 -0.22386851356141 0 0 0 0 0 0
742.359765745454 -686.847467975025 495.987422674975 0.451779657485312 -0.610717484686716 -0.650322454618132 -0.889202115488732 -0.367261135576808 -0.27283485133881 0 0 0 0 0 0
741.897773680628 -686.937812047048 495.643601432535 0.501741073652098 -0.84590321783203 -0.180841480507214 -0.735695231615694 -0.307337932901912 -0.603569317624281 0 0 0 0 0 0
741.625913234672 -687.153425377314 495.182155462412 0.46886710529694 -0.825333802214947 0.314623191281174 -0.579853162074854 -0.556312984928283 -0.595219432841369 0 0 0 0 0 0
741.556192006865 -687.521180152577 494.745413359357 0.0821443954021429 -0.653645235716062 0.752329850617166 -0.363185258059227 -0.722605424567684 -0.588164831245191 0 0 0 0 0 0
741.625670779162 -688.029839706208 494.554675759824 -0.340686593654913 -0.314530023612917 0.886004237659217 -0.256008903738654 -0.875735310192884 -0.409325185748354 0 0 0 0 0 0
741.46896171279 -688.546026378775 494.467956377414 -0.605278179408766 0.193169911569284 0.772219988601658 -0.652947017222353 -0.675362699108331 -0.342848971638456 0 0 0 0 0 0
741.238456282157 -689.00563201872 494.585691366128 -0.741587614257574 0.592522656405958 0.314586573180621 -0.665383341673396 -0.709427479888993 -0.232330926485919 0 0 0 0 0 0
740.857538318999 -689.431753529696 494.746675967887 -0.55419647558711 0.785547297722267 -0.275284778889142 -0.686212956263009 -0.618359299257684 -0.383071214891289 0 0 0 0 0 0
740.387510978915 -689.590795717149 494.734118213763 -0.124163009025722 0.634775485548049 -0.762655643221084 -0.763752229881146 -0.551811123679174 -0.33494330137419 0 0 0 0 0 0
739.900903753022 -689.705706248599 494.502806966928 0.420117936174438 0.582696847041066 -0.69567614890334 -0.687244990718541 -0.296333821519647 -0.663234942502156 0 0 0 0 0 0
739.540940070523 -689.615276568247 494.184213586196 0.759065059312177 -0.108593238191521 -0.641893873121221 -0.650187047947719 -0.17616036342298 -0.739069908087026 0 0 0 0 0 0
739.446114874078 -689.513361806172 493.733307293649 0.168011123595404 -0.977754992911037 -0.125568452191276 -0.848181769810145 -0.0784691107364758 -0.523860939584237 0 0 0 0 0 0
739.299291488515 -689.628846422937 493.307916956136 -0.267095967318219 -0.818937230904747 0.5079385357308 -0.762024518195481 -0.143163386229685 -0.631524250137811 0 0 0 0 0 0
739.186209859498 -690.032520626875 493.057028803597 -0.653025821346966 -0.370038072595012 0.66077916241685 -0.566075495899383 -0.341122139134708 -0.7504626700473 0 0 0 0 0 0
739.913217705984 -690.069935729977 492.950179421552 0.156378852994968 0.828272616052465 -0.538061453584679 0.153740212551816 0.517711454406393 0.841628657438043 0 0 0 0 0 0
740.258640978281 -689.839372129512 493.215346200194 -0.546935832725645 0.814535853106428 -0.193371504842335 0.303257636482791 0.408058218207424 0.861117469610442 0 0 0 0 0 0
740.480431124808 -689.569105314509 493.529270179722 -0.958404537764811 0.242777993827066 0.150065278146383 0.237740886455775 0.388144242289277 0.890406265748952 0 0 0 0 0 0
740.444711287875 -689.057398793421 493.645533261875 -0.549611375274068 -0.438224792104892 0.711256892939512 0.441566747805956 0.57034775787521 0.692619839680359 0 0 0 0 0 0
740.351058108855 -688.7118149407 493.978978737723 0.187257950100432 -0.818638781936197 0.542922650875845 0.480168873033881 0.55845107387779 0.676439392299174 0 0 0 0 0 0
444.998776478507 -636.5281978704 523.604092560511 0.613504118238639 0.778655805135544 -0.131559241533334 0.354665182975689 -0.420534245692998 -0.83508296365341 0 0 0 0 0 0
445.037202229656 -636.45192552741 523.024770344816 0.928077070447436 0.0409502589885032 0.370129744277016 0.358185606109928 -0.370045357302106 -0.857186972086469 0 0 0 0 0 0
445.379134987488 -636.325000524314 522.61261695511 0.661813676659627 -0.435310751863947 0.610333684715213 0.524154027351934 -0.31337107441735 -0.791871912198725 0 0 0 0 0 0
445.852987956962 -636.188467144266 522.390333263792 0.230838988266646 -0.853059744273662 0.467976959043867 0.663961861385081 -0.213474112287164 -0.7166473679636 0 0 0 0 0 0
446.386076844778 -636.183239809083 522.271073312349 -0.272849485832525 -0.957452575970978 0.0940091636355469 0.729148257507267 -0.269551486618357 -0.629034827840128 0 0 0 0 0 0
446.876339482605 -636.417466171766 522.141309396493 -0.728732985846336 -0.605623836358973 -0.319637300972997 0.585807863206312 -0.309585552100576 -0.748989942079457 0 0 0 0 0 0
447.193651122828 -636.829654307872 521.985802878091 -0.839198312661928 -0.0952443173139581 -0.535420126671398 0.543041911111121 -0.199597304134455 -0.815638644841573 0 0 0 0 0 0
447.333017482274 -637.22676994424 521.646842697811 -0.680449487630238 0.539406489520016 -0.496013239588967 0.443485296729445 -0.23571847710138 -0.86472977925922 0 0 0 0 0 0
447.409762515015 -637.430332663099 521.144394175388 -0.422932446451737 0.893959297598355 -0.148205667826047 0.454949368418824 0.0680331356118127 -0.887914728244853 0 0 0 0 0 0
447.311616360807 -637.407064853976 520.577954195729 0.08348283597368 0.982128780549407 0.168682170113917 0.425392174136068 0.117951777459486 -0.897289739369513 0 0 0 0 0 0
447.191141460875 -637.169784919534 520.131379106567 0.706022083182442 0.573619256064697 0.415323689584976 0.452375095501961 0.0859233645001529 -0.887678966970874 0 0 0 0 0 0
447.334161485342 -636.865253962969 519.779293908223 0.843104164531303 -0.0251766350184544 0.537160594979946 0.537338816105995 0.0785116872676576 -0.839704061957621 0 0 0 0 0 0
447.680267520118 -636.558800041876 519.597336740125 0.370855813842258 -0.924735245839739 0.0856194513022751 0.512488363923697 0.126896415923627 -0.849266139951721 0 0 0 0 0 0
446.828714989227 -635.240014080817 519.859709262556 -0.628764246227449 0.777449979196726 -0.0150682617848376 -0.777253752182679 -0.627794640191128 0.0418389108984102 0 0 0 0 0 0
446.327987463027 -635.297804812296 520.068505077438 -0.352054481471573 0.529949513483163 -0.771499290495343 -0.927517166644178 -0.308119402452241 0.211599478762692 0 0 0 0 0 0
445.85744041193 -635.211545498183 520.198091604779 -0.227535739985487 0.023149195475198 -0.97349453094417 -0.939540260357283 -0.26795147177456 0.213227831066793 0 0 0 0 0 0
445.324184999357 -635.17852824289 520.244599351025 0.0558460426586069 -0.474055840433163 -0.878721958113489 -0.875463745168803 -0.446396590047665 0.185184543871216 0 0 0 0 0 0
444.863651766403 -635.096263325507 519.96434772064 0.267350003082575 -0.922750740082812 -0.277587909550365 -0.94491863402344 -0.307501972714561 0.112121861614278 0 0 0 0 0 0
444.385156387149 -635.267807242565 519.814397272674 0.492399847437844 -0.802888661212301 0.336024088332741 -0.870116647752333 -0.463390103799869 0.167829172090915 0 0 0 0 0 0
444.09666629266 -635.592480623562 519.672087652327 0.200899850912554 -0.195153891845089 0.959976149912632 -0.906375227227791 -0.408810036247138 0.106575333596822 0 0 0 0 0 0
449.517867709527 -634.58751715516 518.586738412223 -0.690646437350618 -0.178023078710634 -0.700938857548424 -0.361206644672637 -0.754763667628587 0.547596170432328 0 0 0 0 0 0
449.105278992364 -634.755335930105 518.836988971705 0.169315787023372 -0.592636208422255 -0.787473484462525 -0.414468618314793 -0.767736903373534 0.488667383432362 0 0 0 0 0 0
448.738054648765 -635.004294759428 518.83725879541 0.732752405870714 -0.629926242242602 -0.257423466344576 -0.444408095220771 -0.72945265519174 0.520000258399809 0 0 0 0 0 0
448.530925539834 -635.503247302217 518.820784645583 0.911215099918302 -0.260159193906855 0.319381019327602 -0.386138948509647 -0.809491398544931 0.44228993672208 0 0 0 0 0 0
448.506663535371 -636.003848643012 518.901690220741 0.748775734802796 0.2256051995771 0.623247296740435 -0.331419456022072 -0.686876695021093 0.646808742988953 0 0 0 0 0 0
448.562636869132 -636.472893093443 519.142235118379 0.213948753612828 0.697499886227678 0.68390046025709 -0.486026311232718 -0.531294159314208 0.693905570714145 0 0 0 0 0 0
448.653789992976 -636.781010320687 519.55629888136 -0.470567769559653 0.830188266533603 0.29892041810773 -0.484359516985658 -0.52620445498923 0.698931133842927 0 0 0 0 0 0
448.407290036774 -636.888459845502 520.022596899543 -0.59000562419673 0.760851018748522 -0.270183438954919 -0.569743857055733 -0.155229073252217 0.807029040471617 0 0 0 0 0 0
448.28539751616 -636.680375887361 520.47146528437 -0.74844900111182 0.27123293147485 -0.605191531350528 -0.631075105149416 -0.0107371937918967 0.775647422692877 0 0 0 0 0 0
447.9239174323 -636.425256427685 520.708023569449 -0.60302466230638 -0.540623096048067 -0.586590082314396 -0.601161057185145 -0.175384380260862 0.779644600112442 0 0 0 0 0 0
447.433632765811 -636.282416199736 520.862034050566 -0.0591198136772636 -0.95011750160145 -0.306237784705909 -0.742351974126468 -0.163254212466414 0.649816596142723 0 0 0 0 0 0
446.904987429997 -636.365809634614 520.945982235681 0.424259512478101 -0.899635293011516 0.103248271850025 -0.699196957204453 -0.252993715307195 0.668668673597767 0 0 0 0 0 0
446.463993339198 -636.656142474177 521.070669656817 0.778976349802417 -0.437168884675759 0.449532215441686 -0.558069081138747 -0.156444714643018 0.814913462851868 0 0 0 0 0 0
446.213936768317 -636.973619746597 521.377214899388 0.856243474810285 0.168351952466461 0.48836946254418 -0.489206333407121 -0.0393612274803669 0.871279436877388 0 0 0 0 0 0
446.050216760858 -637.199490300207 521.836505487761 0.69619828113295 0.689854728205814 0.198515509015445 -0.303870731219552 0.0326694118369536 0.95215297522947 0 0 0 0 0 0
446.078606204473 -637.319650953305 522.348930054482 0.276260691768939 0.960904003128136 -0.018534480182104 -0.385751970431884 0.128526182968777 0.913606281501722 0 0 0 0 0 0
446.200368538798 -637.234110204008 522.878386229823 -0.35225251664558 0.861455829017143 -0.36580325199386 -0.318184119907054 0.25734306979217 0.912432688075661 0 0 0 0 0 0
446.210250675768 -636.87270864738 523.316657012451 -0.735839832834043 0.397292094383537 -0.548360038802164 -0.366519687001372 0.447246314535355 0.815863991836173 0 0 0 0 0 0
446.086271452465 -636.396936056473 523.557920246561 -0.903912899175195 -0.0315014870223931 -0.426554951934802 -0.373151376545199 0.545498070333807 0.750459796021332 0 0 0 0 0 0
445.914838450754 -635.939164933445 523.674866296359 -0.682299438914582 -0.72399009223503 0.101517594545391 -0.439265452215545 0.516988420686705 0.734689618387079 0 0 0 0 0 0
348.061767064048 -735.967612358191 420.108643670651 0.598560595385831 -0.735316891804619 0.317858903097107 0.749905968899971 0.374786799009835 -0.545138416456067 0 0 0 0 0 0
348.466356321433 -735.760855643623 420.061578840257 0.199848933413734 -0.934017942112627 -0.296092701066909 0.743200704733333 0.341426475660453 -0.575396102004402 0 0 0 0 0 0
348.970872171494 -735.744181869267 419.971594997606 -0.392182256485316 -0.589706409446038 -0.706002428010308 0.603919365540453 0.413869664303189 -0.681170537306798 0 0 0 0 0 0
349.433834752713 -735.809134416727 419.60588038214 -0.797754828723982 -0.103662625937408 -0.59400445556535 0.470185454785985 0.509805566256587 -0.720433149377181 0 0 0 0 0 0
349.692007861628 -735.742774237087 419.116548756932 -0.957843934366301 0.1579523243827 -0.239970957867344 0.284162425983455 0.643792802164846 -0.71048050187184 0 0 0 0 0 0
349.766295811206 -735.671667944532 418.578715975348 -0.841531953028476 0.484854951115325 0.238200857284545 0.233534247562173 0.724132500354164 -0.648917465588984 0 0 0 0 0 0
350.240790991588 -736.590025592847 417.730632075603 0.0966142225943297 -0.322070454508282 -0.941772963258797 -0.561759452704865 0.763444365085781 -0.318714635239011 0 0 0 0 0 0
350.206515337762 -736.145460257214 417.438146519363 -0.390333820854264 -0.639820239710587 -0.662019311768251 -0.444390598673209 0.760682969455873 -0.473157918448774 0 0 0 0 0 0
350.211862801116 -735.76997583706 416.966193176182 -0.75865300797187 -0.610993842464926 -0.226124164929963 -0.450955747204843 0.742981644403275 -0.494587899309035 0 0 0 0 0 0
350.075330124965 -735.656158599695 416.450137789051 -0.869041692278064 -0.336982431632175 0.362228350428001 -0.49235443256894 0.660875366208958 -0.566419335005263 0 0 0 0 0 0
349.676729527839 -735.51338628372 416.0478152186 -0.590533158033813 -0.131107415629383 0.796292304891546 -0.614260904327987 0.712979351312697 -0.338147875959251 0 0 0 0 0 0
349.205123080988 -735.349535854514 415.789681987968 -0.163829046118031 0.124164940323632 0.978643505696817 -0.703801150731434 0.680431654922327 -0.20414872815871 0 0 0 0 0 0
348.658257567203 -735.255477145641 415.819745599282 0.425120470212798 0.52723012334283 0.735731597014813 -0.739096802594712 0.671424615648762 -0.0540823621459387 0 0 0 0 0 0
348.256473350259 -734.923457022405 415.976815375157 0.708966980530299 0.554253023940646 0.436084173033571 -0.615970119195006 0.787769496467942 0.000180813526115778 0 0 0 0 0 0
347.936109844999 -734.548907204667 416.38688163167 0.817111454167667 0.544314122995698 -0.189871027214363 -0.510258459562469 0.836161716616215 0.201171290472209 0 0 0 0 0 0
347.778139312379 -734.097243076817 416.595875724404 0.700981548202447 0.329233784925065 -0.632637324178457 -0.333609187895384 0.935404211333782 0.117148927314739 0 0 0 0 0 0
347.856033171549 -733.666503164509 416.858898157427 0.182681335712453 0.223904565440171 -0.957337074993592 -0.276784110944559 0.946052631754739 0.168448727744419 0 0 0 0 0 0
348.067698154235 -733.174511103144 416.91372118407 -0.502650159614446 -0.0306885586582621 -0.863945038418041 -0.292158758622286 0.946599370567497 0.136355753093357 0 0 0 0 0 0
348.098445516028 -732.616211491124 416.734958886605 -0.850230845458986 -0.296328036763556 -0.435082985254529 -0.398286138929629 0.902551986615782 0.163609483198402 0 0 0 0 0 0
348.031459495575 -732.196549457795 416.438164578958 -0.901567530870034 -0.39689281089348 0.172197804695721 -0.382706829878338 0.917248123788115 0.110414499825125 0 0 0 0 0 0
321.875273795695 -732.613242369528 416.607159043296 0.912083946125617 0.34595883020312 -0.220034913194753 0.26517668269959 -0.907067883311477 -0.3269696958701 0 0 0 0 0 0
322.075502506332 -732.98788258011 416.220925274807 0.845805484271075 0.358129014447975 0.395419640113568 0.477926756016371 -0.838004877778516 -0.263313198877238 0 0 0 0 0 0
322.460461780399 -733.239238189777 415.880356568615 0.462452236548692 0.0706079283884328 0.883828291785129 0.572132625631272 -0.78528494177577 -0.236625904981828 0 0 0 0 0 0
323.008611603921 -733.383197101481 415.724302151627 -0.197031774199765 -0.384745368409504 0.901748014382687 0.669174299646713 -0.72498307822884 -0.163111290149299 0 0 0 0 0 0
323.561296666151 -733.648949338693 415.78869077647 -0.601081489677831 -0.389988535057503 0.697574358251835 0.642431767231665 -0.754978839815753 0.131485268688323 0 0 0 0 0 0
323.891464300599 -733.861419735244 416.221924287192 -0.793556675075347 -0.599484716961682 0.104335409006975 0.608433500973936 -0.784187870336779 0.12189363768983 0 0 0 0 0 0
324.179544703197 -734.236550326245 416.448344669003 -0.835767292179091 -0.474296360821465 -0.276651396951525 0.419275930713429 -0.876591967962683 0.236207992303076 0 0 0 0 0 0
324.118634841397 -734.623175615419 416.781619191363 -0.40111844772447 -0.4531811000114 -0.796072158467843 0.295025493794666 -0.886655543342263 0.356092551834049 0 0 0 0 0 0
324.010700596637 -735.142401892202 416.909137077905 0.117871676726385 -0.292028446662015 -0.94911835624749 0.394138813077363 -0.863514656150166 0.314637942149284 0 0 0 0 0 0
323.923188688785 -735.688414458525 416.904535844334 0.592705266429561 -0.00172521878588031 -0.805417587818101 0.462103381005414 -0.818305430027322 0.341813821328519 0 0 0 0 0 0
324.029388690653 -736.155176921134 416.801411217826 0.896345533915329 0.404683216495926 -0.181097151045466 0.442338818764393 -0.843937478307375 0.303489542031289 0 0 0 0 0 0
324.340736658803 -736.598340114828 416.747931264175 0.692511382195474 0.704412001850565 0.155665401354263 0.608228737103383 -0.686144082281627 0.399079066992551 0 0 0 0 0 0
324.7943615256 -736.920260754094 416.647023823858 0.366291829877805 0.731335901839791 0.5753069563676 0.762584657941337 -0.590222718084082 0.264767412137757 0 0 0 0 0 0
325.299515668261 -736.967534640127 416.590572325502 -0.0614381423025593 0.254641746282013 0.965081828510311 0.743021486751601 -0.63393922716942 0.214569630846259 0 0 0 0 0 0
325.826720824784 -737.018199317126 416.614164930651 -0.397702035123651 -0.27844444554598 0.874243548448119 0.914087376659649 -0.202522648257894 0.351324415283296 0 0 0 0 0 0
326.196038450143 -736.918517408933 416.924744352972 -0.226966903634655 -0.952097400218381 0.204930634976984 0.949052306522074 -0.16899283458972 0.265972068726307 0 0 0 0 0 0
326.558036770283 -737.088687215667 417.32078336634 -0.239221617645469 -0.869440627796271 -0.432256882407319 0.899943891288294 -0.365670431900755 0.2374576336243 0 0 0 0 0 0
326.856832174401 -737.392352278713 417.580720278947 -0.0669626879413473 -0.471241871432394 -0.879458411201263 0.94812346768708 -0.304593566799374 0.0910200477119125 0 0 0 0 0 0
327.301857039713 -737.692919922668 417.709096125488 0.0981787533493154 0.253701825831804 -0.962287023689149 0.87042053242633 -0.490636302140412 -0.0405476972552576 0 0 0 0 0 0
327.614369438615 -738.011056565025 417.530854890982 0.256861142013245 0.840968501624329 -0.476229286163132 0.910899967358869 -0.375316532749473 -0.171460636038107 0 0 0 0 0 0
