#id1 id2 FENE BEXC STCK NEXC HB CRSTCK CXSTCK total, t = 100000
0 1 0.000711876 0 -1.37682 0 0 0 0 -1.3761
1 2 0.0112697 0 -1.10416 0 0 0 0 -1.09289
2 3 0.0597265 0 -0.975999 0 0 0 0 -0.916272
3 4 0.170223 0 -1.20553 0 0 0 0 -1.03531
4 5 0.0231291 0 0 0 0 0 0 0.0231291
5 6 0.046706 0 -1.24459 0 0 0 0 -1.19788
6 7 0.00173765 0 -0 0 0 0 0 0.00173765
7 8 0.0508781 0 -1.21472 0 0 0 0 -1.16384
8 9 0.136746 0 -1.39702 0 0 0 0 -1.26027
9 10 0.0139727 0 -1.15625 0 0 0 0 -1.14228
10 11 0.00131082 0 -1.37002 0 0 0 0 -1.3687
11 12 0.0233786 0 -1.11639 0 0 0 0 -1.09301
12 13 0.0194604 0 -1.12856 0 0 0 0 -1.1091
13 14 0.0392854 0 -1.42242 0 0 0 0 -1.38314
14 15 0.233766 0 -1.22937 0 0 0 0 -0.995606
15 16 0.00499092 0 -1.14678 0 0 0 0 -1.14179
16 17 0.0270512 0 -1.23611 0 0 0 0 -1.20906
17 18 0.0094502 0 -0.836116 0 0 0 0 -0.826666
18 19 0.000699542 0 -1.01656 0 0 0 0 -1.01586
20 21 0.0645544 0 0 0 0 0 0 0.0645544
21 22 0.000273102 0 -1.29658 0 0 0 0 -1.2963
22 23 0.0861796 0 -1.13243 0 0 0 0 -1.04625
23 24 0.0181766 0 -1.20701 0 0 0 0 -1.18883
24 25 0.069678 0 -1.15648 0 0 0 0 -1.08681
25 26 0.0833167 0 -1.15346 0 0 0 0 -1.07015
26 27 2.2285e-05 0 -1.06915 0 0 0 0 -1.06913
27 28 0.0618009 0 -1.40181 0 0 0 0 -1.34001
28 29 0.0348638 0 -1.32324 0 0 0 0 -1.28838
29 30 0.00139978 0 -1.01601 0 0 0 0 -1.01461
30 31 0.000356069 0 0 0 0 0 0 0.000356069
31 32 0.192144 0 -1.09499 0 0 0 0 -0.902845
32 33 0.00408416 0 -1.17266 0 0 0 0 -1.16858
33 34 0.206098 0 -0.981352 0 0 0 0 -0.775254
34 35 0.000839864 0 0 0 0 0 0 0.000839864
35 36 0.000479378 0 -1.35096 0 0 0 0 -1.35049
36 37 0.186869 0 -1.01477 0 0 0 0 -0.827899
37 38 0.000153514 0 -1.13077 0 0 0 0 -1.13062
38 39 0.00375555 0 -1.03383 0 0 0 0 -1.03007
40 41 0.0559731 0 -1.28407 0 0 0 0 -1.2281
41 42 0.000760286 0 0 0 0 0 0 0.000760286
42 43 0.00137269 0 -0.871678 0 0 0 0 -0.870305
43 44 0.09574 0 -1.23406 0 0 0 0 -1.13832
44 45 0.0209489 0 -1.31067 0 0 0 0 -1.28972
45 46 0.0138094 0 -1.03984 0 0 0 0 -1.02603
46 47 0.201792 0 -1.2066 0 0 0 0 -1.00481
47 48 0.00495352 0 -1.1612 0 0 0 0 -1.15624
48 49 0.000263292 0 -1.25155 0 0 0 0 -1.25129
49 50 0.000942505 0 -1.37539 0 0 0 0 -1.37445
50 51 0.0279956 0 -1.05097 0 0 0 0 -1.02297
51 52 0.0440296 0 -1.30333 0 0 0 0 -1.2593
52 53 0.0242996 0 -1.25493 0 0 0 0 -1.23064
53 54 0.0278893 0 -0.60302 0 0 0 0 -0.575131
54 55 0.00642677 0 0 0 0 0 0 0.00642677
55 56 0.0279986 0 -0.737511 0 0 0 0 -0.709512
56 57 0.00434004 0 -1.03126 0 0 0 0 -1.02692
57 58 0.011953 0 -1.17788 0 0 0 0 -1.16592
58 59 0.0364341 0 -1.08639 0 0 0 0 -1.04996
60 61 0.0147286 0 -1.21463 0 0 0 0 -1.1999
61 62 0.00131016 0 -1.34119 0 0 0 0 -1.33988
62 63 0.074291 0 -1.30989 0 0 0 0 -1.2356
63 64 0.0094405 0 -0.768156 0 0 0 0 -0.758715
64 65 0.0934428 0 -1.26186 0 0 0 0 -1.16842
65 66 0.0196594 0 -1.30037 0 0 0 0 -1.28071
66 67 0.0837959 0 -1.03988 0 0 0 0 -0.956089
67 68 0.00192085 0 -0.886837 0 0 0 0 -0.884916
68 69 0.00113256 0 -1.06972 0 0 0 0 -1.06859
69 70 0.0293303 0 -0.00159342 0 0 0 0 0.0277369
70 71 0.108319 0 -0.99351 0 0 0 0 -0.885191
71 72 0.0157787 0 -1.32674 0 0 0 0 -1.31096
72 73 0.0336713 0 0 0 0 0 0 0.0336713
69 74 0 0 0 0 0 -0.0955037 0 -0.0955037
73 74 0.231878 0 -1.29827 0 0 0 0 -1.0664
68 75 0 0 0 0 -0 -0.176372 0 -0.176372
70 75 0 0 0 0 0 -5.27527e-06 0 -5.27527e-06
69 75 0 0 0 0 -0.873274 0 -0 -0.873274
74 75 0.0724378 0 -1.23986 0 0 0 0 -1.16742
68 76 0 0 0 0 -0.570061 0 -0 -0.570061
67 76 0 0 0 0 0 -0.0713448 0 -0.0713448
69 76 0 0 0 0 -0 -0.166325 -0 -0.166325
75 76 0.00170538 0 -0.937136 0 0 0 0 -0.93543
68 77 0 0 0 0 0 -0.141134 0 -0.141134
67 77 0 0 0 0 -0.259441 0 -0 -0.259441
66 77 0 0 0 0 -5.06562e-30 -0.038421 -0 -0.038421
76 77 0.0311001 0 -1.21283 0 0 0 0 -1.18173
67 78 0 0 0 0 -0 -0.0183277 -0 -0.0183277
66 78 0 0 0 0 -0.749129 0 -0 -0.749129
65 78 0 0 0 0 -3.35925e-31 -0.174335 0 -0.174335
77 78 0.0605925 0 -0.887187 0 0 0 0 -0.826594
64 79 0 0 0 0 0 -0.132131 0 -0.132131
66 79 0 0 0 0 -0 -0.0809134 0 -0.0809134
65 79 0 0 0 0 -0.544324 -1.28588e-16 -0 -0.544324
78 79 0.00999238 0 -1.33202 0 0 0 0 -1.32203
80 81 0.0121314 0 -1.18714 0 0 0 0 -1.17501
81 82 0.0177254 0 -1.14513 0 0 0 0 -1.12741
82 83 0.258879 0 0 0 0 0 0 0.258879
83 84 0.0318918 0 -1.15798 0 0 0 0 -1.12609
84 85 0.0960765 0 -5.56872e-05 0 0 0 0 0.0960208
85 86 3.93108e-05 0 -0.886652 0 0 0 0 -0.886613
86 87 0.0204925 0 -1.31696 0 0 0 0 -1.29647
87 88 0.00428127 0 -0.942906 0 0 0 0 -0.938624
88 89 0.0436541 0 0 0 0 0 0 0.0436541
89 90 0.0261399 0 -1.29746 0 0 0 0 -1.27132
90 91 0.020368 0 -1.09276 0 0 0 0 -1.07239
91 92 0.0142913 0 -1.13211 0 0 0 0 -1.11782
92 93 0.195206 0 -0.961083 0 0 0 0 -0.765877
93 94 0.101742 0 -1.037 0 0 0 0 -0.935262
94 95 0.0751424 0 -1.39869 0 0 0 0 -1.32355
94 96 0 0 0 0 -0 -1.76344e-05 -0 -1.76344e-05
92 96 0 0 0 0 0 -0.174822 0 -0.174822
95 96 0.0034007 0 -0 0 0 0 0 0.0034007
93 97 0 0 0 0 0 -0.167836 0 -0.167836
92 97 0 0 0 0 -0.540729 -2.67542e-16 -0 -0.540729
91 97 0 0 0 0 -0 -0.106331 0 -0.106331
96 97 0.0329904 0 -1.11905 0 0 0 0 -1.08606
90 98 0 0 0 0 -1.79261e-30 -0.174809 0 -0.174809
92 98 0 0 0 0 -0 -0.178983 0 -0.178983
91 98 0 0 0 0 -0.63136 0 -0 -0.63136
97 98 0.032316 0 -0.98315 0 0 0 0 -0.950834
90 99 0 0 0 0 -0.611477 0 -0 -0.611477
89 99 0 0 0 0 0 -0.128577 -0 -0.128577
91 99 0 0 0 0 -0 -0.0955831 -0 -0.0955831
98 99 0.0247012 0 -1.27849 0 0 0 0 -1.25379
100 101 0.0039099 0 -1.1451 0 0 0 0 -1.14119
101 102 0.0742272 0 -1.10441 0 0 0 0 -1.03018
102 103 0.00330829 0 -1.24031 0 0 0 0 -1.237
103 104 0.00642431 0 -1.22184 0 0 0 0 -1.21542
104 105 0.000352461 0 -0.930139 0 0 0 0 -0.929786
105 106 0.0349867 0 -1.15161 0 0 0 0 -1.11663
106 107 0.0734099 0 -1.21765 0 0 0 0 -1.14425
107 108 0.0112394 0 -1.39605 0 0 0 0 -1.38481
108 109 0.00204231 0 0 0 0 0 0 0.00204231
109 110 0.00081233 0 -1.09114 0 0 0 0 -1.09033
110 111 0.00024844 0 -1.25112 0 0 0 0 -1.25087
111 112 0.163827 0 -1.08501 0 0 0 0 -0.921183
112 113 0.0667302 0 -1.27918 0 0 0 0 -1.21245
113 114 0.0160448 0 -1.22049 0 0 0 0 -1.20444
114 115 0.00781526 0 -1.34429 0 0 0 0 -1.33648
115 116 0.146564 0 -0.888064 0 0 0 0 -0.7415
116 117 0.0383169 0 -1.01478 0 0 0 0 -0.976468
117 118 0.0557912 0 -1.13035 0 0 0 0 -1.07456
118 119 0.0119155 0 -1.24807 0 0 0 0 -1.23616
120 121 0.132107 0 -1.22254 0 0 0 0 -1.09044
121 122 0.101182 0 -1.27784 0 0 0 0 -1.17666
122 123 0.00112887 0 -1.29001 0 0 0 0 -1.28889
123 124 0.120408 0 -1.09336 0 0 0 0 -0.972955
124 125 0.0163981 0 -1.06143 0 0 0 0 -1.04503
125 126 0.00488777 0 -1.37122 0 0 0 0 -1.36633
126 127 1.31704e-05 0 -1.10621 0 0 0 0 -1.10619
127 128 0.0132043 0 -1.13341 0 0 0 0 -1.1202
106 129 0 0 0 0 0 -0.0705207 0 -0.0705207
105 129 0 0 0 0 0 -0.00138676 0 -0.00138676
104 129 0 0 0 0 0 -0.00904891 0 -0.00904891
128 129 0.0766899 0 -0.00267953 0 0 0 0 0.0740104
105 130 0 0 0 0 0 -0.0446542 0 -0.0446542
104 130 0 0 0 0 -0.713963 0 -0 -0.713963
103 130 0 0 0 0 -1.14767e-33 -0.136333 0 -0.136333
129 130 0.200097 0 -1.30777 0 0 0 0 -1.10767
104 131 0 0 0 0 -0 -0.0948491 -0 -0.0948491
103 131 0 0 0 0 -0.754679 0 -0 -0.754679
102 131 0 0 0 0 0 -0.168575 0 -0.168575
130 131 0.0336796 0 -1.22724 0 0 0 0 -1.19357
103 132 0 0 0 0 0 -0.0580428 -0 -0.0580428
102 132 0 0 0 0 -0.407022 0 -0 -0.407022
101 132 0 0 0 0 -0 -0.16569 0 -0.16569
131 132 0.0127642 0 -1.01126 0 0 0 0 -0.998497
102 133 0 0 0 0 -0 -0.121521 0 -0.121521
101 133 0 0 0 0 -0.789971 0 -0 -0.789971
100 133 0 0 0 0 -0 -0.189024 0 -0.189024
132 133 0.00789583 0 -0.973862 0 0 0 0 -0.965967
101 134 0 0 0 0 -0 -0.158513 0 -0.158513
100 134 0 0 0 0 -0.171182 0 -0 -0.171182
133 134 0.00877809 0 -1.2616 0 0 0 0 -1.25282
100 135 0 0 0 0 0 -0.000189007 0 -0.000189007
134 135 0.0495473 0 -1.26409 0 0 0 0 -1.21454
135 136 0.0282571 0 -1.25745 0 0 0 0 -1.22919
136 137 0.00151831 0 -1.26011 0 0 0 0 -1.25859
137 138 0.0265304 0 -1.02715 0 0 0 0 -1.00062
138 139 0.0155519 0 -1.29333 0 0 0 0 -1.27778
140 141 0.00681989 0 -1.15314 0 0 0 0 -1.14632
141 142 0.363158 0 -1.01515 0 0 0 0 -0.651991
142 143 0.0435322 0 -1.10048 0 0 0 0 -1.05695
143 144 0.0342641 0 -0.854442 0 0 0 0 -0.820178
144 145 0.0200886 0 -1.06416 0 0 0 0 -1.04407
145 146 0.00453957 0 -0 0 0 0 0 0.00453957
146 147 0.00290357 0 -1.27748 0 0 0 0 -1.27457
147 148 0.00114449 0 -1.01895 0 0 0 0 -1.0178
148 149 0.0010995 0 -1.01843 0 0 0 0 -1.01733
149 150 0.00382995 0 -0.607563 0 0 0 0 -0.603733
150 151 0.0136633 0 -1.3458 0 0 0 0 -1.33213
151 152 0.0179632 0 -1.33214 0 0 0 0 -1.31418
152 153 0.0621455 0 -1.09341 0 0 0 0 -1.03126
153 154 0.00455796 0 -1.15035 0 0 0 0 -1.14579
154 155 0.0148724 0 -1.07034 0 0 0 0 -1.05547
155 156 0.0779111 0 -1.09743 0 0 0 0 -1.01952
156 157 0.115564 0 -0.813336 0 0 0 0 -0.697771
157 158 0.00220048 0 -0.974634 0 0 0 0 -0.972434
158 159 0.0258638 0 -1.05952 0 0 0 0 -1.03365
160 161 0.0276516 0 -1.40894 0 0 0 0 -1.38129
161 162 0.0489377 0 -1.2631 0 0 0 0 -1.21416
162 163 0.0113383 0 -1.17783 0 0 0 0 -1.16649
163 164 0.00847554 0 -1.26562 0 0 0 0 -1.25715
164 165 0.00838439 0 -1.2677 0 0 0 0 -1.25932
165 166 0.0493601 0 -1.27654 0 0 0 0 -1.22718
166 167 0.0178289 0 -1.18073 0 0 0 0 -1.1629
167 168 0.0373834 0 -0.938956 0 0 0 0 -0.901573
168 169 0.124296 0 -1.2879 0 0 0 0 -1.16361
169 170 0.0222052 0 -1.35621 0 0 0 0 -1.33401
170 171 0.0011222 0 0 0 0 0 0 0.0011222
171 172 0.00718106 0 -1.07897 0 0 0 0 -1.07179
172 173 0.00454368 0 -1.2038 0 0 0 0 -1.19926
173 174 0.0188482 0 -1.25248 0 0 0 0 -1.23363
174 175 4.30852e-05 0 -1.0319 0 0 0 0 -1.03186
175 176 0.015526 0 -0.930999 0 0 0 0 -0.915473
176 177 0.00760096 0 -1.18629 0 0 0 0 -1.17869
177 178 0.110797 0 -1.13795 0 0 0 0 -1.02716
178 179 0.0208979 0 -1.10716 0 0 0 0 -1.08626
19 180 0 0 0 0 -0 0 -0.566752 -0.566752
180 181 0.000493798 0 -1.11701 0 0 0 0 -1.11651
181 182 0.16791 0 -1.34902 0 0 0 0 -1.18112
182 183 0.0335049 0 -0.901805 0 0 0 0 -0.8683
183 184 0.052078 0 -0.962407 0 0 0 0 -0.910329
184 185 0.0156855 0 -0.950185 0 0 0 0 -0.934499
185 186 0.000300028 0 0 0 0 0 0 0.000300028
186 187 0.00273599 0 -1.2091 0 0 0 0 -1.20636
187 188 0.00161695 0 -0.633312 0 0 0 0 -0.631695
184 189 0 0 0 0 0 -0.0885524 0 -0.0885524
185 189 0 0 0 0 0 -0.00378434 -0 -0.00378434
188 189 0.000313016 0 -1.00441 0 0 0 0 -1.0041
184 190 0 0 0 0 -0.589937 0 -0 -0.589937
183 190 0 0 0 0 -0 -0.0729211 0 -0.0729211
185 190 0 0 0 0 0 -0.124835 0 -0.124835
189 190 0.0728894 0 -1.26765 0 0 0 0 -1.19476
184 191 0 0 0 0 -0 -0.154558 0 -0.154558
183 191 0 0 0 0 -0.550345 -2.53364e-08 -0 -0.550345
182 191 0 0 0 0 0 -0.0524255 0 -0.0524255
190 191 0.0824842 0 -1.19078 0 0 0 0 -1.1083
183 192 0 0 0 0 0 -0.107927 0 -0.107927
182 192 0 0 0 0 -0.732097 0 -0 -0.732097
181 192 0 0 0 0 -2.26717e-29 -0.100822 -0 -0.100822
191 192 0.0563404 0 -1.18819 0 0 0 0 -1.13185
182 193 0 0 0 0 -0 -0.173163 0 -0.173163
181 193 0 0 0 0 -0.83538 0 -0 -0.83538
180 193 0 0 0 0 -3.33553e-33 -0.109727 0 -0.109727
192 193 0.0462336 0 -1.02683 0 0 0 0 -0.980599
181 194 0 0 0 0 -0 -0.188362 0 -0.188362
180 194 0 0 0 0 -0.757292 0 -0 -0.757292
19 194 0 0 0 0 0 -0.166179 0 -0.166179
193 194 0.00441085 0 -0.98939 0 0 0 0 -0.984979
18 195 0 0 0 0 -4.8076e-29 -0.134229 0 -0.134229
180 195 0 0 0 0 0 -0.162391 0 -0.162391
19 195 0 0 0 0 -0.357765 0 -0 -0.357765
194 195 0.109612 0 -1.35251 0 0 0 0 -1.2429
18 196 0 0 0 0 -0.712995 0 -0 -0.712995
17 196 0 0 0 0 -0 -0.0699832 -0 -0.0699832
19 196 0 0 0 0 -0 -0.00141878 -0 -0.00141878
195 196 0.187495 0 -1.2071 0 0 0 0 -1.01961
18 197 0 0 0 0 -0 -0.0900551 -0 -0.0900551
17 197 0 0 0 0 -0.703918 0 -0 -0.703918
16 197 0 0 0 0 0 -0.197551 0 -0.197551
196 197 0.0327003 0 -1.24584 0 0 0 0 -1.21314
15 198 0 0 0 0 -5.8382e-32 -0.175679 0 -0.175679
17 198 0 0 0 0 0 -0.13731 0 -0.13731
16 198 0 0 0 0 -0.836748 0 -0 -0.836748
197 198 0.00285316 0 -1.29663 0 0 0 0 -1.29377
15 199 0 0 0 0 -0.609335 0 -0 -0.609335
14 199 0 0 0 0 0 -0.0608201 0 -0.0608201
16 199 0 0 0 0 -0 -0.13251 0 -0.13251
198 199 0.0206802 0 -1.24585 0 0 0 0 -1.22517
200 201 0.0170479 0 -0.000817876 0 0 0 0 0.0162301
201 202 0.0107741 0 -1.34256 0 0 0 0 -1.33179
202 203 0.0986927 0 -0.974782 0 0 0 0 -0.876089
203 204 0.0160112 0 -1.3482 0 0 0 0 -1.33219
204 205 0.200665 0 -1.06893 0 0 0 0 -0.868262
205 206 6.00294e-05 0 -0 0 0 0 0 6.00294e-05
206 207 0.0772539 0 0 0 0 0 0 0.0772539
205 208 0 0 0 0 0 -0.167265 0 -0.167265
207 208 0.040371 0 -1.37118 0 0 0 0 -1.33081
205 209 0 0 0 0 -0.644096 0 -0 -0.644096
204 209 0 0 0 0 0 -0.149119 -0 -0.149119
208 209 0.0786167 0 -1.38909 0 0 0 0 -1.31047
205 210 0 0 0 0 0 -0.131263 0 -0.131263
203 210 0 0 0 0 0 -0.154895 0 -0.154895
209 210 0.0047065 0 -1.2142 0 0 0 0 -1.20949
204 211 0 0 0 0 -0 -0.12735 0 -0.12735
203 211 0 0 0 0 -0.621407 0 -0 -0.621407
202 211 0 0 0 0 0 -0.186583 0 -0.186583
210 211 0.233498 0 -1.07964 0 0 0 0 -0.846143
203 212 0 0 0 0 0 -0.0229244 -0 -0.0229244
202 212 0 0 0 0 -0.404817 0 -0 -0.404817
201 212 0 0 0 0 -0 -0.000308723 0 -0.000308723
211 212 0.238162 0 -1.16623 0 0 0 0 -0.928065
202 213 0 0 0 0 0 -0.161922 0 -0.161922
201 213 0 0 0 0 0 -0.0238204 -0 -0.0238204
212 213 0.0233937 0 -1.33918 0 0 0 0 -1.31579
200 214 0 0 0 0 0 -0.154019 0 -0.154019
213 214 0.0671124 0 -0.00314936 0 0 0 0 0.0639631
200 215 0 0 0 0 -0.583374 -2.12731e-07 -0 -0.583374
214 215 0.169483 0 -1.19981 0 0 0 0 -1.03032
200 216 0 0 0 0 0 -0.0138625 0 -0.0138625
215 216 0.0427286 0 -1.12926 0 0 0 0 -1.08653
216 217 0.0285787 0 -1.23418 0 0 0 0 -1.2056
217 218 0.0894526 0 -1.24831 0 0 0 0 -1.15885
218 219 0.0534145 0 -1.26883 0 0 0 0 -1.21541
220 221 0.0427997 0 -1.23593 0 0 0 0 -1.19313
221 222 0.0718711 0 0 0 0 0 0 0.0718711
222 223 0.0165648 0 -1.30662 0 0 0 0 -1.29005
223 224 0.00264866 0 -1.21509 0 0 0 0 -1.21244
224 225 0.0377839 0 -1.25833 0 0 0 0 -1.22054
225 226 0.148854 0 -0.980878 0 0 0 0 -0.832024
226 227 0.00216368 0 -1.25884 0 0 0 0 -1.25667
227 228 0.00964745 0 -0.889969 0 0 0 0 -0.880322
228 229 0.0836708 0 -1.24674 0 0 0 0 -1.16307
53 230 0 0 0 0 0 -0.153431 0 -0.153431
52 230 0 0 0 0 -0.56322 0 -0 -0.56322
51 230 0 0 0 0 -0 -0.136835 0 -0.136835
229 230 0.00421144 0 0 0 0 0 0 0.00421144
52 231 0 0 0 0 0 -0.0133161 -0 -0.0133161
50 231 0 0 0 0 0 -0.13228 0 -0.13228
230 231 0.0744973 0 -0.563602 0 0 0 0 -0.489105
51 232 0 0 0 0 -0 -0.090081 0 -0.090081
50 232 0 0 0 0 -0.467765 -5.10444e-06 -0 -0.46777
49 232 0 0 0 0 0 -0.150977 0 -0.150977
231 232 0.00101717 0 -1.31343 0 0 0 0 -1.31241
48 233 0 0 0 0 0 -0.203324 0 -0.203324
50 233 0 0 0 0 0 -0.17862 0 -0.17862
232 233 0.0184473 0 -0.637217 0 0 0 0 -0.61877
47 234 0 0 0 0 0 -0.0526682 -0 -0.0526682
49 234 0 0 0 0 0 -0.0627408 0 -0.0627408
233 234 0.119076 0 -1.02908 0 0 0 0 -0.910005
48 235 0 0 0 0 0 -0.0632448 0 -0.0632448
234 235 0.12886 0 -1.25792 0 0 0 0 -1.12906
48 236 0 0 0 0 -0.702174 0 -0 -0.702174
47 236 0 0 0 0 0 -0.167453 0 -0.167453
233 236 0 0 0 0 -0 -0 -0.303686 -0.303686
49 236 0 0 0 0 -0 -0.0712177 -0 -0.0712177
235 236 0.00850127 0 -0 0 0 0 0 0.00850127
46 237 0 0 0 0 -0 -0.106702 0 -0.106702
234 237 0 0 0 0 -0 -0 -8.44273e-05 -8.44273e-05
48 237 0 0 0 0 0 -0.0309137 -0 -0.0309137
47 237 0 0 0 0 -0.876095 0 -0 -0.876095
236 237 0.0295163 0 -1.05835 0 0 0 0 -1.02884
46 238 0 0 0 0 0 -0.00475855 -0 -0.00475855
45 238 0 0 0 0 0 -0.060609 0 -0.060609
47 238 0 0 0 0 0 -0.0648793 0 -0.0648793
237 238 0.0123783 0 -1.271 0 0 0 0 -1.25862
45 239 0 0 0 0 0 -0.00280177 -0 -0.00280177
44 239 0 0 0 0 0 -0.000199126 0 -0.000199126
238 239 0.139366 0 -1.0974 0 0 0 0 -0.958033
240 241 0.0149449 0 0 0 0 0 0 0.0149449
241 242 0.0962129 0 -1.39038 0 0 0 0 -1.29416
242 243 0.021162 0 -0.441298 0 0 0 0 -0.420136
243 244 0.000186447 0 -1.21776 0 0 0 0 -1.21758
244 245 0.0019309 0 -0.518537 0 0 0 0 -0.516606
245 246 0.251931 0 -1.11118 0 0 0 0 -0.859251
246 247 0.23297 0 -1.04507 0 0 0 0 -0.812102
247 248 0.00202583 0 -1.28746 0 0 0 0 -1.28543
248 249 0.0947519 0 -0.408837 0 0 0 0 -0.314085
249 250 0.0038179 0 -1.1288 0 0 0 0 -1.12499
250 251 0.0503243 0 -1.09762 0 0 0 0 -1.04729
251 252 0.142415 0 -1.35869 0 0 0 0 -1.21628
252 253 0.0240079 0 0 0 0 0 0 0.0240079
253 254 0.148546 0 -1.21786 0 0 0 0 -1.06932
254 255 0.0066397 0 -1.16532 0 0 0 0 -1.15868
255 256 0.0039762 0 -0.992248 0 0 0 0 -0.988272
256 257 0.00772956 0 -1.27505 0 0 0 0 -1.26732
257 258 0.0791043 0 -0.681684 0 0 0 0 -0.60258
258 259 0.0304258 0 0 0 0 0 0 0.0304258
154 260 0 0 0 0 -0.63063 0 -0 -0.63063
153 260 0 0 0 0 -3.16212e-33 -0.168214 0 -0.168214
155 260 0 0 0 0 0 -0.00612242 -0 -0.00612242
154 261 0 0 0 0 -0 -0.149865 0 -0.149865
153 261 0 0 0 0 -0.770164 0 -0 -0.770164
152 261 0 0 0 0 -3.3265e-31 -0.100375 -0 -0.100375
260 261 0.00205086 0 -1.13544 0 0 0 0 -1.13339
153 262 0 0 0 0 -0 -0.132087 0 -0.132087
152 262 0 0 0 0 -0.796878 0 -0 -0.796878
151 262 0 0 0 0 0 -0.179938 0 -0.179938
261 262 0.0129281 0 -1.07363 0 0 0 0 -1.0607
150 263 0 0 0 0 -1.99964e-29 -0.165342 0 -0.165342
152 263 0 0 0 0 0 -0.126897 0 -0.126897
151 263 0 0 0 0 -0.619714 0 -0 -0.619714
262 263 0.00745951 0 -0.882138 0 0 0 0 -0.874678
150 264 0 0 0 0 -0.555325 0 -0 -0.555325
149 264 0 0 0 0 0 -0.170607 0 -0.170607
151 264 0 0 0 0 -0 -0.179154 0 -0.179154
263 264 0.0014621 0 -1.23277 0 0 0 0 -1.2313
150 265 0 0 0 0 0 -0.0929338 -0 -0.0929338
148 265 0 0 0 0 0 -0.125578 0 -0.125578
264 265 0.000122487 0 -0.940212 0 0 0 0 -0.940089
149 266 0 0 0 0 -0 -0.128108 -0 -0.128108
148 266 0 0 0 0 -0.719613 0 -0 -0.719613
147 266 0 0 0 0 0 -0.104348 0 -0.104348
265 266 0.0127537 0 -1.40499 0 0 0 0 -1.39224
145 267 0 0 0 0 -0 -0.0006784 0 -0.0006784
148 267 0 0 0 0 0 -0.100013 0 -0.100013
147 267 0 0 0 0 -0.649814 -7.53792e-19 -0 -0.649814
146 267 0 0 0 0 -0 -0.198366 0 -0.198366
266 267 0.102768 0 -1.16308 0 0 0 0 -1.06032
145 268 0 0 0 0 0 -0.00577708 0 -0.00577708
147 268 0 0 0 0 0 -0.194199 0 -0.194199
144 268 0 0 0 0 0 -0.000871109 -0 -0.000871109
143 268 0 0 0 0 0 -0.0895335 0 -0.0895335
267 268 0.0606667 0 -1.32326 0 0 0 0 -1.26259
142 269 0 0 0 0 0 -0.0943731 0 -0.0943731
144 269 0 0 0 0 0 -0.0785628 0 -0.0785628
143 269 0 0 0 0 0 -0.000749252 -0 -0.000749252
268 269 0.02304 0 -1.26109 0 0 0 0 -1.23805
142 270 0 0 0 0 -0.766164 0 -0 -0.766164
141 270 0 0 0 0 -2.31443e-19 -0.0580938 0 -0.0580938
143 270 0 0 0 0 0 -0.116132 0 -0.116132
269 270 0.0750941 0 -1.36347 0 0 0 0 -1.28838
142 271 0 0 0 0 0 -0.106215 0 -0.106215
140 271 0 0 0 0 0 -0.0346505 -0 -0.0346505
270 271 0.19756 0 -1.33833 0 0 0 0 -1.14077
141 272 0 0 0 0 -0 -0.00981345 0 -0.00981345
140 272 0 0 0 0 -0.38621 0 -0 -0.38621
271 272 0.041689 0 -1.25269 0 0 0 0 -1.21101
140 273 0 0 0 0 0 -0.15976 0 -0.15976
272 273 0.0352906 0 -1.14811 0 0 0 0 -1.11282
273 274 0.0192618 0 -0.826443 0 0 0 0 -0.807181
274 275 0.0794066 0 -1.1932 0 0 0 0 -1.1138
275 276 0.00202762 0 0 0 0 0 0 0.00202762
276 277 0.0472091 0 -0.974547 0 0 0 0 -0.927338
277 278 0.0383146 0 -1.37865 0 0 0 0 -1.34033
278 279 0.0407105 0 -1.24136 0 0 0 0 -1.20065
115 280 0 0 0 0 0 -0.00179483 -0 -0.00179483
114 280 0 0 0 0 -0 -0.0410367 0 -0.0410367
115 281 0 0 0 0 0 -0.137823 0 -0.137823
114 281 0 0 0 0 -0.774801 0 -0 -0.774801
113 281 0 0 0 0 -5.1525e-30 -0.191436 0 -0.191436
280 281 0.00100803 0 -1.08138 0 0 0 0 -1.08038
114 282 0 0 0 0 -0 -0.100935 0 -0.100935
113 282 0 0 0 0 -0.732507 0 -0 -0.732507
112 282 0 0 0 0 -0 -0.0824549 0 -0.0824549
281 282 0.0387087 0 -1.16146 0 0 0 0 -1.12275
113 283 0 0 0 0 0 -0.0876329 -0 -0.0876329
111 283 0 0 0 0 -2.21073e-30 -0.0282123 0 -0.0282123
282 283 0.0282312 0 -1.26107 0 0 0 0 -1.23284
112 284 0 0 0 0 0 -0.0773413 0 -0.0773413
111 284 0 0 0 0 -0.649631 0 -0 -0.649631
110 284 0 0 0 0 -2.78576e-30 -0.0292889 0 -0.0292889
283 284 0.167481 0 -1.11264 0 0 0 0 -0.945156
111 285 0 0 0 0 0 -0.0341285 -0 -0.0341285
110 285 0 0 0 0 0 -0.00155533 0 -0.00155533
109 285 0 0 0 0 0 -0.019213 0 -0.019213
284 285 0.0553819 0 -1.36145 0 0 0 0 -1.30607
110 286 0 0 0 0 0 -0.11655 0 -0.11655
109 286 0 0 0 0 -0.582002 0 -0 -0.582002
285 286 0.0591651 0 -0.954391 0 0 0 0 -0.895226
109 287 0 0 0 0 0 -0.108914 0 -0.108914
286 287 0.000302054 0 -1.39083 0 0 0 0 -1.39053
287 288 0.0152855 0 -1.18474 0 0 0 0 -1.16945
125 289 0 0 0 0 0 -2.94518e-05 -0 -2.94518e-05
288 289 0.0566326 0 -0.716133 0 0 0 0 -0.659501
289 290 0.00306433 0 -0.834137 0 0 0 0 -0.831073
290 291 0.0312792 0 -0.885583 0 0 0 0 -0.854304
291 292 0.0125718 0 -0.75486 0 0 0 0 -0.742288
292 293 0.00228488 0 -0.897032 0 0 0 0 -0.894747
293 294 0.0191781 0 -1.13128 0 0 0 0 -1.1121
294 295 0.0043864 0 0 0 0 0 0 0.0043864
295 296 0.151266 0 0 0 0 0 0 0.151266
296 297 0.0180241 0 0 0 0 0 0 0.0180241
297 298 0.000848083 0 0 0 0 0 0 0.000848083
298 299 0.0531918 0 -0.785105 0 0 0 0 -0.731913
300 301 0.0229929 0 -1.11783 0 0 0 0 -1.09484
301 302 0.107914 0 -1.02782 0 0 0 0 -0.91991
302 303 0.0413055 0 -1.35769 0 0 0 0 -1.31639
303 304 0.00957362 0 -1.23419 0 0 0 0 -1.22462
304 305 0.109832 0 -0.57084 0 0 0 0 -0.461008
305 306 0.0488937 0 -1.24451 0 0 0 0 -1.19561
306 307 0.00243606 0 -1.28273 0 0 0 0 -1.28029
307 308 0.0190396 0 -0.705318 0 0 0 0 -0.686278
308 309 0.252782 0 -1.43293 0 0 0 0 -1.18015
309 310 0.054115 0 -1.27989 0 0 0 0 -1.22577
310 311 0.00893832 0 0 0 0 0 0 0.00893832
311 312 0.00411256 0 -1.40642 0 0 0 0 -1.40231
312 313 0.0903931 0 -1.22233 0 0 0 0 -1.13194
313 314 0.17777 0 -1.18649 0 0 0 0 -1.00872
314 315 0.139164 0 -1.06835 0 0 0 0 -0.929188
315 316 0.00408954 0 -1.20818 0 0 0 0 -1.20409
316 317 0.167316 0 -1.08771 0 0 0 0 -0.920391
317 318 0.091956 0 -0.847301 0 0 0 0 -0.755344
318 319 0.0356944 0 -1.33788 0 0 0 0 -1.30219
10 320 0 0 0 0 0 -0.100754 -0 -0.100754
9 320 0 0 0 0 -0.466224 0 -0 -0.466224
8 320 0 0 0 0 -1.65451e-31 -0.199601 0 -0.199601
7 321 0 0 0 0 0 -0.180469 0 -0.180469
9 321 0 0 0 0 -0 -0.163161 0 -0.163161
8 321 0 0 0 0 -0.840999 0 -0 -0.840999
6 321 0 0 0 0 0 -0.00747602 -0 -0.00747602
320 321 0.000295669 0 -1.24669 0 0 0 0 -1.2464
7 322 0 0 0 0 -0.609898 0 -0 -0.609898
8 322 0 0 0 0 0 -0.136618 -0 -0.136618
5 322 0 0 0 0 -0 -0.176781 0 -0.176781
321 322 0.000303151 0 -1.17069 0 0 0 0 -1.17038
7 323 0 0 0 0 -0 -0.155396 -0 -0.155396
6 323 0 0 0 0 -0 -0.171907 0 -0.171907
5 323 0 0 0 0 -0.676117 0 -0 -0.676117
322 323 0.00944913 0 -1.3646 0 0 0 0 -1.35515
5 324 0 0 0 0 -0 -0.141026 -0 -0.141026
323 324 0.0041134 0 -1.18334 0 0 0 0 -1.17922
324 325 0.0628539 0 -1.26782 0 0 0 0 -1.20497
325 326 0.0122785 0 -1.34812 0 0 0 0 -1.33584
326 327 0.00345912 0 -1.37121 0 0 0 0 -1.36775
327 328 0.0231872 0 -1.23227 0 0 0 0 -1.20908
328 329 0.0197468 0 -1.04301 0 0 0 0 -1.02326
329 330 0.00387712 0 -1.05711 0 0 0 0 -1.05324
330 331 0.000577952 0 -1.41239 0 0 0 0 -1.41181
331 332 0.0608449 0 -0.859639 0 0 0 0 -0.798794
332 333 0.0114532 0 -1.1711 0 0 0 0 -1.15964
333 334 0.0448632 0 -1.10832 0 0 0 0 -1.06346
334 335 0.164105 0 -0.929954 0 0 0 0 -0.765849
335 336 0.135857 0 -0.990096 0 0 0 0 -0.854239
336 337 0.0119691 0 0 0 0 0 0 0.0119691
337 338 0.0058298 0 -1.16307 0 0 0 0 -1.15724
338 339 0.0488247 0 0 0 0 0 0 0.0488247
340 341 0.0029855 0 -1.0429 0 0 0 0 -1.03991
341 342 0.0110499 0 -0.802614 0 0 0 0 -0.791564
342 343 0.0329918 0 -1.29103 0 0 0 0 -1.25804
343 344 0.00663872 0 -1.35592 0 0 0 0 -1.34928
344 345 0.0064154 0 -1.1297 0 0 0 0 -1.12329
345 346 0.00925166 0 -1.1124 0 0 0 0 -1.10315
346 347 0.0176944 0 -0.941148 0 0 0 0 -0.923453
347 348 3.95286e-08 0 -0.584259 0 0 0 0 -0.584259
348 349 0.0107683 0 -1.19048 0 0 0 0 -1.17971
349 350 0.0823381 0 -1.09277 0 0 0 0 -1.01043
350 351 0.0591683 0 -1.08064 0 0 0 0 -1.02147
351 352 0.096479 0 -1.15641 0 0 0 0 -1.05993
352 353 0.0405485 0 -0.758002 0 0 0 0 -0.717454
353 354 0.00261232 0 -1.35327 0 0 0 0 -1.35066
354 355 0.0196408 0 -0.981894 0 0 0 0 -0.962253
355 356 0.038717 0 -1.28052 0 0 0 0 -1.2418
356 357 0.073476 0 -1.20817 0 0 0 0 -1.1347
357 358 0.0271237 0 -1.02012 0 0 0 0 -0.993001
358 359 0.000280499 0 -1.13514 0 0 0 0 -1.13486
4 360 0 0 0 0 -0 0 -0.651144 -0.651144
360 361 0.274628 0 -1.27866 0 0 0 0 -1.00403
361 362 0.0234946 0 -1.17166 0 0 0 0 -1.14817
362 363 0.317804 0 -1.33542 0 0 0 0 -1.01761
363 364 0.121928 0 -0.782723 0 0 0 0 -0.660795
364 365 0.035106 0 -1.18082 0 0 0 0 -1.14572
365 366 0.00493378 0 -1.13215 0 0 0 0 -1.12722
366 367 0.162257 0 -1.09078 0 0 0 0 -0.928525
367 368 0.0109144 0 -1.09057 0 0 0 0 -1.07965
368 369 0.0714696 0 -1.29713 0 0 0 0 -1.22566
369 370 0.185038 0 -1.09184 0 0 0 0 -0.906806
370 371 0.000356509 0 -1.24577 0 0 0 0 -1.24541
371 372 0.0209846 0 -0.787999 0 0 0 0 -0.767014
372 373 0.0468519 0 -1.0497 0 0 0 0 -1.00285
373 374 0.0303933 0 -1.15071 0 0 0 0 -1.12032
374 375 0.128244 0 -0.972829 0 0 0 0 -0.844585
375 376 0.000151108 0 -1.20816 0 0 0 0 -1.20801
376 377 0.00181794 0 0 0 0 0 0 0.00181794
377 378 0.0448558 0 -1.00938 0 0 0 0 -0.964527
378 379 0.0924685 0 -1.04648 0 0 0 0 -0.954011
380 381 0.0064526 0 -0.776803 0 0 0 0 -0.770351
381 382 0.000723982 0 -1.27963 0 0 0 0 -1.27891
382 383 1.25256e-05 0 -1.20513 0 0 0 0 -1.20511
383 384 0.00605084 0 -0.902073 0 0 0 0 -0.896022
384 385 0.223776 0 -1.04684 0 0 0 0 -0.823065
385 386 0.0806739 0 -1.28782 0 0 0 0 -1.20714
386 387 0.0306764 0 -1.2941 0 0 0 0 -1.26342
387 388 0.0172646 0 0 0 0 0 0 0.0172646
388 389 0.00141788 0 -1.22239 0 0 0 0 -1.22097
389 390 0.0245581 0 -1.35211 0 0 0 0 -1.32755
390 391 0.00376735 0 0 0 0 0 0 0.00376735
391 392 0.0373558 0 -1.32015 0 0 0 0 -1.2828
392 393 0.0053677 0 -1.10847 0 0 0 0 -1.10311
393 394 0.0582343 0 -1.23157 0 0 0 0 -1.17334
394 395 0.00107032 0 -1.29762 0 0 0 0 -1.29655
395 396 0.000383506 0 -0.796051 0 0 0 0 -0.795668
396 397 0.132536 0 -1.38327 0 0 0 0 -1.25074
397 398 0.0733266 0 -1.08257 0 0 0 0 -1.00925
397 399 0 0 0 0 0 -7.31701e-08 0 -7.31701e-08
398 399 0.0123823 0 -0.923716 0 0 0 0 -0.911334
400 401 0.0106638 0 -1.31026 0 0 0 0 -1.29959
401 402 0.000812 0 -1.03349 0 0 0 0 -1.03268
402 403 0.0720357 0 0 0 0 0 0 0.0720357
403 404 0.0410898 0 -1.30811 0 0 0 0 -1.26702
404 405 0.0518469 0 0 0 0 0 0 0.0518469
405 406 0.000837116 0 -1.26159 0 0 0 0 -1.26076
406 407 0.0301063 0 -1.18334 0 0 0 0 -1.15323
407 408 0.0739532 0 -1.0211 0 0 0 0 -0.947143
408 409 0.0625595 0 -1.22825 0 0 0 0 -1.16569
409 410 0.0432139 0 -1.13508 0 0 0 0 -1.09187
410 411 0.00344279 0 -1.25341 0 0 0 0 -1.24997
411 412 0.00192521 0 -1.13167 0 0 0 0 -1.12975
412 413 0.0169433 0 -1.13164 0 0 0 0 -1.11469
413 414 0.0103535 0 -1.01354 0 0 0 0 -1.00319
414 415 0.0708557 0 -1.09165 0 0 0 0 -1.02079
415 416 0.0121241 0 -0.491363 0 0 0 0 -0.479239
413 417 0 0 0 0 0 -0.0802762 0 -0.0802762
412 417 0 0 0 0 -0.761606 0 -0 -0.761606
411 417 0 0 0 0 -4.61149e-31 -0.134917 0 -0.134917
416 417 0.0016361 0 0 0 0 0 0 0.0016361
412 418 0 0 0 0 -0 -0.188469 0 -0.188469
411 418 0 0 0 0 -0.683321 0 -0 -0.683321
410 418 0 0 0 0 -1.755e-29 -0.152289 -0 -0.152289
417 418 0.0137338 0 -1.24597 0 0 0 0 -1.23223
411 419 0 0 0 0 -0 -0.135535 0 -0.135535
410 419 0 0 0 0 -0.806775 0 -0 -0.806775
409 419 0 0 0 0 0 -0.115232 0 -0.115232
418 419 0.0398275 0 -1.3343 0 0 0 0 -1.29448
420 421 0.013666 0 -1.32526 0 0 0 0 -1.31159
421 422 0.0779641 0 -1.21302 0 0 0 0 -1.13506
422 423 0.0794096 0 -1.15839 0 0 0 0 -1.07898
39 424 0 0 0 0 -0 -0.183631 0 -0.183631
423 424 0.0238139 0 -1.16721 0 0 0 0 -1.1434
39 425 0 0 0 0 -0.828988 0 -0 -0.828988
38 425 0 0 0 0 -1.27988e-27 -0.128178 0 -0.128178
424 425 0.0259146 0 -1.36713 0 0 0 0 -1.34121
39 426 0 0 0 0 -0 -0.138866 0 -0.138866
38 426 0 0 0 0 -0.78568 -9.0403e-30 -0 -0.78568
37 426 0 0 0 0 -6.37343e-29 -0.124145 -0 -0.124145
425 426 0.0544645 0 -1.1993 0 0 0 0 -1.14483
38 427 0 0 0 0 -0 -0.128611 0 -0.128611
37 427 0 0 0 0 -0.826042 0 -0 -0.826042
36 427 0 0 0 0 0 -0.0984266 -0 -0.0984266
426 427 0.0253941 0 -0.840844 0 0 0 0 -0.81545
37 428 0 0 0 0 0 -0.159047 0 -0.159047
36 428 0 0 0 0 -0.623409 0 -0 -0.623409
35 428 0 0 0 0 -0 -0.187731 0 -0.187731
427 428 0.0940676 0 -1.14808 0 0 0 0 -1.05401
36 429 0 0 0 0 -0 -0.172195 0 -0.172195
35 429 0 0 0 0 -0.672617 0 -0 -0.672617
428 429 0.0811354 0 -1.0809 0 0 0 0 -0.999766
35 430 0 0 0 0 0 -0.0961283 0 -0.0961283
429 430 0.0951307 0 -1.37421 0 0 0 0 -1.27908
430 431 0.00312525 0 -1.32255 0 0 0 0 -1.31943
431 432 0.00327962 0 -0.942695 0 0 0 0 -0.939416
432 433 0.0102604 0 -1.26718 0 0 0 0 -1.25692
433 434 0.0251655 0 -0.453769 0 0 0 0 -0.428604
434 435 0.231993 0 -1.19278 0 0 0 0 -0.960789
432 436 0 0 0 0 0 -0.15237 -0 -0.15237
435 436 0.0284813 0 0 0 0 0 0 0.0284813
433 437 0 0 0 0 0 -0.186554 0 -0.186554
432 437 0 0 0 0 -0.277308 0 -0 -0.277308
431 437 0 0 0 0 -0 -0.187139 0 -0.187139
436 437 0.00312737 0 -1.14673 0 0 0 0 -1.1436
432 438 0 0 0 0 -0 -0.171128 -0 -0.171128
431 438 0 0 0 0 -0.853111 0 -0 -0.853111
430 438 0 0 0 0 -2.37224e-33 -0.200099 0 -0.200099
437 438 0.0199936 0 -1.31174 0 0 0 0 -1.29174
35 439 0 0 0 0 0 0 -0.593626 -0.593626
429 439 0 0 0 0 0 -0.139631 -0 -0.139631
431 439 0 0 0 0 -0 -0.184679 0 -0.184679
430 439 0 0 0 0 -0.651846 0 -0 -0.651846
438 439 2.69922e-05 0 -1.18221 0 0 0 0 -1.18218
440 441 0.0144604 0 -1.12141 0 0 0 0 -1.10695
441 442 2.84675e-06 0 -1.20836 0 0 0 0 -1.20836
442 443 0.0434271 0 -0.465299 0 0 0 0 -0.421872
59 444 0 0 0 0 -0 -0.0865613 -0 -0.0865613
443 444 9.07305e-05 0 -0.97536 0 0 0 0 -0.975269
59 445 0 0 0 0 -0.71115 0 -0 -0.71115
58 445 0 0 0 0 -2.16557e-27 -0.111937 0 -0.111937
444 445 0.00164436 0 -1.1704 0 0 0 0 -1.16876
59 446 0 0 0 0 -0 -0.165111 0 -0.165111
58 446 0 0 0 0 -0.757493 -2.19966e-30 -0 -0.757493
57 446 0 0 0 0 -1.34897e-30 -0.188779 0 -0.188779
445 446 0.0430641 0 -1.05953 0 0 0 0 -1.01646
58 447 0 0 0 0 -0 -0.114381 0 -0.114381
57 447 0 0 0 0 -0.831482 0 -0 -0.831482
56 447 0 0 0 0 0 -0.11949 0 -0.11949
446 447 0.056132 0 -1.13943 0 0 0 0 -1.0833
57 448 0 0 0 0 0 -0.129458 -0 -0.129458
56 448 0 0 0 0 -0.506978 0 -0 -0.506978
55 448 0 0 0 0 -1.45717e-34 -0.0859088 -0 -0.0859088
447 448 0.00148716 0 -1.264 0 0 0 0 -1.26252
56 449 0 0 0 0 -0 -0.0847774 0 -0.0847774
55 449 0 0 0 0 -0.922592 0 -0 -0.922592
448 449 0.243195 0 -1.28041 0 0 0 0 -1.03721
55 450 0 0 0 0 0 -0.164868 0 -0.164868
449 450 0.00231801 0 -1.21094 0 0 0 0 -1.20862
450 451 0.00134411 0 -0.941 0 0 0 0 -0.939656
451 452 0.00134568 0 -1.09973 0 0 0 0 -1.09838
452 453 0.38747 0 0 0 0 0 0 0.38747
453 454 0.0107165 0 -1.26984 0 0 0 0 -1.25913
454 455 0.000818493 0 -1.21807 0 0 0 0 -1.21725
452 456 0 0 0 0 0 -0.00174509 -0 -0.00174509
451 456 0 0 0 0 0 -0.168763 0 -0.168763
455 456 0.0932775 0 -1.05435 0 0 0 0 -0.961076
452 457 0 0 0 0 -0 -0.130273 0 -0.130273
451 457 0 0 0 0 -0.742539 0 -0 -0.742539
450 457 0 0 0 0 -4.92298e-29 -0.156328 0 -0.156328
456 457 0.00532721 0 -1.36714 0 0 0 0 -1.36181
451 458 0 0 0 0 -0 -0.184307 0 -0.184307
450 458 0 0 0 0 -0.598614 0 -0 -0.598614
449 458 0 0 0 0 0 -0.136098 0 -0.136098
55 458 0 0 0 0 0 0 -0.522958 -0.522958
457 458 0.0367572 0 -1.32063 0 0 0 0 -1.28388
458 459 0.00134036 0 0 0 0 0 0 0.00134036
460 461 0.00494497 0 -0.895666 0 0 0 0 -0.890721
461 462 0.0413615 0 -0.94411 0 0 0 0 -0.902748
462 463 0.0285968 0 -1.15345 0 0 0 0 -1.12486
463 464 0.00843686 0 -0 0 0 0 0 0.00843686
464 465 0.0331738 0 -1.14701 0 0 0 0 -1.11384
462 466 0 0 0 0 -0 -0.166786 0 -0.166786
465 466 0.0288846 0 -1.31809 0 0 0 0 -1.2892
461 467 0 0 0 0 0 -0.0917803 0 -0.0917803
463 467 0 0 0 0 0 -0.118567 0 -0.118567
462 467 0 0 0 0 -0.54248 0 -0 -0.54248
466 467 0.302144 0 -1.00523 0 0 0 0 -0.70309
461 468 0 0 0 0 -0.694621 0 -0 -0.694621
460 468 0 0 0 0 0 -0.0834111 0 -0.0834111
462 468 0 0 0 0 0 -0.11856 0 -0.11856
467 468 0.000358347 0 -1.21414 0 0 0 0 -1.21378
461 469 0 0 0 0 -0 -0.00931335 0 -0.00931335
460 469 0 0 0 0 0 -0.00717767 0 -0.00717767
468 469 0.00704616 0 -1.34413 0 0 0 0 -1.33708
469 470 0.0561362 0 -1.4255 0 0 0 0 -1.36936
470 471 0.00710796 0 -1.18306 0 0 0 0 -1.17595
471 472 0.00502363 0 -1.07628 0 0 0 0 -1.07126
472 473 0.154614 0 -1.1843 0 0 0 0 -1.02969
473 474 0.000445243 0 -1.00941 0 0 0 0 -1.00896
474 475 0.00190074 0 -0.8299 0 0 0 0 -0.827999
475 476 0.0910565 0 0 0 0 0 0 0.0910565
473 477 0 0 0 0 0 -7.11476e-08 0 -7.11476e-08
476 477 0.0413176 0 -0.935244 0 0 0 0 -0.893926
473 478 0 0 0 0 0 -0.115469 0 -0.115469
472 478 0 0 0 0 -0.373823 0 -0 -0.373823
471 478 0 0 0 0 -0 -0.136851 0 -0.136851
477 478 0.0366732 0 -1.20504 0 0 0 0 -1.16836
472 479 0 0 0 0 -0 -0.17004 0 -0.17004
471 479 0 0 0 0 -0.505383 0 -0 -0.505383
470 479 0 0 0 0 -0 -0.198313 0 -0.198313
478 479 0.000408832 0 -1.2566 0 0 0 0 -1.2562
480 481 0.00399474 0 -1.04977 0 0 0 0 -1.04577
481 482 0.0152804 0 -1.14392 0 0 0 0 -1.12864
482 483 0.051872 0 -0.872961 0 0 0 0 -0.821089
483 484 0.0968842 0 -0.945973 0 0 0 0 -0.849089
484 485 0.0023097 0 -1.17958 0 0 0 0 -1.17727
485 486 0.000748561 0 -1.19676 0 0 0 0 -1.19601
486 487 0.183845 0 -1.35667 0 0 0 0 -1.17282
487 488 0.000525881 0 -1.11392 0 0 0 0 -1.11339
488 489 0.0274745 0 -1.27439 0 0 0 0 -1.24692
489 490 0.00210254 0 -1.29086 0 0 0 0 -1.28876
490 491 0.0101646 0 -1.19959 0 0 0 0 -1.18942
491 492 0.00487726 0 -1.25336 0 0 0 0 -1.24848
492 493 0.0058741 0 -0.712669 0 0 0 0 -0.706795
493 494 0.0139436 0 -0 0 0 0 0 0.0139436
494 495 0.00763855 0 -1.0891 0 0 0 0 -1.08146
492 496 0 0 0 0 0 -0.150954 -0 -0.150954
495 496 0.00945433 0 -1.26925 0 0 0 0 -1.2598
493 497 0 0 0 0 0 -0.0798919 0 -0.0798919
492 497 0 0 0 0 -0.585544 0 -0 -0.585544
491 497 0 0 0 0 -1.79195e-31 -0.137884 0 -0.137884
496 497 0.0901915 0 -1.276 0 0 0 0 -1.18581
492 498 0 0 0 0 -0 -0.196012 0 -0.196012
491 498 0 0 0 0 -0.908491 0 -0 -0.908491
490 498 0 0 0 0 -2.2541e-31 -0.161536 0 -0.161536
497 498 3.35679e-09 0 -1.19543 0 0 0 0 -1.19543
491 499 0 0 0 0 -0 -0.15239 0 -0.15239
490 499 0 0 0 0 -0.699902 0 -0 -0.699902
489 499 0 0 0 0 0 -0.113778 0 -0.113778
498 499 0.0740244 0 -1.184 0 0 0 0 -1.10998
368 501 0 0 0 0 0 -0.00336281 0 -0.00336281
367 501 0 0 0 0 0 -0.0625658 0 -0.0625658
500 501 0.00576887 0 -1.2566 0 0 0 0 -1.25083
368 502 0 0 0 0 0 -0.000108265 0 -0.000108265
366 502 0 0 0 0 0 -0.170324 0 -0.170324
501 502 0.0430659 0 -1.2088 0 0 0 0 -1.16574
367 503 0 0 0 0 0 -0.19441 0 -0.19441
366 503 0 0 0 0 -0.833448 0 -0 -0.833448
365 503 0 0 0 0 -0 -0.124197 0 -0.124197
502 503 0.00067937 0 -1.35862 0 0 0 0 -1.35794
366 504 0 0 0 0 0 -0.0727276 0 -0.0727276
364 504 0 0 0 0 -0 -0.117092 -0 -0.117092
503 504 0.0276468 0 -1.05284 0 0 0 0 -1.02519
363 505 0 0 0 0 -3.89469e-29 -0.148647 -0 -0.148647
365 505 0 0 0 0 0 -0.133587 0 -0.133587
364 505 0 0 0 0 -0.717452 0 -0 -0.717452
504 505 0.00190577 0 -1.40146 0 0 0 0 -1.39955
363 506 0 0 0 0 -0.705176 0 -0 -0.705176
362 506 0 0 0 0 -4.38844e-31 -0.169098 0 -0.169098
364 506 0 0 0 0 -0 -0.0747932 -0 -0.0747932
505 506 5.8141e-05 0 -1.13433 0 0 0 0 -1.13427
363 507 0 0 0 0 -0 -0.175052 0 -0.175052
362 507 0 0 0 0 -0.86967 0 -0 -0.86967
361 507 0 0 0 0 0 -0.0709901 -0 -0.0709901
506 507 0.0140015 0 -1.29563 0 0 0 0 -1.28163
362 508 0 0 0 0 0 -0.139502 0 -0.139502
361 508 0 0 0 0 -0.75661 0 -0 -0.75661
360 508 0 0 0 0 -2.80685e-29 -0.193267 0 -0.193267
507 508 0.00233783 0 -0.209161 0 0 0 0 -0.206823
361 509 0 0 0 0 -0 -0.114251 0 -0.114251
360 509 0 0 0 0 -0.83054 0 -0 -0.83054
4 509 0 0 0 0 0 -0.155748 0 -0.155748
508 509 0.0488211 0 -1.29135 0 0 0 0 -1.24253
360 510 0 0 0 0 0 -0.146121 0 -0.146121
4 510 0 0 0 0 -0.80676 0 -0 -0.80676
3 510 0 0 0 0 -1.3521e-29 -0.0999012 0 -0.0999012
509 510 0.00732054 0 -1.22409 0 0 0 0 -1.21677
4 511 0 0 0 0 -0 -0.158087 0 -0.158087
3 511 0 0 0 0 -0.680809 0 -0 -0.680809
2 511 0 0 0 0 0 -0.0624822 0 -0.0624822
510 511 0.00367748 0 -1.15716 0 0 0 0 -1.15349
3 512 0 0 0 0 0 -0.155987 0 -0.155987
2 512 0 0 0 0 -0.715096 0 -0 -0.715096
1 512 0 0 0 0 -1.2426e-29 -0.195187 0 -0.195187
511 512 0.0207644 0 -0.787796 0 0 0 0 -0.767032
2 513 0 0 0 0 -0 -0.140708 0 -0.140708
1 513 0 0 0 0 -0.855259 0 -0 -0.855259
0 513 0 0 0 0 -0 -0.175411 0 -0.175411
512 513 0.0032178 0 -1.22078 0 0 0 0 -1.21756
1 514 0 0 0 0 -0 -0.160501 0 -0.160501
0 514 0 0 0 0 -0.503518 0 -0 -0.503518
513 514 0.011227 0 -1.2075 0 0 0 0 -1.19628
0 515 0 0 0 0 0 -0.171622 0 -0.171622
514 515 0.0391615 0 -1.26616 0 0 0 0 -1.227
515 516 0.00924183 0 -0.922025 0 0 0 0 -0.912783
516 517 0.0253302 0 -0.972301 0 0 0 0 -0.946971
517 518 0.0199483 0 -1.02304 0 0 0 0 -1.00309
518 519 0.00344391 0 0 0 0 0 0 0.00344391
387 521 0 0 0 0 0 -0.0409296 0 -0.0409296
520 521 0.0324614 0 0 0 0 0 0 0.0324614
386 522 0 0 0 0 0 -0.106532 0 -0.106532
521 522 0.126384 0 -1.20888 0 0 0 0 -1.0825
387 523 0 0 0 0 0 -0.104407 -0 -0.104407
386 523 0 0 0 0 -0.430926 0 -0 -0.430926
385 523 0 0 0 0 -9.97328e-30 -0.0758069 0 -0.0758069
522 523 0.0435522 0 -1.41545 0 0 0 0 -1.3719
386 524 0 0 0 0 0 -0.0959156 0 -0.0959156
385 524 0 0 0 0 0 -2.10529e-06 0 -2.10529e-06
384 524 0 0 0 0 -2.01342e-28 -0.0259741 0 -0.0259741
523 524 0.000368213 0 -1.10527 0 0 0 0 -1.1049
385 525 0 0 0 0 0 -0.0563418 -0 -0.0563418
384 525 0 0 0 0 -0.779614 0 -0 -0.779614
383 525 0 0 0 0 -0 -0.149143 0 -0.149143
524 525 0.184325 0 -1.13558 0 0 0 0 -0.951252
384 526 0 0 0 0 -0 -0.0981527 0 -0.0981527
383 526 0 0 0 0 -0.459201 0 -0 -0.459201
382 526 0 0 0 0 -6.04164e-21 -0.0927892 0 -0.0927892
525 526 0.167496 0 -1.20446 0 0 0 0 -1.03696
383 527 0 0 0 0 -0 -0.170122 0 -0.170122
382 527 0 0 0 0 -0.744819 0 -0 -0.744819
381 527 0 0 0 0 0 -0.145775 0 -0.145775
526 527 0.122633 0 -1.22128 0 0 0 0 -1.09865
382 528 0 0 0 0 0 -0.125647 0 -0.125647
381 528 0 0 0 0 -0.665069 0 -0 -0.665069
380 528 0 0 0 0 -5.77539e-28 -0.0554047 -0 -0.0554047
527 528 0.00181564 0 -1.2627 0 0 0 0 -1.26088
381 529 0 0 0 0 -0 -0.135045 0 -0.135045
380 529 0 0 0 0 -0.547267 0 -0 -0.547267
528 529 0.108628 0 -1.30799 0 0 0 0 -1.19936
380 530 0 0 0 0 0 -0.0612051 0 -0.0612051
529 530 0.0606594 0 -1.13287 0 0 0 0 -1.07221
530 531 0.00353917 0 -1.08772 0 0 0 0 -1.08418
531 532 0.0116031 0 0 0 0 0 0 0.0116031
532 533 0.0955292 0 -1.05975 0 0 0 0 -0.964221
533 534 0.0278121 0 -0.975146 0 0 0 0 -0.947334
534 535 0.063676 0 -0.94408 0 0 0 0 -0.880404
535 536 0.0033171 0 -1.19275 0 0 0 0 -1.18944
536 537 0.26064 0 -0.928182 0 0 0 0 -0.667542
537 538 0.00029282 0 -1.18627 0 0 0 0 -1.18598
538 539 0.0561927 0 0 0 0 0 0 0.0561927
540 541 0.0823613 0 -0.903073 0 0 0 0 -0.820712
541 542 0.000383431 0 -1.27597 0 0 0 0 -1.27559
542 543 0.0723373 0 -1.37001 0 0 0 0 -1.29768
543 544 0.0526334 0 -1.0203 0 0 0 0 -0.967666
544 545 0.0784563 0 -1.18374 0 0 0 0 -1.10528
545 546 0.0273312 0 -1.21098 0 0 0 0 -1.18365
546 547 0.114813 0 -1.29417 0 0 0 0 -1.17936
547 548 0.00946579 0 -1.06798 0 0 0 0 -1.05851
548 549 0.0750971 0 -1.22695 0 0 0 0 -1.15186
549 550 0.000290788 0 -1.27051 0 0 0 0 -1.27022
550 551 0.081013 0 -0.896427 0 0 0 0 -0.815414
551 552 0.0102982 0 -1.18871 0 0 0 0 -1.17841
550 553 0 0 0 0 0 -0.0288294 -0 -0.0288294
552 553 0.011975 0 -0 0 0 0 0 0.011975
550 554 0 0 0 0 0 -2.25753e-06 -0 -2.25753e-06
549 554 0 0 0 0 0 -0.12586 0 -0.12586
553 554 0.0883693 0 -1.06929 0 0 0 0 -0.980917
550 555 0 0 0 0 0 -0.152827 0 -0.152827
549 555 0 0 0 0 -0.781642 0 -0 -0.781642
548 555 0 0 0 0 -4.07e-28 -0.106021 0 -0.106021
554 555 0.00881393 0 -1.19262 0 0 0 0 -1.18381
549 556 0 0 0 0 -0 -0.147201 -0 -0.147201
548 556 0 0 0 0 -0.691666 0 -0 -0.691666
547 556 0 0 0 0 0 -0.0765748 -0 -0.0765748
555 556 0.013321 0 -1.21699 0 0 0 0 -1.20367
548 557 0 0 0 0 0 -0.113123 0 -0.113123
547 557 0 0 0 0 -0.711932 0 -0 -0.711932
546 557 0 0 0 0 -3.46337e-29 -0.112991 0 -0.112991
556 557 0.00438331 0 -1.11442 0 0 0 0 -1.11004
547 558 0 0 0 0 -0 -0.165053 0 -0.165053
546 558 0 0 0 0 -0.874738 0 -0 -0.874738
545 558 0 0 0 0 -0 -0.139385 0 -0.139385
557 558 0.0843752 0 -1.19983 0 0 0 0 -1.11546
546 559 0 0 0 0 -0 -0.151573 0 -0.151573
545 559 0 0 0 0 -0.263948 0 -0 -0.263948
558 559 0.0111608 0 -1.22088 0 0 0 0 -1.20972
560 561 0.221388 0 -1.26991 0 0 0 0 -1.04852
561 562 0.105593 0 -1.30662 0 0 0 0 -1.20102
562 563 0.00220885 0 -1.38043 0 0 0 0 -1.37823
563 564 0.420801 0 -1.35736 0 0 0 0 -0.936558
564 565 0.0126367 0 -0 0 0 0 0 0.0126367
565 566 0.0240884 0 -1.01401 0 0 0 0 -0.989925
566 567 0.0948699 0 -1.12594 0 0 0 0 -1.03107
567 568 0.186635 0 -1.20568 0 0 0 0 -1.01904
179 569 0 0 0 0 0 -0.174065 0 -0.174065
568 569 0.00617522 0 -0.916359 0 0 0 0 -0.910184
179 570 0 0 0 0 -0.835242 0 -0 -0.835242
178 570 0 0 0 0 -0 -0.17844 0 -0.17844
569 570 0.00995648 0 -1.25153 0 0 0 0 -1.24158
179 571 0 0 0 0 -0 -0.159162 0 -0.159162
178 571 0 0 0 0 -0.683434 0 -0 -0.683434
177 571 0 0 0 0 0 -0.18079 0 -0.18079
570 571 0.00883448 0 -1.03774 0 0 0 0 -1.0289
176 572 0 0 0 0 -0 -0.128259 -0 -0.128259
178 572 0 0 0 0 0 -0.046627 -0 -0.046627
177 572 0 0 0 0 -0.800771 0 -0 -0.800771
571 572 0.0222864 0 -1.05428 0 0 0 0 -1.03199
176 573 0 0 0 0 -0.558726 0 -0 -0.558726
175 573 0 0 0 0 -9.54398e-20 -0.0634183 0 -0.0634183
177 573 0 0 0 0 -0 -0.13892 0 -0.13892
572 573 0.0629495 0 -1.25609 0 0 0 0 -1.19314
176 574 0 0 0 0 -0 -0.127029 0 -0.127029
175 574 0 0 0 0 -0.69303 0 -0 -0.69303
174 574 0 0 0 0 0 -0.0471249 -0 -0.0471249
573 574 0.0294477 0 -1.12243 0 0 0 0 -1.09298
170 575 0 0 0 0 0 -0.157213 0 -0.157213
169 575 0 0 0 0 -0.814919 0 -0 -0.814919
168 575 0 0 0 0 -1.77563e-28 -0.143764 0 -0.143764
574 575 0.000162772 0 0 0 0 0 0 0.000162772
169 576 0 0 0 0 -0 -0.0810175 -0 -0.0810175
168 576 0 0 0 0 -0.59491 0 -0 -0.59491
167 576 0 0 0 0 0 -0.145277 0 -0.145277
575 576 0.0364298 0 -0.706771 0 0 0 0 -0.670341
168 577 0 0 0 0 0 -0.12258 -0 -0.12258
167 577 0 0 0 0 -0.766526 0 -0 -0.766526
166 577 0 0 0 0 -3.3947e-29 -0.0649782 -0 -0.0649782
576 577 0.0191528 0 -1.32295 0 0 0 0 -1.3038
167 578 0 0 0 0 -0 -0.137227 -0 -0.137227
166 578 0 0 0 0 -0.434838 0 -0 -0.434838
165 578 0 0 0 0 -1.00325e-30 -0.0555907 0 -0.0555907
577 578 0.0250892 0 -1.28611 0 0 0 0 -1.26102
166 579 0 0 0 0 -0 -0.196514 0 -0.196514
165 579 0 0 0 0 -0.686686 0 -0 -0.686686
164 579 0 0 0 0 0 -0.14409 0 -0.14409
578 579 0.00994816 0 -0.896986 0 0 0 0 -0.887038
580 581 0.064659 0 -1.26135 0 0 0 0 -1.19669
581 582 0.104959 0 0 0 0 0 0 0.104959
582 583 0.0238572 0 -1.26548 0 0 0 0 -1.24162
583 584 0.0010036 0 -1.39548 0 0 0 0 -1.39447
584 585 0.181495 0 -1.3212 0 0 0 0 -1.13971
585 586 0.12998 0 -1.13472 0 0 0 0 -1.00474
586 587 0.118775 0 -1.13785 0 0 0 0 -1.01908
587 588 0.020398 0 -1.35848 0 0 0 0 -1.33809
588 589 0.00301784 0 -0.852756 0 0 0 0 -0.849738
589 590 0.00760912 0 -1.26876 0 0 0 0 -1.26115
590 591 0.110198 0 0 0 0 0 0 0.110198
591 592 0.381885 0 -1.26813 0 0 0 0 -0.886248
590 593 0 0 0 0 0 -0.0280587 -0 -0.0280587
592 593 0.00952183 0 -1.2846 0 0 0 0 -1.27508
590 594 0 0 0 0 0 -0.00609821 -0 -0.00609821
589 594 0 0 0 0 0 -0.12536 0 -0.12536
593 594 0.0343877 0 -1.20548 0 0 0 0 -1.17109
590 595 0 0 0 0 0 -0.190894 0 -0.190894
589 595 0 0 0 0 -0.852394 0 -0 -0.852394
588 595 0 0 0 0 -2.3794e-17 -0.080222 0 -0.080222
594 595 0.00291375 0 -1.26361 0 0 0 0 -1.2607
587 596 0 0 0 0 0 -0.131604 0 -0.131604
589 596 0 0 0 0 -0 -0.133078 0 -0.133078
588 596 0 0 0 0 -0.36316 -2.65547e-05 -0 -0.363187
595 596 0.153241 0 -1.03883 0 0 0 0 -0.885592
587 597 0 0 0 0 -0.73231 0 -0 -0.73231
586 597 0 0 0 0 -0 -0.128179 0 -0.128179
588 597 0 0 0 0 0 -0.102426 0 -0.102426
596 597 0.075257 0 -1.2952 0 0 0 0 -1.21995
587 598 0 0 0 0 -0 -0.148773 0 -0.148773
586 598 0 0 0 0 -0.62978 0 -0 -0.62978
585 598 0 0 0 0 -0 -0.181349 0 -0.181349
597 598 0.000325456 0 -1.13681 0 0 0 0 -1.13649
586 599 0 0 0 0 -0 -0.152497 0 -0.152497
585 599 0 0 0 0 -0.578858 0 -0 -0.578858
584 599 0 0 0 0 -0 -0.0785754 0 -0.0785754
598 599 0.00050378 0 -1.07333 0 0 0 0 -1.07283
#Total energy per particle is  -1.10714 and should be -1.1071410
