#id1 id2 FENE BEXC STCK NEXC HB CRSTCK CXSTCK total, t = 200000
0 1 0.037051 0 -1.22324 0 0 0 0 -1.18619
1 2 0.00971793 0 -1.03735 0 0 0 0 -1.02763
2 3 0.00129694 0 -1.16681 0 0 0 0 -1.16551
3 4 0.237452 0 -1.01601 0 0 0 0 -0.778557
4 5 0.000140341 0 0 0 0 0 0 0.000140341
5 6 0.0189979 0 -1.17269 0 0 0 0 -1.1537
6 7 0.0023121 0 -0.895183 0 0 0 0 -0.892871
7 8 0.082651 0 -1.2064 0 0 0 0 -1.12375
8 9 0.0164313 0 -1.23449 0 0 0 0 -1.21806
9 10 0.239701 0 -1.13011 0 0 0 0 -0.890406
10 11 0.042175 0 -1.28226 0 0 0 0 -1.24008
11 12 0.00204528 0 -1.35105 0 0 0 0 -1.349
12 13 0.00424453 0 -1.18433 0 0 0 0 -1.18009
13 14 0.000567059 0 -1.12896 0 0 0 0 -1.12839
14 15 0.00161096 0 -1.17175 0 0 0 0 -1.17014
15 16 0.0639375 0 -1.24901 0 0 0 0 -1.18508
16 17 0.000609273 0 -1.39408 0 0 0 0 -1.39347
17 18 0.197881 0 -0.908605 0 0 0 0 -0.710724
18 19 0.0913666 0 -1.22881 0 0 0 0 -1.13745
20 21 0.0502952 0 -1.34688 0 0 0 0 -1.29659
21 22 0.252369 0 -1.08033 0 0 0 0 -0.827961
22 23 0.0594454 0 -1.16588 0 0 0 0 -1.10643
23 24 0.0357837 0 0 0 0 0 0 0.0357837
24 25 0.0109134 0 -1.33209 0 0 0 0 -1.32118
25 26 0.218776 0 -1.26533 0 0 0 0 -1.04656
26 27 0.000384525 0 -1.24687 0 0 0 0 -1.24648
27 28 0.14257 0 -0 0 0 0 0 0.14257
28 29 3.63169e-05 0 -0 0 0 0 0 3.63169e-05
29 30 0.0951454 0 -1.1012 0 0 0 0 -1.00605
30 31 0.174149 0 -1.36788 0 0 0 0 -1.19373
31 32 0.0487389 0 0 0 0 0 0 0.0487389
32 33 0.0698692 0 -1.29484 0 0 0 0 -1.22498
33 34 0.00263574 0 -1.25145 0 0 0 0 -1.24881
34 35 0.189116 0 0 0 0 0 0 0.189116
35 36 0.00333201 0 -1.09014 0 0 0 0 -1.08681
36 37 0.134382 0 -1.31689 0 0 0 0 -1.18251
37 38 0.00711568 0 -1.2085 0 0 0 0 -1.20138
38 39 0.0425268 0 -1.22951 0 0 0 0 -1.18698
40 41 0.00280324 0 -0.976995 0 0 0 0 -0.974192
41 42 0.0260788 0 -1.20956 0 0 0 0 -1.18348
42 43 0.0434324 0 -1.17168 0 0 0 0 -1.12825
43 44 0.0967804 0 -0.826848 0 0 0 0 -0.730068
44 45 0.30835 0 -1.0395 0 0 0 0 -0.731155
45 46 0.000106615 0 0 0 0 0 0 0.000106615
46 47 0.000999519 0 -0.989055 0 0 0 0 -0.988056
47 48 0.00863688 0 -1.26423 0 0 0 0 -1.2556
48 49 0.0857201 0 -0.408631 0 0 0 0 -0.322911
49 50 0.114405 0 -1.25561 0 0 0 0 -1.1412
50 51 0.118879 0 -1.29187 0 0 0 0 -1.17299
51 52 0.147389 0 -1.32329 0 0 0 0 -1.1759
52 53 0.00759987 0 -0.977467 0 0 0 0 -0.969867
53 54 0.0154162 0 -1.36823 0 0 0 0 -1.35282
54 55 0.00651174 0 -1.16344 0 0 0 0 -1.15692
55 56 1.61822e-06 0 -0.908836 0 0 0 0 -0.908834
56 57 0.038159 0 -1.33518 0 0 0 0 -1.29702
57 58 7.1938e-05 0 -1.15037 0 0 0 0 -1.1503
58 59 0.000911668 0 -1.27364 0 0 0 0 -1.27272
60 61 0.0514436 0 -1.06178 0 0 0 0 -1.01034
61 62 0.00619436 0 -1.28038 0 0 0 0 -1.27418
62 63 0.0399048 0 -1.24158 0 0 0 0 -1.20168
63 64 0.0211583 0 -1.19888 0 0 0 0 -1.17772
64 65 0.0514082 0 -1.07331 0 0 0 0 -1.02191
65 66 0.0516175 0 -0.986849 0 0 0 0 -0.935231
66 67 0.00015505 0 -1.14614 0 0 0 0 -1.14598
67 68 0.00199308 0 -0.930409 0 0 0 0 -0.928416
68 69 0.0644962 0 -1.20162 0 0 0 0 -1.13712
69 70 0.00865108 0 -1.07649 0 0 0 0 -1.06784
70 71 4.88092e-05 0 -1.11918 0 0 0 0 -1.11913
71 72 0.0659705 0 -0.90285 0 0 0 0 -0.836879
72 73 0.019453 0 -1.32865 0 0 0 0 -1.3092
73 74 0.0158548 0 0 0 0 0 0 0.0158548
69 75 0 0 0 0 -0.780396 0 -0 -0.780396
68 75 0 0 0 0 -0 -0.130822 -0 -0.130822
70 75 0 0 0 0 0 -0.100558 0 -0.100558
74 75 0.112908 0 0 0 0 0 0 0.112908
67 76 0 0 0 0 0 -0.0776485 0 -0.0776485
69 76 0 0 0 0 -0 -0.0514034 0 -0.0514034
68 76 0 0 0 0 -0.608624 0 -0 -0.608624
75 76 0.00153481 0 -0.958883 0 0 0 0 -0.957348
67 77 0 0 0 0 -0.457347 0 -0 -0.457347
66 77 0 0 0 0 -2.31753e-17 -0.0231685 0 -0.0231685
68 77 0 0 0 0 0 -0.0326254 0 -0.0326254
76 77 0.00706659 0 -1.20117 0 0 0 0 -1.1941
67 78 0 0 0 0 -0 -0.100359 -0 -0.100359
66 78 0 0 0 0 -0.598982 0 -0 -0.598982
65 78 0 0 0 0 -5.43677e-18 -0.107087 0 -0.107087
77 78 0.107098 0 -1.13707 0 0 0 0 -1.02997
66 79 0 0 0 0 -0 -0.128261 -0 -0.128261
65 79 0 0 0 0 -0.566741 -9.22699e-11 -0 -0.566741
64 79 0 0 0 0 0 -0.133267 0 -0.133267
78 79 0.0573447 0 -1.18037 0 0 0 0 -1.12303
80 81 0.194503 0 -1.16055 0 0 0 0 -0.966048
81 82 0.0342948 0 -0.990023 0 0 0 0 -0.955728
82 83 0.0941309 0 -0 0 0 0 0 0.0941309
83 84 0.0286139 0 -1.28569 0 0 0 0 -1.25708
84 85 0.0709459 0 -0.980526 0 0 0 0 -0.90958
85 86 0.0110944 0 0 0 0 0 0 0.0110944
86 87 0.192175 0 0 0 0 0 0 0.192175
87 88 0.00277642 0 -1.28641 0 0 0 0 -1.28363
88 89 0.0228659 0 -1.34703 0 0 0 0 -1.32417
89 90 0.000469479 0 -1.19157 0 0 0 0 -1.1911
90 91 0.00369496 0 -1.38116 0 0 0 0 -1.37746
91 92 0.021871 0 -0.613303 0 0 0 0 -0.591432
92 93 0.000549349 0 -1.1227 0 0 0 0 -1.12215
93 94 0.0721665 0 -0 0 0 0 0 0.0721665
94 95 0.0192233 0 -1.05128 0 0 0 0 -1.03206
93 96 0 0 0 0 -0 -0.000594831 -0 -0.000594831
92 96 0 0 0 0 0 -0.130117 0 -0.130117
95 96 0.022228 0 -1.23622 0 0 0 0 -1.21399
93 97 0 0 0 0 0 -0.141124 0 -0.141124
92 97 0 0 0 0 -0.743513 0 -0 -0.743513
91 97 0 0 0 0 -0 -0.186731 0 -0.186731
96 97 0.00164829 0 -1.24196 0 0 0 0 -1.24031
92 98 0 0 0 0 -0 -0.117063 0 -0.117063
91 98 0 0 0 0 -0.607507 0 -0 -0.607507
90 98 0 0 0 0 -0 -0.125735 -0 -0.125735
97 98 0.00236556 0 -1.25417 0 0 0 0 -1.2518
91 99 0 0 0 0 -0 -0.200033 0 -0.200033
90 99 0 0 0 0 -0.601993 0 -0 -0.601993
89 99 0 0 0 0 0 -0.141258 -0 -0.141258
98 99 0.00594526 0 -0.675093 0 0 0 0 -0.669148
100 101 0.0903213 0 -1.33474 0 0 0 0 -1.24442
101 102 0.127064 0 -1.14127 0 0 0 0 -1.01421
102 103 0.116578 0 -1.13978 0 0 0 0 -1.0232
103 104 0.000136588 0 -1.24052 0 0 0 0 -1.24039
104 105 0.00267152 0 -1.28898 0 0 0 0 -1.2863
105 106 0.000406867 0 -0.954471 0 0 0 0 -0.954064
106 107 0.0129005 0 0 0 0 0 0 0.0129005
107 108 0.0969289 0 -1.06151 0 0 0 0 -0.964581
108 109 0.0704238 0 -1.01021 0 0 0 0 -0.939785
109 110 0.0101358 0 -1.32378 0 0 0 0 -1.31365
110 111 0.000588231 0 -1.20454 0 0 0 0 -1.20395
111 112 0.00168996 0 -1.23967 0 0 0 0 -1.23798
112 113 0.0234515 0 -1.26375 0 0 0 0 -1.2403
113 114 0.0296165 0 -1.17313 0 0 0 0 -1.14352
114 115 0.0519776 0 -1.3615 0 0 0 0 -1.30952
115 116 0.124699 0 -1.19671 0 0 0 0 -1.07201
116 117 0.0105202 0 -1.37637 0 0 0 0 -1.36585
117 118 0.0264835 0 -1.34294 0 0 0 0 -1.31645
118 119 0.174522 0 -1.10052 0 0 0 0 -0.926001
120 121 0.0108008 0 -0 0 0 0 0 0.0108008
121 122 0.0840801 0 -1.13188 0 0 0 0 -1.0478
122 123 0.0284974 0 -1.15596 0 0 0 0 -1.12746
123 124 0.0523536 0 -1.0321 0 0 0 0 -0.979743
124 125 0.156438 0 -1.11089 0 0 0 0 -0.954449
125 126 0.00461168 0 -1.26135 0 0 0 0 -1.25673
126 127 0.0322938 0 -1.03537 0 0 0 0 -1.00307
106 128 0 0 0 0 0 -0.00273511 0 -0.00273511
105 128 0 0 0 0 0 -0.0200839 0 -0.0200839
127 128 0.0167815 0 0 0 0 0 0 0.0167815
106 129 0 0 0 0 0 -0.000420636 0 -0.000420636
104 129 0 0 0 0 0 -0.155347 -0 -0.155347
128 129 0.0687929 0 -1.25006 0 0 0 0 -1.18127
105 130 0 0 0 0 0 -0.190628 0 -0.190628
104 130 0 0 0 0 -0.859515 0 -0 -0.859515
103 130 0 0 0 0 -8.32369e-29 -0.140924 0 -0.140924
129 130 0.146015 0 -1.36843 0 0 0 0 -1.22242
104 131 0 0 0 0 -0 -0.180812 0 -0.180812
103 131 0 0 0 0 -0.77234 0 -0 -0.77234
102 131 0 0 0 0 0 -0.161182 0 -0.161182
130 131 0.00463079 0 -1.16028 0 0 0 0 -1.15565
103 132 0 0 0 0 0 -0.188224 0 -0.188224
102 132 0 0 0 0 -0.84469 0 -0 -0.84469
101 132 0 0 0 0 -6.33223e-29 -0.0163186 -0 -0.0163186
131 132 0.00779941 0 -1.10513 0 0 0 0 -1.09733
102 133 0 0 0 0 -0 -0.126622 -0 -0.126622
101 133 0 0 0 0 -0.646635 0 -0 -0.646635
100 133 0 0 0 0 -0 -0.115422 0 -0.115422
132 133 0.0403391 0 -0.839383 0 0 0 0 -0.799044
101 134 0 0 0 0 -0 -0.181012 0 -0.181012
100 134 0 0 0 0 -0.730639 0 -0 -0.730639
133 134 0.00708745 0 -0.925269 0 0 0 0 -0.918182
100 135 0 0 0 0 0 -0.00411058 0 -0.00411058
134 135 0.0128788 0 -0.82192 0 0 0 0 -0.809041
135 136 0.113913 0 -1.26557 0 0 0 0 -1.15165
136 137 0.0235471 0 -1.10593 0 0 0 0 -1.08239
137 138 0.0383654 0 -1.24858 0 0 0 0 -1.21021
138 139 0.0312333 0 -1.15507 0 0 0 0 -1.12384
140 141 0.0446821 0 -1.21453 0 0 0 0 -1.16985
141 142 0.157912 0 -1.36734 0 0 0 0 -1.20943
142 143 0.0531446 0 -1.32764 0 0 0 0 -1.2745
143 144 0.00731493 0 -1.12657 0 0 0 0 -1.11925
144 145 0.136464 0 -1.03789 0 0 0 0 -0.901427
145 146 0.0261663 0 0 0 0 0 0 0.0261663
146 147 0.00594818 0 -1.25224 0 0 0 0 -1.24629
147 148 0.0808208 0 -1.27476 0 0 0 0 -1.19394
148 149 0.000106265 0 -1.07585 0 0 0 0 -1.07574
149 150 0.0360045 0 -1.11192 0 0 0 0 -1.07591
150 151 0.0170062 0 -1.21741 0 0 0 0 -1.2004
151 152 0.0166892 0 -1.15809 0 0 0 0 -1.1414
152 153 0.212142 0 -1.04005 0 0 0 0 -0.827908
153 154 0.0061691 0 -0.973549 0 0 0 0 -0.96738
154 155 0.208829 0 -1.36485 0 0 0 0 -1.15602
155 156 0.0318421 0 -0.686041 0 0 0 0 -0.654199
156 157 0.0477605 0 -0.979233 0 0 0 0 -0.931472
157 158 0.0328774 0 -1.21073 0 0 0 0 -1.17785
0 159 0 0 0 0 0 0 -0.64757 -0.64757
158 159 0.00636466 0 -1.2302 0 0 0 0 -1.22383
160 161 0.0106814 0 -1.22704 0 0 0 0 -1.21636
161 162 0.00140484 0 0 0 0 0 0 0.00140484
162 163 0.00442832 0 0 0 0 0 0 0.00442832
163 164 0.00903185 0 -1.28394 0 0 0 0 -1.2749
164 165 0.105206 0 -1.37009 0 0 0 0 -1.26488
165 166 0.0689252 0 -0.943464 0 0 0 0 -0.874539
166 167 0.0652153 0 -0.975167 0 0 0 0 -0.909952
167 168 0.0505962 0 -1.26004 0 0 0 0 -1.20944
168 169 0.000128483 0 -1.17683 0 0 0 0 -1.1767
169 170 0.0180364 0 -1.13624 0 0 0 0 -1.11821
170 171 0.0248199 0 -1.41523 0 0 0 0 -1.39041
171 172 0.17193 0 0 0 0 0 0 0.17193
172 173 0.00748613 0 -1.27263 0 0 0 0 -1.26514
173 174 0.00485279 0 -1.14001 0 0 0 0 -1.13516
174 175 0.041659 0 -1.09837 0 0 0 0 -1.05671
175 176 0.0100813 0 -1.15508 0 0 0 0 -1.14499
176 177 0.228611 0 -1.27563 0 0 0 0 -1.04702
177 178 9.3563e-05 0 -1.09743 0 0 0 0 -1.09734
178 179 0.00165661 0 -1.14133 0 0 0 0 -1.13967
19 180 0 0 0 0 -0 -0 -0.683958 -0.683958
180 181 0.019762 0 -1.10331 0 0 0 0 -1.08355
181 182 0.0145878 0 -0.761884 0 0 0 0 -0.747296
182 183 0.0170785 0 -1.16507 0 0 0 0 -1.14799
183 184 0.024472 0 -0.89273 0 0 0 0 -0.868258
184 185 0.00401452 0 -1.32015 0 0 0 0 -1.31613
185 186 0.00573585 0 -1.02466 0 0 0 0 -1.01892
186 187 0.00687857 0 -1.16896 0 0 0 0 -1.16208
187 188 0.0582837 0 -1.19733 0 0 0 0 -1.13905
186 189 0 0 0 0 0 -0.00107409 -0 -0.00107409
184 189 0 0 0 0 0 -0.107522 0 -0.107522
188 189 0.000890087 0 0 0 0 0 0 0.000890087
183 190 0 0 0 0 -5.18718e-30 -0.135396 0 -0.135396
185 190 0 0 0 0 0 -0.146566 0 -0.146566
184 190 0 0 0 0 -0.594673 0 -0 -0.594673
189 190 0.034224 0 -1.12082 0 0 0 0 -1.0866
183 191 0 0 0 0 -0.844849 0 -0 -0.844849
182 191 0 0 0 0 0 -0.13636 0 -0.13636
184 191 0 0 0 0 -0 -0.177255 0 -0.177255
190 191 0.0023672 0 -1.07406 0 0 0 0 -1.07169
183 192 0 0 0 0 0 -0.0911946 0 -0.0911946
182 192 0 0 0 0 -0.889753 0 -0 -0.889753
181 192 0 0 0 0 -9.7328e-29 -0.0794729 0 -0.0794729
191 192 3.39306e-06 0 -0.919974 0 0 0 0 -0.919971
182 193 0 0 0 0 -0 -0.109775 0 -0.109775
181 193 0 0 0 0 -0.642058 0 -0 -0.642058
180 193 0 0 0 0 -0 -0.0784612 0 -0.0784612
192 193 0.212059 0 -1.16113 0 0 0 0 -0.94907
181 194 0 0 0 0 -0 -0.0988783 -0 -0.0988783
180 194 0 0 0 0 -0.777354 0 -0 -0.777354
19 194 0 0 0 0 0 -0.151262 0 -0.151262
193 194 0.0717388 0 -1.28799 0 0 0 0 -1.21625
18 195 0 0 0 0 -2.98625e-28 -0.151658 0 -0.151658
180 195 0 0 0 0 0 -0.131283 0 -0.131283
19 195 0 0 0 0 -0.721513 0 -0 -0.721513
194 195 0.0168138 0 -1.15057 0 0 0 0 -1.13376
18 196 0 0 0 0 -0.801538 0 -0 -0.801538
17 196 0 0 0 0 -7.52769e-29 -0.048235 0 -0.048235
19 196 0 0 0 0 -0 -0.180663 0 -0.180663
195 196 0.0306699 0 -1.03178 0 0 0 0 -1.00111
16 197 0 0 0 0 0 -0.0917073 0 -0.0917073
18 197 0 0 0 0 -0 -0.110299 0 -0.110299
17 197 0 0 0 0 -0.367278 0 -0 -0.367278
196 197 0.0152298 0 -1.09513 0 0 0 0 -1.0799
16 198 0 0 0 0 -0.773606 0 -0 -0.773606
15 198 0 0 0 0 -2.43041e-29 -0.139518 0 -0.139518
17 198 0 0 0 0 0 -0.137443 -0 -0.137443
197 198 0.0720102 0 -0.732861 0 0 0 0 -0.660851
16 199 0 0 0 0 -0 -0.181841 0 -0.181841
15 199 0 0 0 0 -0.677847 0 -0 -0.677847
14 199 0 0 0 0 0 -0.15846 -0 -0.15846
198 199 0.0576184 0 -0.994779 0 0 0 0 -0.93716
200 201 0.230121 0 -1.05161 0 0 0 0 -0.821489
201 202 0.0284202 0 -1.23933 0 0 0 0 -1.21091
202 203 0.0410231 0 -1.3721 0 0 0 0 -1.33108
203 204 0.0385091 0 -0.870853 0 0 0 0 -0.832344
204 205 0.00189372 0 -1.0715 0 0 0 0 -1.06961
205 206 0.0155732 0 -1.21899 0 0 0 0 -1.20342
206 207 0.0368995 0 -0 0 0 0 0 0.0368995
207 208 0.138289 0 -1.21836 0 0 0 0 -1.08007
206 209 0 0 0 0 0 -0.00507543 -0 -0.00507543
205 209 0 0 0 0 -0 -0.0333886 0 -0.0333886
208 209 0.00518418 0 -1.33257 0 0 0 0 -1.32738
204 210 0 0 0 0 0 -0.189692 0 -0.189692
206 210 0 0 0 0 0 -0.153323 -0 -0.153323
209 210 0.0464635 0 -1.27211 0 0 0 0 -1.22565
204 211 0 0 0 0 -0.477031 0 -0 -0.477031
203 211 0 0 0 0 -0 -0.147776 0 -0.147776
205 211 0 0 0 0 0 -0.136975 0 -0.136975
210 211 0.0390821 0 -1.36528 0 0 0 0 -1.3262
204 212 0 0 0 0 0 -0.0486452 0 -0.0486452
202 212 0 0 0 0 -0 -0.00439724 0 -0.00439724
211 212 0.0267021 0 -1.09245 0 0 0 0 -1.06575
203 213 0 0 0 0 0 -6.79313e-05 0 -6.79313e-05
202 213 0 0 0 0 0 -0.00315883 0 -0.00315883
212 213 0.0158892 0 -1.055 0 0 0 0 -1.03911
213 214 0.000221667 0 0 0 0 0 0 0.000221667
214 215 0.0526874 0 -1.35072 0 0 0 0 -1.29804
215 216 0.0107217 0 0 0 0 0 0 0.0107217
216 217 0.00576832 0 -1.40364 0 0 0 0 -1.39787
217 218 0.00764709 0 -1.2208 0 0 0 0 -1.21316
218 219 0.13333 0 0 0 0 0 0 0.13333
220 221 0.00406 0 -1.32823 0 0 0 0 -1.32417
221 222 0.0443125 0 -1.25964 0 0 0 0 -1.21533
222 223 0.0100319 0 -1.25048 0 0 0 0 -1.24045
223 224 0.00497081 0 -0.903005 0 0 0 0 -0.898035
224 225 0.0021933 0 -1.23997 0 0 0 0 -1.23778
225 226 0.0131179 0 -1.38338 0 0 0 0 -1.37026
226 227 0.0313061 0 -1.09626 0 0 0 0 -1.06495
227 228 0.017352 0 -0.984435 0 0 0 0 -0.967083
228 229 8.90921e-05 0 -1.30489 0 0 0 0 -1.3048
229 230 0.0694124 0 -1.20648 0 0 0 0 -1.13707
230 231 0.0338486 0 -1.31544 0 0 0 0 -1.28159
231 232 0.0267235 0 -1.39521 0 0 0 0 -1.36849
232 233 0.00639601 0 -1.37075 0 0 0 0 -1.36436
233 234 0.278216 0 -1.14374 0 0 0 0 -0.865525
50 235 0 0 0 0 -9.38121e-10 -0.0970128 0 -0.0970128
49 235 0 0 0 0 0 -0.0111146 -0 -0.0111146
48 235 0 0 0 0 0 -0.000387321 0 -0.000387321
234 235 0.00775732 0 -0 0 0 0 0 0.00775732
49 236 0 0 0 0 -0 -0.0616494 0 -0.0616494
48 236 0 0 0 0 -0.462344 0 -0 -0.462344
47 236 0 0 0 0 0 -0.184233 0 -0.184233
235 236 1.02812e-05 0 -1.22811 0 0 0 0 -1.2281
48 237 0 0 0 0 0 -0.184772 0 -0.184772
47 237 0 0 0 0 -0.804567 0 -0 -0.804567
46 237 0 0 0 0 -0 -0.091298 0 -0.091298
236 237 0.0255328 0 -1.26493 0 0 0 0 -1.23939
47 238 0 0 0 0 0 -0.182631 0 -0.182631
234 238 0 0 0 0 0 -0.0994929 -0 -0.0994929
46 238 0 0 0 0 0 -0.00104091 -0 -0.00104091
232 238 0 0 0 0 0 -0.136835 0 -0.136835
237 238 0.0199906 0 -1.28615 0 0 0 0 -1.26616
233 239 0 0 0 0 0 -0.178271 0 -0.178271
46 239 0 0 0 0 0 -0.00788032 -0 -0.00788032
232 239 0 0 0 0 -0.826062 0 -0 -0.826062
231 239 0 0 0 0 0 -0.143531 0 -0.143531
238 239 0.00519167 0 -1.08221 0 0 0 0 -1.07701
240 241 0.0231436 0 -1.39474 0 0 0 0 -1.3716
241 242 0.030638 0 -1.31481 0 0 0 0 -1.28417
242 243 0.131596 0 -1.26982 0 0 0 0 -1.13822
243 244 0.000522554 0 -0.892193 0 0 0 0 -0.891671
244 245 0.0576258 0 -1.18275 0 0 0 0 -1.12513
245 246 0.0145442 0 -1.32798 0 0 0 0 -1.31343
246 247 0.0794647 0 -1.23059 0 0 0 0 -1.15113
247 248 0.00452924 0 0 0 0 0 0 0.00452924
246 249 0 0 0 0 0 -0.161188 0 -0.161188
245 249 0 0 0 0 -0.453514 0 -0 -0.453514
244 249 0 0 0 0 0 -0.0778015 -0 -0.0778015
248 249 0.00050942 0 -0 0 0 0 0 0.00050942
245 250 0 0 0 0 0 -0.12126 0 -0.12126
244 250 0 0 0 0.079524 0 0 -0 0.079524
243 250 0 0 0 0 0 -0.082043 -0 -0.082043
249 250 0.00703219 0 -1.34361 0 0 0 0 -1.33658
242 251 0 0 0 0 0 -0.15851 -0 -0.15851
244 251 0 0 0 0 -0 -0.0416035 -0 -0.0416035
243 251 0 0 0 0 -0.73027 0 -0 -0.73027
250 251 0.183289 0 -1.23307 0 0 0 0 -1.04978
241 252 0 0 0 0 -0 -0.0481698 -0 -0.0481698
242 252 0 0 0 0 -0.532075 0 -0 -0.532075
243 252 0 0 0 0 0 -0.119295 0 -0.119295
251 252 0.0181695 0 -1.20755 0 0 0 0 -1.18938
242 253 0 0 0 0 0 -0.0965937 0 -0.0965937
252 253 0.00446882 0 -1.27947 0 0 0 0 -1.275
241 254 0 0 0 0 0 -0.00249591 0 -0.00249591
240 254 0 0 0 0 0 -0.00196775 -0 -0.00196775
253 254 0.101883 0 -1.13699 0 0 0 0 -1.0351
254 255 0.0620679 0 -1.18314 0 0 0 0 -1.12107
255 256 0.00219326 0 -1.11439 0 0 0 0 -1.1122
256 257 0.0864142 0 -1.24046 0 0 0 0 -1.15404
257 258 0.000226375 0 -1.3683 0 0 0 0 -1.36807
258 259 0.00726108 0 -0.840465 0 0 0 0 -0.833204
155 260 0 0 0 0 0 -0.124944 -0 -0.124944
154 260 0 0 0 0 -0.69183 0 -0 -0.69183
153 260 0 0 0 0 -0 -0.00227441 -0 -0.00227441
154 261 0 0 0 0 -0 -0.110254 0 -0.110254
153 261 0 0 0 0 -0.779312 0 -0 -0.779312
152 261 0 0 0 0 -0 -0.0538616 0 -0.0538616
260 261 0.0459926 0 -1.10743 0 0 0 0 -1.06144
151 262 0 0 0 0 0 -0.149946 0 -0.149946
153 262 0 0 0 0 -0 -0.182944 0 -0.182944
152 262 0 0 0 0 -0.685665 0 -0 -0.685665
261 262 0.112088 0 -1.21096 0 0 0 0 -1.09888
151 263 0 0 0 0 -0.776703 0 -0 -0.776703
150 263 0 0 0 0 -0 -0.0808317 -0 -0.0808317
152 263 0 0 0 0 0 -0.15268 0 -0.15268
262 263 0.000164241 0 -0.975044 0 0 0 0 -0.974879
151 264 0 0 0 0 -0 -0.172274 0 -0.172274
150 264 0 0 0 0 -0.557775 0 -0 -0.557775
149 264 0 0 0 0 0 -0.157908 -0 -0.157908
263 264 0.119846 0 -1.36276 0 0 0 0 -1.24292
150 265 0 0 0 0 0 -0.149273 0 -0.149273
149 265 0 0 0 8.40109e-05 0 0 -0 8.40109e-05
148 265 0 0 0 0 0 -0.0202811 -0 -0.0202811
264 265 0.00478797 0 -1.31102 0 0 0 0 -1.30623
147 266 0 0 0 0 0 -0.151691 -0 -0.151691
145 266 0 0 0 0.000865841 0 -0 -0 0.000865841
149 266 0 0 0 0 -0 -0.133449 0 -0.133449
148 266 0 0 0 0 -0.800789 0 -0 -0.800789
265 266 0.0236771 0 -0.805797 0 0 0 0 -0.782119
147 267 0 0 0 0 -0.795695 0 -0 -0.795695
146 267 0 0 0 0 -0 -0.163628 -0 -0.163628
148 267 0 0 0 0 0 -0.0679303 -0 -0.0679303
266 267 0.0103038 0 -0.924587 0 0 0 0 -0.914283
147 268 0 0 0 0 0 -0.0016623 0 -0.0016623
146 268 0 0 0 0 0 -0.0187037 -0 -0.0187037
145 268 0 0 0 0 0 -0.00132098 0 -0.00132098
144 268 0 0 0 0 0 -1.19193e-09 -0 -1.19193e-09
143 268 0 0 0 0 0 -0.145535 0 -0.145535
267 268 0.0167253 0 -1.20893 0 0 0 0 -1.1922
144 269 0 0 0 0 0 -0.169237 0 -0.169237
142 269 0 0 0 0 0 -0.159011 0 -0.159011
268 269 0.00326171 0 -1.31273 0 0 0 0 -1.30947
141 270 0 0 0 0 -2.07757e-28 -0.112937 -0 -0.112937
143 270 0 0 0 0 0 -0.130157 0 -0.130157
142 270 0 0 0 0 -0.793333 0 -0 -0.793333
269 270 0.126987 0 -1.11032 0 0 0 0 -0.983337
140 271 0 0 0 0 0 -0.0572053 -0 -0.0572053
142 271 0 0 0 0 0 -0.160616 0 -0.160616
270 271 0.0130307 0 -1.02168 0 0 0 0 -1.00865
141 272 0 0 0 0 -0 -0.111938 -0 -0.111938
140 272 0 0 0 0 -0.599455 0 -0 -0.599455
271 272 0.0213067 0 -1.26107 0 0 0 0 -1.23976
140 273 0 0 0 0 0 -0.00716128 0 -0.00716128
272 273 0.000517794 0 -1.29748 0 0 0 0 -1.29696
273 274 0.00397538 0 -1.10775 0 0 0 0 -1.10378
274 275 0.0179649 0 -1.25924 0 0 0 0 -1.24128
275 276 0.0244094 0 -1.2405 0 0 0 0 -1.21609
276 277 0.00115475 0 -1.30821 0 0 0 0 -1.30705
277 278 0.0652306 0 -1.19722 0 0 0 0 -1.13199
278 279 0.00299496 0 -1.21709 0 0 0 0 -1.21409
115 280 0 0 0 0 0 -0.168303 0 -0.168303
114 280 0 0 0 0 -0.676178 0 -0 -0.676178
113 280 0 0 0 0 -0 -0.143499 -0 -0.143499
114 281 0 0 0 0 -0 -0.172027 0 -0.172027
113 281 0 0 0 0 -0.549429 0 -0 -0.549429
112 281 0 0 0 0 -8.5578e-31 -0.095606 0 -0.095606
280 281 0.0948057 0 -1.01585 0 0 0 0 -0.921047
111 282 0 0 0 0 0 -0.0722159 0 -0.0722159
113 282 0 0 0 0 -0 -0.131288 0 -0.131288
112 282 0 0 0 0 -0.753096 0 -0 -0.753096
281 282 0.167361 0 -1.20031 0 0 0 0 -1.03295
111 283 0 0 0 0 -0.786937 0 -0 -0.786937
110 283 0 0 0 0 -5.17754e-29 -0.0607295 0 -0.0607295
112 283 0 0 0 0 0 -0.17932 0 -0.17932
282 283 0.0435555 0 -1.05158 0 0 0 0 -1.00802
111 284 0 0 0 0 -0 -0.148664 0 -0.148664
110 284 0 0 0 0 -0.594389 0 -0 -0.594389
109 284 0 0 0 0 0 -0.0937209 0 -0.0937209
283 284 0.0304112 0 -1.25903 0 0 0 0 -1.22862
110 285 0 0 0 0 0 -0.000154858 -0 -0.000154858
108 285 0 0 0 0 0 -0.14457 0 -0.14457
284 285 0.00332621 0 -0.728401 0 0 0 0 -0.725075
109 286 0 0 0 0 -0 -0.107288 -0 -0.107288
108 286 0 0 0 0 -0.872114 0 -0 -0.872114
107 286 0 0 0 0 0 -0.0667773 -0 -0.0667773
285 286 0.015022 0 -1.16789 0 0 0 0 -1.15287
108 287 0 0 0 0 0 -0.165717 0 -0.165717
107 287 0 0 0 0 -0.692869 0 -0 -0.692869
286 287 0.0472949 0 -1.24072 0 0 0 0 -1.19342
107 288 0 0 0 0 0 -0.039214 -0 -0.039214
287 288 0.00298156 0 -1.18091 0 0 0 0 -1.17793
288 289 0.00855285 0 -0.989404 0 0 0 0 -0.980851
289 290 0.109584 0 -1.31657 0 0 0 0 -1.20699
290 291 0.0715522 0 -1.17072 0 0 0 0 -1.09917
291 292 0.0058161 0 0 0 0 0 0 0.0058161
292 293 0.0397745 0 -1.40352 0 0 0 0 -1.36375
293 294 0.0399259 0 -1.25368 0 0 0 0 -1.21375
294 295 0.0101247 0 -1.03546 0 0 0 0 -1.02533
295 296 0.00448228 0 -1.01237 0 0 0 0 -1.00789
296 297 0.0354969 0 -1.39779 0 0 0 0 -1.36229
297 298 0.00599312 0 -1.09953 0 0 0 0 -1.09353
298 299 0.00863844 0 -1.37928 0 0 0 0 -1.37064
300 301 0.0015231 0 -1.10565 0 0 0 0 -1.10413
301 302 0.119092 0 -1.3867 0 0 0 0 -1.26761
302 303 0.0609897 0 -0.631817 0 0 0 0 -0.570827
303 304 0.000359644 0 -1.41509 0 0 0 0 -1.41473
304 305 0.0288158 0 -1.11316 0 0 0 0 -1.08434
305 306 0.0333839 0 -1.14831 0 0 0 0 -1.11493
306 307 0.0213075 0 -1.31005 0 0 0 0 -1.28875
307 308 0.086865 0 -1.07619 0 0 0 0 -0.989323
308 309 0.00188214 0 -1.14482 0 0 0 0 -1.14293
309 310 0.0703378 0 -1.11643 0 0 0 0 -1.04609
308 311 0 0 0 0 0 -7.02838e-05 -0 -7.02838e-05
306 311 0 0 0 0 0 -0.148841 -0 -0.148841
310 311 0.0161743 0 0 0 0 0 0 0.0161743
305 312 0 0 0 0 0 -0.0807228 -0 -0.0807228
311 312 0.00247418 0 -0.899935 0 0 0 0 -0.897461
306 313 0 0 0 0 -0 -0.126188 0 -0.126188
305 313 0 0 0 0 -0.650016 0 -0 -0.650016
304 313 0 0 0 0 0 -0.185818 0 -0.185818
312 313 0.00370922 0 -1.28798 0 0 0 0 -1.28427
305 314 0 0 0 0 0 -0.168252 0 -0.168252
304 314 0 0 0 0 -0.894321 0 -0 -0.894321
303 314 0 0 0 0 -0 -0.174518 0 -0.174518
313 314 0.0283828 0 -1.12177 0 0 0 0 -1.09338
304 315 0 0 0 0 0 -0.105173 0 -0.105173
302 315 0 0 0 0 0 -0.122349 0 -0.122349
314 315 0.154842 0 -0.74186 0 0 0 0 -0.587018
303 316 0 0 0 0 0 -0.0176254 0 -0.0176254
301 316 0 0 0 0 0 -0.177528 0 -0.177528
315 316 0.033211 0 -1.16637 0 0 0 0 -1.13316
300 317 0 0 0 0 -9.43802e-33 -0.161852 -0 -0.161852
302 317 0 0 0 0 0 -0.139912 0 -0.139912
301 317 0 0 0 0 -0.825494 0 -0 -0.825494
316 317 0.056141 0 -1.27987 0 0 0 0 -1.22373
300 318 0 0 0 0 -0.709293 0 -0 -0.709293
301 318 0 0 0 0 -0 -0.128636 0 -0.128636
317 318 3.24875e-06 0 -1.16709 0 0 0 0 -1.16708
300 319 0 0 0 0 -0 -0.0725234 0 -0.0725234
318 319 7.24977e-05 0 -1.16641 0 0 0 0 -1.16634
10 320 0 0 0 0 0 -0.0616149 0 -0.0616149
9 320 0 0 0 0 -0.791805 0 -0 -0.791805
8 320 0 0 0 0 -3.78255e-29 -0.112276 -0 -0.112276
7 321 0 0 0 0 0 -0.161299 -0 -0.161299
9 321 0 0 0 0 -0 -0.137229 -0 -0.137229
8 321 0 0 0 0 -0.570781 0 -0 -0.570781
320 321 0.0323173 0 -0.683267 0 0 0 0 -0.65095
7 322 0 0 0 0 -0.910082 0 -0 -0.910082
6 322 0 0 0 0 -3.35474e-29 -0.170424 0 -0.170424
8 322 0 0 0 0 0 -0.18225 0 -0.18225
321 322 0.0324219 0 -1.13324 0 0 0 0 -1.10082
5 323 0 0 0 0 -5.41987e-29 -0.18526 0 -0.18526
7 323 0 0 0 0 -0 -0.172204 0 -0.172204
6 323 0 0 0 0 -0.780755 0 -0 -0.780755
322 323 0.116977 0 -1.19959 0 0 0 0 -1.08261
5 324 0 0 0 0 -0.866917 0 -0 -0.866917
6 324 0 0 0 0 -0 -0.121403 -0 -0.121403
323 324 0.000203223 0 -1.06189 0 0 0 0 -1.06169
5 325 0 0 0 0 0 -0.156287 0 -0.156287
324 325 0.000732931 0 -1.27032 0 0 0 0 -1.26959
325 326 0.0386513 0 -1.14871 0 0 0 0 -1.11006
326 327 0.00044204 0 -1.11108 0 0 0 0 -1.11064
327 328 0.000883315 0 -0.966412 0 0 0 0 -0.965529
328 329 0.0829127 0 -1.30107 0 0 0 0 -1.21816
329 330 0.052537 0 -1.16535 0 0 0 0 -1.11282
330 331 0.0257904 0 -1.06261 0 0 0 0 -1.03682
331 332 0.0164587 0 -1.38365 0 0 0 0 -1.36719
332 333 0.0337913 0 -1.25537 0 0 0 0 -1.22158
333 334 0.144418 0 -1.14831 0 0 0 0 -1.0039
334 335 0.01863 0 0 0 0 0 0 0.01863
335 336 0.0834774 0 -1.08369 0 0 0 0 -1.00022
336 337 0.128997 0 -1.17529 0 0 0 0 -1.0463
337 338 0.0169802 0 -1.22267 0 0 0 0 -1.20569
338 339 0.0460205 0 -0.97208 0 0 0 0 -0.92606
340 341 0.0156073 0 -0.698399 0 0 0 0 -0.682791
341 342 0.00913097 0 0 0 0 0 0 0.00913097
342 343 0.115759 0 -0.358829 0 0 0 0 -0.24307
343 344 0.0214559 0 -1.24394 0 0 0 0 -1.22248
344 345 0.00384613 0 -1.09633 0 0 0 0 -1.09248
345 346 0.00703826 0 -0.690641 0 0 0 0 -0.683603
346 347 0.0220554 0 -1.2101 0 0 0 0 -1.18804
347 348 9.84022e-05 0 -1.2308 0 0 0 0 -1.2307
348 349 0.0539158 0 -1.33115 0 0 0 0 -1.27724
349 350 0.119707 0 -1.2002 0 0 0 0 -1.08049
350 351 2.14095e-05 0 -1.02899 0 0 0 0 -1.02897
351 352 0.0165165 0 -0.956688 0 0 0 0 -0.940172
352 353 0.0533977 0 0 0 0 0 0 0.0533977
353 354 0.0769613 0 -1.19777 0 0 0 0 -1.1208
354 355 0.0681162 0 -1.30444 0 0 0 0 -1.23633
355 356 0.00858102 0 -1.17559 0 0 0 0 -1.16701
356 357 6.36484e-06 0 0 0 0 0 0 6.36484e-06
357 358 0.00474563 0 -1.2241 0 0 0 0 -1.21935
358 359 0.0388214 0 -1.05859 0 0 0 0 -1.01977
4 360 0 0 0 0 -0 -0 -0.70096 -0.70096
360 361 0.0216772 0 -1.23357 0 0 0 0 -1.2119
361 362 0.0370554 0 -1.26328 0 0 0 0 -1.22622
362 363 0.0208769 0 -1.28115 0 0 0 0 -1.26028
363 364 0.0857349 0 -0.819588 0 0 0 0 -0.733853
364 365 0.00884807 0 -1.23687 0 0 0 0 -1.22803
365 366 0.0168765 0 -1.34717 0 0 0 0 -1.33029
366 367 0.0309267 0 -1.39187 0 0 0 0 -1.36094
367 368 0.000749526 0 -1.39441 0 0 0 0 -1.39366
368 369 5.40364e-05 0 -1.11911 0 0 0 0 -1.11906
369 370 0.0635279 0 -1.33176 0 0 0 0 -1.26823
370 371 0.0316188 0 -0.87603 0 0 0 0 -0.844411
371 372 0.0231776 0 -0.886716 0 0 0 0 -0.863538
372 373 0.0232895 0 -1.24042 0 0 0 0 -1.21713
373 374 9.93758e-07 0 -1.23739 0 0 0 0 -1.23739
374 375 0.0265753 0 -1.28224 0 0 0 0 -1.25566
375 376 0.00930482 0 -1.28663 0 0 0 0 -1.27733
376 377 0.105633 0 -1.29251 0 0 0 0 -1.18688
377 378 0.000475262 0 -1.06858 0 0 0 0 -1.0681
378 379 0.0195966 0 -1.17114 0 0 0 0 -1.15154
380 381 0.0296866 0 -0.770512 0 0 0 0 -0.740825
381 382 0.000633695 0 -1.33269 0 0 0 0 -1.33206
382 383 0.0389933 0 -1.22067 0 0 0 0 -1.18168
383 384 0.0500441 0 -1.3428 0 0 0 0 -1.29276
384 385 0.0248498 0 -0.860327 0 0 0 0 -0.835477
385 386 0.0224477 0 -0.893988 0 0 0 0 -0.87154
386 387 0.0931335 0 -1.16455 0 0 0 0 -1.07142
387 388 0.0204503 0 0 0 0 0 0 0.0204503
388 389 0.0897735 0 -1.37399 0 0 0 0 -1.28421
389 390 0.059439 0 -1.36037 0 0 0 0 -1.30094
390 391 0.0350932 0 -1.3063 0 0 0 0 -1.2712
391 392 0.00113093 0 -1.14686 0 0 0 0 -1.14572
392 393 0.0843559 0 -0.974033 0 0 0 0 -0.889677
393 394 0.109967 0 -1.23564 0 0 0 0 -1.12568
394 395 0.207087 0 -0.98913 0 0 0 0 -0.782044
395 396 0.0548004 0 -1.08077 0 0 0 0 -1.02597
396 397 0.00431075 0 -1.36182 0 0 0 0 -1.35751
397 398 0.0569199 0 -1.15415 0 0 0 0 -1.09723
398 399 0.0111012 0 0 0 0 0 0 0.0111012
400 401 0.00183486 0 0 0 0 0 0 0.00183486
401 402 0.0718325 0 -1.37106 0 0 0 0 -1.29923
402 403 0.00671262 0 -1.02483 0 0 0 0 -1.01811
403 404 0.00495545 0 -1.10073 0 0 0 0 -1.09578
404 405 0.012524 0 -1.22418 0 0 0 0 -1.21165
405 406 0.0332539 0 -1.0853 0 0 0 0 -1.05204
403 407 0 0 0 0 0 -0.0541629 0 -0.0541629
404 407 0 0 0 0 0 -0.0695978 -0 -0.0695978
406 407 0.00571304 0 0 0 0 0 0 0.00571304
403 408 0 0 0 0 0 -0.163599 0 -0.163599
401 408 0 0 0 0 -0 -0.162771 0 -0.162771
407 408 0.00105067 0 -0.875689 0 0 0 0 -0.874639
402 409 0 0 0 0 0 -0.161778 0 -0.161778
401 409 0 0 0 0 -0.740933 0 -0 -0.740933
408 409 0.00214033 0 -1.22834 0 0 0 0 -1.2262
401 410 0 0 0 0 0 -0.090652 0 -0.090652
409 410 0.00577534 0 -1.15919 0 0 0 0 -1.15341
410 411 0.00200645 0 -1.12734 0 0 0 0 -1.12533
411 412 0.0267369 0 -0.926705 0 0 0 0 -0.899968
412 413 0.0135173 0 -1.21587 0 0 0 0 -1.20235
413 414 0.000178272 0 -1.24863 0 0 0 0 -1.24845
414 415 0.00418555 0 -1.17766 0 0 0 0 -1.17347
412 416 0 0 0 0 0 -0.138922 0 -0.138922
413 416 0 0 0 0 -0 -0.00243972 -0 -0.00243972
415 416 0.000464746 0 -0 0 0 0 0 0.000464746
412 417 0 0 0 0 -0.737941 0 -0 -0.737941
411 417 0 0 0 0 -9.2984e-29 -0.179189 0 -0.179189
413 417 0 0 0 0 0 -0.0555701 0 -0.0555701
416 417 0.0136105 0 -1.23941 0 0 0 0 -1.2258
410 418 0 0 0 0 -9.50565e-30 -0.130342 0 -0.130342
412 418 0 0 0 0 -0 -0.204537 0 -0.204537
411 418 0 0 0 0 -0.694016 0 -0 -0.694016
417 418 0.0122749 0 -1.30845 0 0 0 0 -1.29618
410 419 0 0 0 0 -0.787804 0 -0 -0.787804
409 419 0 0 0 0 0 -0.191065 0 -0.191065
411 419 0 0 0 0 -0 -0.152521 0 -0.152521
401 419 0 0 0 0 0 0 -0.748206 -0.748206
418 419 0.0322513 0 -1.07053 0 0 0 0 -1.03828
23 420 0 0 0 0 0 -0.0116756 0 -0.0116756
22 421 0 0 0 0 0 -0.149715 0 -0.149715
23 421 0 0 0 0 -0.563854 0 -0 -0.563854
420 421 0.091546 0 -1.28706 0 0 0 0 -1.19551
22 422 0 0 0 0 -0.571108 0 -0 -0.571108
21 422 0 0 0 0 -0 -0.024795 -0 -0.024795
23 422 0 0 0 0 0 -0.0865827 -0 -0.0865827
421 422 0.0789772 0 -1.08437 0 0 0 0 -1.00539
22 423 0 0 0 0 0 -0.0057257 0 -0.0057257
21 423 0 0 0 0 0 -0.00513286 -0 -0.00513286
422 423 0.00811278 0 -1.2443 0 0 0 0 -1.23619
39 424 0 0 0 0 -0 -0.0838878 -0 -0.0838878
423 424 0.00233523 0 -1.06106 0 0 0 0 -1.05873
38 425 0 0 0 0 -0 -0.128785 0 -0.128785
39 425 0 0 0 0 -0.180645 0 -0 -0.180645
424 425 0.0111077 0 -1.11944 0 0 0 0 -1.10833
38 426 0 0 0 0 -0.625559 0 -0 -0.625559
37 426 0 0 0 0 -0 -0.154437 -0 -0.154437
39 426 0 0 0 0 -0 -0.166271 0 -0.166271
425 426 0.0201541 0 -1.05408 0 0 0 0 -1.03393
38 427 0 0 0 0 -0 -0.108158 0 -0.108158
37 427 0 0 0 0 -0.7162 0 -0 -0.7162
36 427 0 0 0 0 0 -0.0797892 -0 -0.0797892
426 427 0.00197285 0 -1.34638 0 0 0 0 -1.34441
37 428 0 0 0 0 0 -0.0994103 0 -0.0994103
36 428 0 0 0 0 -0.768701 0 -0 -0.768701
35 428 0 0 0 0 -0 -0.127609 0 -0.127609
427 428 9.29493e-05 0 -1.04371 0 0 0 0 -1.04362
36 429 0 0 0 0 -0 -0.137206 0 -0.137206
35 429 0 0 0 0 -0.279881 0 -0 -0.279881
428 429 0.198773 0 -1.34518 0 0 0 0 -1.1464
35 430 0 0 0 0 0 -0.0179621 -0 -0.0179621
429 430 0.0674104 0 -0.939385 0 0 0 0 -0.871975
430 431 0.00148634 0 -1.14699 0 0 0 0 -1.14551
431 432 0.0232446 0 -1.27528 0 0 0 0 -1.25204
432 433 0.0220819 0 -0.960933 0 0 0 0 -0.938851
433 434 0.0379176 0 -1.20149 0 0 0 0 -1.16358
434 435 0.00154986 0 -1.13156 0 0 0 0 -1.13001
433 436 0 0 0 0 -0 -0.000272505 -0 -0.000272505
432 436 0 0 0 0 0 -0.177309 -0 -0.177309
435 436 0.00735744 0 -0 0 0 0 0 0.00735744
433 437 0 0 0 0 0 -0.0898613 0 -0.0898613
432 437 0 0 0 0 -0.799286 0 -0 -0.799286
431 437 0 0 0 0 -0 -0.120137 -0 -0.120137
436 437 0.0600269 0 -0.865683 0 0 0 0 -0.805656
432 438 0 0 0 0 -0 -0.138964 0 -0.138964
431 438 0 0 0 0 -0.774244 0 -0 -0.774244
430 438 0 0 0 0 -0 -0.163953 0 -0.163953
437 438 0.0498295 0 -1.00152 0 0 0 0 -0.951693
431 439 0 0 0 0 -0 -0.101894 0 -0.101894
430 439 0 0 0 0 -0.541622 0 -0 -0.541622
429 439 0 0 0 0 0 -0.157794 0 -0.157794
35 439 0 0 0 0 0 -0 -0.574638 -0.574638
438 439 0.0274669 0 -1.307 0 0 0 0 -1.27953
90 440 0 0 0 0 -0 -0.0608164 0 -0.0608164
89 440 0 0 0 0 0 -0.00381603 -0 -0.00381603
88 440 0 0 0 0 0 -0.0272982 -0 -0.0272982
89 441 0 0 0 0 -0 -0.077713 0 -0.077713
88 441 0 0 0 0 -0.493953 0 -0 -0.493953
87 441 0 0 0 0 0 -0.186353 0 -0.186353
440 441 0.0105715 0 -1.1027 0 0 0 0 -1.09213
88 442 0 0 0 0 0 -0.129347 0 -0.129347
87 442 0 0 0 0 -0.716477 0 -0 -0.716477
441 442 0.011157 0 -1.27093 0 0 0 0 -1.25978
87 443 0 0 0 0 0 -0.147954 0 -0.147954
442 443 0.00396913 0 -1.3978 0 0 0 0 -1.39383
59 444 0 0 0 0 -0 -0.0590869 0 -0.0590869
443 444 0.0154096 0 -0.81489 0 0 0 0 -0.79948
59 445 0 0 0 0 -0.510021 0 -0 -0.510021
58 445 0 0 0 0 -2.20992e-29 -0.0838619 0 -0.0838619
444 445 0.0175573 0 -1.21325 0 0 0 0 -1.1957
57 446 0 0 0 0 -5.30173e-29 -0.137293 0 -0.137293
59 446 0 0 0 0 -0 -0.163438 0 -0.163438
58 446 0 0 0 0 -0.60896 0 -0 -0.60896
445 446 0.00395665 0 -1.1388 0 0 0 0 -1.13485
57 447 0 0 0 0 -0.710393 0 -0 -0.710393
58 447 0 0 0 0 -0 -0.0940221 0 -0.0940221
56 447 0 0 0 0 0 -0.124122 0 -0.124122
446 447 0.0901029 0 -1.16344 0 0 0 0 -1.07333
57 448 0 0 0 0 0 -0.128172 0 -0.128172
56 448 0 0 0 0 -0.740129 0 -0 -0.740129
55 448 0 0 0 0 -1.74069e-30 -0.109399 0 -0.109399
447 448 0.00395193 0 -1.18117 0 0 0 0 -1.17721
56 449 0 0 0 0 -0 -0.101897 0 -0.101897
55 449 0 0 0 0 -0.714114 0 -0 -0.714114
54 449 0 0 0 0 0 -0.0937381 0 -0.0937381
448 449 0.0586494 0 -1.24962 0 0 0 0 -1.19097
448 450 0 0 0 0.0705744 0 0 0 0.0705744
449 450 0.00608436 0 0 0 0 0 0 0.00608436
450 451 0.0146637 0 -1.09865 0 0 0 0 -1.08399
451 452 0.0370951 0 -1.28808 0 0 0 0 -1.25099
452 453 0.0387268 0 -1.2238 0 0 0 0 -1.18507
453 454 0.0588134 0 -0.672819 0 0 0 0 -0.614005
454 455 0.0386934 0 -1.40034 0 0 0 0 -1.36165
455 456 3.44017e-05 0 -1.34576 0 0 0 0 -1.34572
456 457 0.000382038 0 -0.810511 0 0 0 0 -0.810129
457 458 0.070202 0 -1.2283 0 0 0 0 -1.1581
458 459 0.000218896 0 0 0 0 0 0 0.000218896
460 461 0.00612736 0 -1.24794 0 0 0 0 -1.24181
461 462 0.0247064 0 -1.18665 0 0 0 0 -1.16195
462 463 0.000803409 0 -1.30711 0 0 0 0 -1.30631
463 464 0.00147923 0 -1.18513 0 0 0 0 -1.18365
464 465 0.114934 0 0 0 0 0 0 0.114934
465 466 8.48495e-07 0 -1.04461 0 0 0 0 -1.04461
463 467 0 0 0 0 0 -1.50302e-05 -0 -1.50302e-05
466 467 0.00958502 0 -1.14309 0 0 0 0 -1.13351
463 468 0 0 0 0 0 -0.0922915 0 -0.0922915
461 468 0 0 0 0 -0 -0.186358 0 -0.186358
467 468 0.0278201 0 -1.33215 0 0 0 0 -1.30433
462 469 0 0 0 0 0 -0.117827 0 -0.117827
461 469 0 0 0 0 -0.684073 0 -0 -0.684073
460 469 0 0 0 0 0 -0.0340187 0 -0.0340187
468 469 0.0376288 0 -1.25825 0 0 0 0 -1.22062
461 470 0 0 0 0 0 -0.0590523 -0 -0.0590523
469 470 0.0149394 0 -1.25585 0 0 0 0 -1.24091
460 471 0 0 0 0 -0 -0.0396217 -0 -0.0396217
470 471 0.0213568 0 -1.25068 0 0 0 0 -1.22933
471 472 0.0341026 0 -1.27199 0 0 0 0 -1.23789
472 473 0.146222 0 -1.23261 0 0 0 0 -1.08639
473 474 0.0341547 0 -1.18557 0 0 0 0 -1.15142
474 475 0.0447313 0 -1.28892 0 0 0 0 -1.24418
475 476 0.306295 0 -1.31802 0 0 0 0 -1.01172
476 477 0.030097 0 -1.13788 0 0 0 0 -1.10778
477 478 0.0385547 0 -0 0 0 0 0 0.0385547
478 479 0.043824 0 -0.94482 0 0 0 0 -0.900996
480 481 0.0283178 0 -1.20368 0 0 0 0 -1.17536
481 482 0.0104738 0 -1.218 0 0 0 0 -1.20753
482 483 0.0325146 0 -1.20508 0 0 0 0 -1.17257
483 484 0.00976933 0 -1.30048 0 0 0 0 -1.29071
484 485 0.00112919 0 -1.25949 0 0 0 0 -1.25836
485 486 0.0161157 0 -1.17432 0 0 0 0 -1.1582
486 487 0.0267923 0 -1.38173 0 0 0 0 -1.35494
487 488 0.0434704 0 -0.39159 0 0 0 0 -0.34812
488 489 0.393761 0 0 0 0 0 0 0.393761
489 490 0.0287781 0 -1.27038 0 0 0 0 -1.2416
490 491 0.00872305 0 -1.23472 0 0 0 0 -1.22599
491 492 0.0395632 0 -1.20456 0 0 0 0 -1.165
492 493 0.0884878 0 -1.32577 0 0 0 0 -1.23728
493 494 0.00317881 0 -0 0 0 0 0 0.00317881
494 495 0.0292402 0 -0.878766 0 0 0 0 -0.849525
492 496 0 0 0 0 0 -0.168197 0 -0.168197
495 496 0.052744 0 -1.37935 0 0 0 0 -1.32661
493 497 0 0 0 0 0 -0.119804 -0 -0.119804
492 497 0 0 0 0 -0.44772 0 -0 -0.44772
491 497 0 0 0 0 -2.71139e-28 -0.172597 0 -0.172597
496 497 0.0455968 0 -1.26985 0 0 0 0 -1.22426
492 498 0 0 0 0 -0 -0.171065 0 -0.171065
491 498 0 0 0 0 -0.60461 0 -0 -0.60461
490 498 0 0 0 0 -0 -0.157269 0 -0.157269
497 498 0.00509389 0.0644141 -1.01181 0 0 0 0 -0.942305
491 499 0 0 0 0 -0 -0.17889 0 -0.17889
490 499 0 0 0 0 -0.456409 0 -0 -0.456409
489 499 0 0 0 0 0 -0.127778 0 -0.127778
498 499 0.0590675 0 -0.758069 0 0 0 0 -0.699001
368 501 0 0 0 0 0 -0.0207054 0 -0.0207054
367 501 0 0 0 0 0 -0.00139512 0 -0.00139512
500 501 0.0201516 0 -1.21815 0 0 0 0 -1.198
368 502 0 0 0 0 0 -0.00984127 0 -0.00984127
367 502 0 0 0 0 0 -6.80657e-09 -0 -6.80657e-09
366 502 0 0 0 0 0 -0.0991774 0 -0.0991774
501 502 0.00777312 0 -1.24132 0 0 0 0 -1.23354
367 503 0 0 0 0 0 -0.121506 0 -0.121506
366 503 0 0 0 0 -0.761407 0 -0 -0.761407
365 503 0 0 0 0 -1.01245e-30 -0.0229077 -0 -0.0229077
502 503 0.000126149 0 -1.1478 0 0 0 0 -1.14768
364 504 0 0 0 0 -2.94853e-28 -0.082137 0 -0.082137
366 504 0 0 0 0 0 -0.128045 0 -0.128045
503 504 0.00933359 0 -1.18115 0 0 0 0 -1.17181
364 505 0 0 0 0 -0.792531 0 -0 -0.792531
363 505 0 0 0 0 -2.46662e-28 -0.128998 0 -0.128998
365 505 0 0 0 0 0 -0.0997589 -0 -0.0997589
504 505 0.0827561 0 -0.945005 0 0 0 0 -0.862249
364 506 0 0 0 0 -0 -0.150586 0 -0.150586
363 506 0 0 0 0 -0.672044 0 -0 -0.672044
362 506 0 0 0 0 -1.7804e-28 -0.0632913 0 -0.0632913
505 506 0.0179792 0 -1.21569 0 0 0 0 -1.19771
363 507 0 0 0 0 -0 -0.118547 0 -0.118547
362 507 0 0 0 0 -0.508988 0 -0 -0.508988
361 507 0 0 0 0 0 -0.0721408 0 -0.0721408
506 507 0.0118221 0 -1.28089 0 0 0 0 -1.26907
362 508 0 0 0 0 0 -0.05645 -0 -0.05645
361 508 0 0 0 0 -0.745521 0 -0 -0.745521
360 508 0 0 0 0 -3.60852e-28 -0.113705 0 -0.113705
507 508 0.0274419 0 -1.11209 0 0 0 0 -1.08465
361 509 0 0 0 0 -0 -0.152913 0 -0.152913
360 509 0 0 0 0 -0.82028 0 -0 -0.82028
4 509 0 0 0 0 0 -0.147189 -0 -0.147189
508 509 0.0639499 0 -1.25566 0 0 0 0 -1.19171
3 510 0 0 0 0 -1.90224e-30 -0.136571 0 -0.136571
360 510 0 0 0 0 0 -0.128978 0 -0.128978
4 510 0 0 0 0 -0.860506 0 -0 -0.860506
509 510 2.60929e-07 0 -1.18992 0 0 0 0 -1.18992
3 511 0 0 0 0 -0.778547 0 -0 -0.778547
2 511 0 0 0 0 0 -0.131199 -0 -0.131199
4 511 0 0 0 0 -0 -0.189891 0 -0.189891
510 511 0.00424523 0 -1.18063 0 0 0 0 -1.17639
3 512 0 0 0 0 0 -0.131961 0 -0.131961
2 512 0 0 0 0 -0.805391 0 -0 -0.805391
1 512 0 0 0 0 -0 -0.131979 -0 -0.131979
511 512 0.027688 0 -1.20881 0 0 0 0 -1.18112
0 513 0 0 0 0 -4.48964e-28 -0.138241 0 -0.138241
2 513 0 0 0 0 -0 -0.165424 0 -0.165424
1 513 0 0 0 0 -0.707761 0 -0 -0.707761
512 513 0.0435557 0 -1.09455 0 0 0 0 -1.05099
159 514 0 0 0 0 0 -0.098678 -0 -0.098678
0 514 0 0 0 0 -0.817806 0 -0 -0.817806
1 514 0 0 0 0 -0 -0.149109 0 -0.149109
513 514 0.0715334 0 -0.906334 0 0 0 0 -0.834801
159 515 0 0 0 0 -0.734859 0 -0 -0.734859
158 515 0 0 0 0 -9.78941e-29 -0.132458 0 -0.132458
0 515 0 0 0 0 0 -0.19381 0 -0.19381
514 515 0.000112264 0 -1.2579 0 0 0 0 -1.25779
159 516 0 0 0 0 -0 -0.068854 -0 -0.068854
158 516 0 0 0 0 -0.693467 0 -0 -0.693467
157 516 0 0 0 0 0 -0.14495 0 -0.14495
515 516 0.0035598 0 -1.15505 0 0 0 0 -1.15149
158 517 0 0 0 0 0 -0.136052 0 -0.136052
157 517 0 0 0 0 -0.736771 0 -0 -0.736771
156 517 0 0 0 0 -1.65076e-29 -0.157167 0 -0.157167
516 517 0.104787 0 -1.04447 0 0 0 0 -0.939679
155 518 0 0 0 0 -0 -0.126001 -0 -0.126001
157 518 0 0 0 0 -0 -0.161952 0 -0.161952
156 518 0 0 0 0 -0.685149 0 -0 -0.685149
517 518 0.0627829 0 -1.35003 0 0 0 0 -1.28725
260 519 0 0 0 0 -0 0 -0.522977 -0.522977
155 519 0 0 0 0 -0.905964 0 -0 -0.905964
154 519 0 0 0 0 0 -0.188039 0 -0.188039
156 519 0 0 0 0 -0 -0.163494 0 -0.163494
518 519 2.91219e-05 0 -1.07323 0 0 0 0 -1.0732
387 521 0 0 0 0 0 -0.0192671 0 -0.0192671
520 521 0.0146849 0 -0.860058 0 0 0 0 -0.845373
386 522 0 0 0 0 0 -0.151442 0 -0.151442
521 522 0.00581654 0 -1.10064 0 0 0 0 -1.09482
385 523 0 0 0 0 -0 -0.150742 0 -0.150742
387 523 0 0 0 0 0 -0.0909653 0 -0.0909653
386 523 0 0 0 0 -0.495582 0 -0 -0.495582
522 523 2.24503e-05 0 -1.02272 0 0 0 0 -1.0227
384 524 0 0 0 0 -5.42767e-28 -0.127959 0 -0.127959
386 524 0 0 0 0 0 -0.126287 0 -0.126287
523 524 0.154201 0 -1.13466 0 0 0 0 -0.980463
385 525 0 0 0 0 0 -0.149604 0 -0.149604
384 525 0 0 0 0 -0.501298 0 -0 -0.501298
383 525 0 0 0 0 -0 -0.131554 -0 -0.131554
524 525 0.0597873 0 -1.16763 0 0 0 0 -1.10785
382 526 0 0 0 0 -1.92172e-33 -0.190047 0 -0.190047
384 526 0 0 0 0 -0 -0.125943 -0 -0.125943
383 526 0 0 0 0 -0.752451 0 -0 -0.752451
525 526 0.0789499 0 -0.449773 0 0 0 0 -0.370823
382 527 0 0 0 0 -0.792408 0 -0 -0.792408
381 527 0 0 0 0 0 -0.133299 -0 -0.133299
383 527 0 0 0 0 -0 -0.129344 -0 -0.129344
526 527 9.55022e-05 0 -1.14675 0 0 0 0 -1.14665
382 528 0 0 0 0 0 -0.175054 0 -0.175054
381 528 0 0 0 0 -0.639868 0 -0 -0.639868
380 528 0 0 0 0 -2.02881e-30 -0.170456 0 -0.170456
527 528 0.0147861 0 -1.0347 0 0 0 0 -1.01991
381 529 0 0 0 0 -0 -0.180987 0 -0.180987
380 529 0 0 0 0 -0.348871 0 -0 -0.348871
528 529 0.0405682 0 -1.21466 0 0 0 0 -1.17409
529 530 0.000803972 0 -1.02269 0 0 0 0 -1.02189
530 531 0.0840543 0 -1.27115 0 0 0 0 -1.18709
531 532 0.0644175 0 -1.1982 0 0 0 0 -1.13379
532 533 0.000408038 0 -1.34992 0 0 0 0 -1.34951
533 534 0.00678088 0 -1.23598 0 0 0 0 -1.2292
73 535 0 0 0 0 -0 -0.122849 -0 -0.122849
534 535 3.05196e-05 0 -1.31852 0 0 0 0 -1.31848
73 536 0 0 0 0 -0.0277005 -0.000303473 -0 -0.028004
72 536 0 0 0 0 0 -0.180239 0 -0.180239
535 536 0.119177 0 -1.20592 0 0 0 0 -1.08674
73 537 0 0 0 0 0 -0.040989 0 -0.040989
72 537 0 0 0 0 -0.64193 -5.96026e-11 -0 -0.64193
71 537 0 0 0 0 -0 -0.166023 0 -0.166023
536 537 0.123843 0 -1.25131 0 0 0 0 -1.12746
72 538 0 0 0 0 -0 -0.127738 -0 -0.127738
71 538 0 0 0 0 -0.57682 0 -0 -0.57682
70 538 0 0 0 0 -2.78861e-28 -0.0995146 -0 -0.0995146
537 538 0.00209652 0 -1.10644 0 0 0 0 -1.10435
69 539 0 0 0 0 0 -0.156351 0 -0.156351
75 539 0 0 0 0 0 0 -0.597701 -0.597701
71 539 0 0 0 0 -0.000395605 -0.0433858 0 -0.0437814
70 539 0 0 0 0 -0.619053 0 -0 -0.619053
538 539 0.000462863 0 -0.904042 0 0 0 0 -0.903579
540 541 0.00586032 0 -1.20557 0 0 0 0 -1.19971
541 542 0.00109262 0 -1.39917 0 0 0 0 -1.39808
542 543 0.00122718 0 -1.1699 0 0 0 0 -1.16867
543 544 0.00298118 0 -1.22023 0 0 0 0 -1.21725
544 545 0.0204496 0 -1.17098 0 0 0 0 -1.15053
545 546 0.00408393 0 -1.15873 0 0 0 0 -1.15465
546 547 0.00421951 0 -0.778197 0 0 0 0 -0.773978
547 548 0.0304023 0 -1.08928 0 0 0 0 -1.05888
548 549 0.066133 0 -1.30538 0 0 0 0 -1.23925
549 550 0.0134313 0 -1.40841 0 0 0 0 -1.39498
550 551 7.57259e-06 0 -1.31655 0 0 0 0 -1.31654
551 552 0.00480339 0 -1.24002 0 0 0 0 -1.23522
552 553 0.0273355 0 -1.2538 0 0 0 0 -1.22647
549 554 0 0 0 0 0 -0.10046 -0 -0.10046
553 554 0.00210622 0 0 0 0 0 0 0.00210622
550 555 0 0 0 0 0 -0.145032 0 -0.145032
549 555 0 0 0 0 -0.448026 0 -0 -0.448026
548 555 0 0 0 0 -9.06376e-18 -0.121454 0 -0.121454
554 555 0.0560051 0 -1.11553 0 0 0 0 -1.05952
549 556 0 0 0 0 -0 -0.141787 0 -0.141787
548 556 0 0 0 0 -0.660693 -2.04359e-19 -0 -0.660693
547 556 0 0 0 0 0 -0.192372 0 -0.192372
555 556 0.00104893 0 -1.04026 0 0 0 0 -1.03922
548 557 0 0 0 0 0 -0.0995297 0 -0.0995297
547 557 0 0 0 0 -0.546235 0 -0 -0.546235
546 557 0 0 0 0 -0 -0.171884 0 -0.171884
556 557 0.0367566 0 -1.04069 0 0 0 0 -1.00393
545 558 0 0 0 0 -1.51911e-28 -0.0869696 -0 -0.0869696
547 558 0 0 0 0 -0 -0.162145 0 -0.162145
546 558 0 0 0 0 -0.727439 0 -0 -0.727439
557 558 0.0157152 0 -1.30773 0 0 0 0 -1.29201
545 559 0 0 0 0 -0.80657 0 -0 -0.80657
544 559 0 0 0 0 -0 -0.122959 0 -0.122959
546 559 0 0 0 0 -0 -0.14327 0 -0.14327
558 559 0.0740147 0 -1.16114 0 0 0 0 -1.08713
560 561 0.00325236 0 -1.38827 0 0 0 0 -1.38502
561 562 1.37004e-07 0 -0.822069 0 0 0 0 -0.822069
562 563 0.166469 0 -1.24308 0 0 0 0 -1.07662
563 564 0.126884 0 -0.962058 0 0 0 0 -0.835173
564 565 0.0535828 0 -1.06278 0 0 0 0 -1.0092
565 566 0.00741121 0 -1.31743 0 0 0 0 -1.31002
566 567 0.000735858 0 -1.34624 0 0 0 0 -1.3455
567 568 0.0653204 0 -1.17178 0 0 0 0 -1.10646
179 569 0 0 0 0 0 -0.141858 -0 -0.141858
568 569 0.36627 0 0 0 0 0 0 0.36627
179 570 0 0 0 0 -0.516212 -2.96345e-09 -0 -0.516212
178 570 0 0 0 0 -2.26747e-31 -0.186741 0 -0.186741
569 570 0.0660902 0 -1.29759 0 0 0 0 -1.2315
179 571 0 0 0 0 -0 -0.126561 0 -0.126561
178 571 0 0 0 0 -0.783424 0 -0 -0.783424
177 571 0 0 0 0 0 -0.112193 -0 -0.112193
570 571 0.00667301 0 -1.34361 0 0 0 0 -1.33694
178 572 0 0 0 0 0 -0.121402 0 -0.121402
177 572 0 0 0 0 -0.707169 0 -0 -0.707169
176 572 0 0 0 0 -0 -0.182007 0 -0.182007
571 572 0.182978 0 -0.893199 0 0 0 0 -0.710221
177 573 0 0 0 0 -0 -0.088231 0 -0.088231
176 573 0 0 0 0 -0.789971 0 -0 -0.789971
175 573 0 0 0 0 -0 -0.148878 -0 -0.148878
572 573 0.00360364 0 -0.97158 0 0 0 0 -0.967977
176 574 0 0 0 0 -0 -0.180481 0 -0.180481
175 574 0 0 0 0 -0.667762 0 -0 -0.667762
174 574 0 0 0 0 0 -0.130498 0 -0.130498
573 574 0.00122508 0 -1.39936 0 0 0 0 -1.39814
168 575 0 0 0 0 -6.78223e-30 -0.193263 0 -0.193263
170 575 0 0 0 0 0 -0.105386 0 -0.105386
169 575 0 0 0 0 -0.638234 0 -0 -0.638234
574 575 0.086159 0 0 0 0 0 0 0.086159
168 576 0 0 0 0 -0.773673 0 -0 -0.773673
167 576 0 0 0 0 0 -0.151936 0 -0.151936
169 576 0 0 0 0 -0 -0.167085 0 -0.167085
575 576 0.204012 0 -1.07361 0 0 0 0 -0.869596
168 577 0 0 0 0 0 -0.13131 0 -0.13131
167 577 0 0 0 0 -0.765281 0 -0 -0.765281
166 577 0 0 0 0 -9.27164e-30 -0.150184 0 -0.150184
576 577 0.0194102 0 -1.28295 0 0 0 0 -1.26354
165 578 0 0 0 0 -0 -0.138005 0 -0.138005
167 578 0 0 0 0 -0 -0.160101 0 -0.160101
166 578 0 0 0 0 -0.703531 0 -0 -0.703531
577 578 0.0374494 0 -1.3533 0 0 0 0 -1.31585
165 579 0 0 0 0 -0.206754 0 -0 -0.206754
164 579 0 0 0 0 0 -0.136148 0 -0.136148
166 579 0 0 0 0 -0 -0.114034 0 -0.114034
578 579 0.100006 0 -1.36719 0 0 0 0 -1.26719
580 581 0.0138408 0 -1.23475 0 0 0 0 -1.22091
581 582 0.0304833 0 -1.2081 0 0 0 0 -1.17762
582 583 0.0298711 0 -0.659676 0 0 0 0 -0.629804
583 584 0.0510458 0 -1.24695 0 0 0 0 -1.1959
584 585 0.103529 0 -1.16188 0 0 0 0 -1.05835
585 586 0.00100928 0 -1.15805 0 0 0 0 -1.15704
586 587 0.121293 0 -0.936091 0 0 0 0 -0.814799
587 588 0.0858157 0 -1.1101 0 0 0 0 -1.02428
588 589 0.0050611 0 -1.26585 0 0 0 0 -1.26079
589 590 0.0588501 0 -1.08898 0 0 0 0 -1.03012
590 591 0.0190138 0 0 0 0 0 0 0.0190138
591 592 2.17637e-06 0 -1.24141 0 0 0 0 -1.2414
592 593 0.0304325 0 -1.22563 0 0 0 0 -1.1952
589 594 0 0 0 0 0 -0.136256 -0 -0.136256
593 594 0.109115 0 -1.17944 0 0 0 0 -1.07033
590 595 0 0 0 0 0 -0.149151 0 -0.149151
588 595 0 0 0 0 -0 -0.189653 0 -0.189653
589 595 0 0 0 0 -0.835271 0 -0 -0.835271
594 595 0.0200815 0 -1.12804 0 0 0 0 -1.10796
588 596 0 0 0 0 -0.434313 0 -0 -0.434313
587 596 0 0 0 0 0 -0.116361 0 -0.116361
589 596 0 0 0 0 -0 -0.0856554 -0 -0.0856554
595 596 0.0250124 0 -0.718615 0 0 0 0 -0.693603
588 597 0 0 0 0 0 -0.0932871 0 -0.0932871
587 597 0 0 0 0 -0.746948 0 -0 -0.746948
586 597 0 0 0 0 -6.69575e-29 -0.159619 0 -0.159619
596 597 0.0496347 0 -1.40713 0 0 0 0 -1.35749
587 598 0 0 0 0 -0 -0.11149 0 -0.11149
586 598 0 0 0 0 -0.759123 0 -0 -0.759123
585 598 0 0 0 0 -0 -0.0437448 -0 -0.0437448
597 598 0.0149494 0 -1.29013 0 0 0 0 -1.27518
586 599 0 0 0 0 -0 -0.140324 0 -0.140324
585 599 0 0 0 0 -0.55131 0 -0 -0.55131
584 599 0 0 0 0 -0 -0.0463398 -0 -0.0463398
598 599 0.161833 0 -1.38657 0 0 0 0 -1.22474
#Total energy per particle is  -1.1722 and should be -1.172210
