#id1 id2 FENE BEXC STCK NEXC HB CRSTCK CXSTCK total, t = 400000
0 1 0.039114 0 -1.18835 0 0 0 0 -1.14923
1 2 0.0678472 0 -1.13573 0 0 0 0 -1.06789
2 3 0.0927036 0 -0 0 0 0 0 0.0927036
3 4 0.000369868 0 -1.29057 0 0 0 0 -1.2902
4 5 0.0660707 0 -1.33264 0 0 0 0 -1.26657
5 6 0.00280791 0 -1.10899 0 0 0 0 -1.10618
6 7 0.00247436 0 -1.16079 0 0 0 0 -1.15831
7 8 0.0477079 0 -1.27474 0 0 0 0 -1.22704
5 9 0 0 0 0 -0 -0.19971 0 -0.19971
8 9 0.0032849 0 -0 0 0 0 0 0.0032849
6 10 0 0 0 0 0 -0.0680102 -0 -0.0680102
5 10 0 0 0 0 -0.679921 0 -0 -0.679921
4 10 0 0 0 0 0 -0.165694 0 -0.165694
9 10 0.00880626 0 -1.21214 0 0 0 0 -1.20333
5 11 0 0 0 0 0 -0.179327 0 -0.179327
4 11 0 0 0 0 -0.684961 0 -0 -0.684961
3 11 0 0 0 0 0 -0.156335 0 -0.156335
2 11 0 0 0 0 0 -0.0531536 0 -0.0531536
10 11 0.0595969 0 -1.33114 0 0 0 0 -1.27154
4 12 0 0 0 0 0 -0.0949559 0 -0.0949559
3 12 0 0 0 0 0 -0.000585846 -0 -0.000585846
2 12 0 0 0 0 -0.642176 0 -0 -0.642176
1 12 0 0 0 0 -2.40608e-29 -0.0966798 -0 -0.0966798
11 12 0.000235614 0 -1.02676 0 0 0 0 -1.02652
2 13 0 0 0 0 -0 -0.201089 0 -0.201089
1 13 0 0 0 0 -0.689524 0 -0 -0.689524
0 13 0 0 0 0 0 -0.170556 0 -0.170556
12 13 0.0829662 0 -1.2122 0 0 0 0 -1.12923
1 14 0 0 0 0 0 -0.0616143 -0 -0.0616143
0 14 0 0 0 0 -0.485299 0 -0 -0.485299
13 14 0.0478479 0 -0.92354 0 0 0 0 -0.875693
0 15 0 0 0 0 0 -0.0852539 0 -0.0852539
14 15 0.0709568 0 -1.26371 0 0 0 0 -1.19276
15 16 0.0257148 0 -1.27114 0 0 0 0 -1.24542
16 17 0.219267 0 -0.717764 0 0 0 0 -0.498497
17 18 0.0351581 0 -1.09152 0 0 0 0 -1.05636
18 19 0.193023 0 -1.30285 0 0 0 0 -1.10983
20 21 0.0770624 0 -1.2509 0 0 0 0 -1.17384
21 22 0.196336 0 -0.950873 0 0 0 0 -0.754538
22 23 0.0128129 0 -1.20099 0 0 0 0 -1.18817
23 24 0.211533 0 -1.2987 0 0 0 0 -1.08717
24 25 0.00282884 0 -1.01375 0 0 0 0 -1.01092
25 26 0.0955873 0 -1.31237 0 0 0 0 -1.21678
26 27 0.069258 0 -1.08105 0 0 0 0 -1.01179
27 28 0.0548437 0 -0.817666 0 0 0 0 -0.762823
28 29 0.127597 0 -1.27052 0 0 0 0 -1.14292
29 30 0.0267462 0 -0.899261 0 0 0 0 -0.872515
30 31 0.0954641 0 -0.948718 0 0 0 0 -0.853253
31 32 0.0339005 0 -1.33693 0 0 0 0 -1.30303
30 33 0 0 0 0 0 -0.0601881 -0 -0.0601881
28 33 0 0 0 0 0 -0.128188 0 -0.128188
32 33 0.0268222 0 0 0 0 0 0 0.0268222
29 34 0 0 0 0 0 -0.147122 0 -0.147122
28 34 0 0 0 0 -0.84373 0 -0 -0.84373
27 34 0 0 0 0 0 -0.160483 0 -0.160483
33 34 0.0508408 0 -1.09874 0 0 0 0 -1.0479
28 35 0 0 0 0 0 -0.156396 0 -0.156396
26 35 0 0 0 0 0 -0.0870739 -0 -0.0870739
34 35 0.00945442 0 -1.17396 0 0 0 0 -1.1645
27 36 0 0 0 0 0 -0.128349 -0 -0.128349
25 36 0 0 0 0 0 -0.113587 -0 -0.113587
35 36 0.106089 0 -0.816814 0 0 0 0 -0.710725
24 37 0 0 0 0 0 -0.190891 0 -0.190891
26 37 0 0 0 0 0 -0.150384 0 -0.150384
36 37 0.000472848 0 -0.845518 0 0 0 0 -0.845045
24 38 0 0 0 0 -0.640785 0 -0 -0.640785
23 38 0 0 0 0 0 -0.156934 -0 -0.156934
25 38 0 0 0 0 0 -0.14102 -0 -0.14102
37 38 0.245868 0 -1.41451 0 0 0 0 -1.16864
24 39 0 0 0 0 0 -0.199857 0 -0.199857
23 39 0 0 0 0 -0.512847 0 -0 -0.512847
22 39 0 0 0 0 0 -0.101047 -0 -0.101047
38 39 9.78267e-05 0 -1.09542 0 0 0 0 -1.09533
40 41 0.00508067 0 -1.14979 0 0 0 0 -1.14471
41 42 0.0721972 0 -1.2423 0 0 0 0 -1.1701
42 43 0.0217093 0 -1.15958 0 0 0 0 -1.13788
43 44 0.0361084 0 -1.37594 0 0 0 0 -1.33983
44 45 0.0334693 0 -1.24022 0 0 0 0 -1.20675
45 46 0.0508185 0 -1.23012 0 0 0 0 -1.1793
46 47 0.0107067 0 -1.31582 0 0 0 0 -1.30511
47 48 0.0282765 0 0 0 0 0 0 0.0282765
48 49 0.0557282 0 -1.25618 0 0 0 0 -1.20045
44 50 0 0 0 0 0 -0.00470161 -0 -0.00470161
43 50 0 0 0 0 -0 -0.164312 0 -0.164312
49 50 0.0088483 0 -0 0 0 0 0 0.0088483
44 51 0 0 0 0 -0 -0.00774752 0 -0.00774752
42 51 0 0 0 0 0 -0.134745 0 -0.134745
50 51 0.00770637 0 -1.36276 0 0 0 0 -1.35506
43 52 0 0 0 0 0 -0.176265 0 -0.176265
42 52 0 0 0 0 -0.847715 0 -0 -0.847715
41 52 0 0 0 0 -6.49043e-28 -0.129516 0 -0.129516
51 52 0.00342012 0 -0.934033 0 0 0 0 -0.930613
42 53 0 0 0 0 -0 -0.143596 0 -0.143596
41 53 0 0 0 0 -0.821129 0 -0 -0.821129
40 53 0 0 0 0 0 -0.140079 0 -0.140079
52 53 0.00505915 0 -1.15344 0 0 0 0 -1.14838
41 54 0 0 0 0 0 -0.163626 0 -0.163626
40 54 0 0 0 0 -0.711161 0 -0 -0.711161
53 54 0.00594012 0 -1.28776 0 0 0 0 -1.28182
40 55 0 0 0 0 0 -0.097084 0 -0.097084
54 55 0.0712248 0 -1.30657 0 0 0 0 -1.23534
55 56 0.108209 0 -1.08812 0 0 0 0 -0.979912
56 57 0.0197617 0 -1.30585 0 0 0 0 -1.28609
57 58 0.00327086 0 -0.967759 0 0 0 0 -0.964488
58 59 0.0522065 0 -1.36371 0 0 0 0 -1.3115
60 61 0.0504524 0 0 0 0 0 0 0.0504524
61 62 0.180572 0 -1.31257 0 0 0 0 -1.132
62 63 0.0273118 0 -1.26768 0 0 0 0 -1.24037
63 64 0.311882 0 -1.39485 0 0 0 0 -1.08297
64 65 0.00674479 0 -1.30205 0 0 0 0 -1.2953
65 66 0.00481375 0 -1.163 0 0 0 0 -1.15819
66 67 0.000204407 0 -1.24791 0 0 0 0 -1.24771
67 68 0.0146714 0 -1.39811 0 0 0 0 -1.38344
68 69 0.0830716 0 -1.11563 0 0 0 0 -1.03256
69 70 0.0680439 0 0 0 0 0 0 0.0680439
70 71 0.211762 0 -0.902671 0 0 0 0 -0.690909
68 72 0 0 0 0 0 -0.157785 0 -0.157785
66 72 0 0 0 0 -2.53853e-30 -0.200043 0 -0.200043
67 72 0 0 0 0 -0.866818 0 -0 -0.866818
71 72 0.05507 0 0 0 0 0 0 0.05507
66 73 0 0 0 0 -0.739427 0 -0 -0.739427
65 73 0 0 0 0 0 -0.121538 0 -0.121538
67 73 0 0 0 0 -0 -0.190459 0 -0.190459
72 73 0.0139938 0 -1.03102 0 0 0 0 -1.01703
64 74 0 0 0 0 0 -0.155431 0 -0.155431
66 74 0 0 0 0 0 -0.108102 0 -0.108102
65 74 0 0 0 0 -0.797022 0 -0 -0.797022
73 74 0.120924 0 -1.28622 0 0 0 0 -1.16529
64 75 0 0 0 0 -0.711335 0 -0 -0.711335
63 75 0 0 0 0 0 -0.165687 0 -0.165687
65 75 0 0 0 0 0 -0.0697889 -0 -0.0697889
74 75 0.0279733 0 -1.13278 0 0 0 0 -1.10481
75 76 0.00276845 0 0 0 0 0 0 0.00276845
75 77 0 0 0 0.114129 0 0 0 0.114129
76 77 0.113977 0 -1.27503 0 0 0 0 -1.16105
77 78 0.379834 0 -1.16611 0 0 0 0 -0.786272
78 79 0.116936 0 0 0 0 0 0 0.116936
80 81 0.0608312 0 -1.29125 0 0 0 0 -1.23042
81 82 0.042223 0 -1.2678 0 0 0 0 -1.22558
82 83 1.3459e-07 0 -1.20325 0 0 0 0 -1.20325
83 84 0.0240233 0 -1.24793 0 0 0 0 -1.22391
84 85 0.00459774 0 -1.33857 0 0 0 0 -1.33397
85 86 0.0589302 0 -1.16875 0 0 0 0 -1.10982
86 87 5.08516e-07 0 -0.862674 0 0 0 0 -0.862673
87 88 0.087492 0 -1.00817 0 0 0 0 -0.920678
88 89 0.00505088 0 0 0 0 0 0 0.00505088
89 90 0.0103646 0 -1.16519 0 0 0 0 -1.15483
87 91 0 0 0 0 0 -0.163099 0 -0.163099
90 91 0.118165 0 -1.27538 0 0 0 0 -1.15722
88 92 0 0 0 0 0 -0.122453 -0 -0.122453
87 92 0 0 0 0 -0.601666 0 -0 -0.601666
86 92 0 0 0 0 -4.50435e-28 -0.134792 0 -0.134792
91 92 0.0103582 0 -1.12851 0 0 0 0 -1.11815
87 93 0 0 0 0 -0 -0.177783 0 -0.177783
86 93 0 0 0 0 -0.721173 0 -0 -0.721173
85 93 0 0 0 0 0 -0.16082 0 -0.16082
92 93 0.127237 0 -1.29677 0 0 0 0 -1.16953
84 94 0 0 0 0 0 -0.169883 0 -0.169883
86 94 0 0 0 0 0 -0.17162 0 -0.17162
85 94 0 0 0 0 -0.812251 0 -0 -0.812251
93 94 0.00223355 0 -1.22521 0 0 0 0 -1.22298
84 95 0 0 0 0 -0.0827747 0 -0 -0.0827747
83 95 0 0 0 0 0 -0.0747724 0 -0.0747724
85 95 0 0 0 0 0 -0.181091 0 -0.181091
94 95 0.00801301 0 -1.35267 0 0 0 0 -1.34466
83 96 0 0 0 0 0 -0.00987353 -0 -0.00987353
82 96 0 0 0 0 0 -0.00271938 0 -0.00271938
95 96 0.205894 0 -0.937244 0 0 0 0 -0.73135
96 97 0.108068 0 0 0 0 0 0 0.108068
97 98 5.01616e-05 0 -1.2642 0 0 0 0 -1.26415
98 99 0.00611059 0 -1.06421 0 0 0 0 -1.0581
100 101 0.00445237 0 -1.16402 0 0 0 0 -1.15957
101 102 0.29559 0 -0 0 0 0 0 0.29559
102 103 0.00803674 0 -1.34023 0 0 0 0 -1.33219
103 104 0.0170352 0 -1.30822 0 0 0 0 -1.29118
104 105 0.000184451 0 -1.13052 0 0 0 0 -1.13034
105 106 0.0662554 0 -1.30515 0 0 0 0 -1.23889
106 107 0.024513 0 -1.27571 0 0 0 0 -1.2512
107 108 0.14155 0 -1.29386 0 0 0 0 -1.15232
108 109 0.00211057 0 -1.32335 0 0 0 0 -1.32124
109 110 0.102683 0 -1.30083 0 0 0 0 -1.19815
110 111 0.12083 0 -1.40427 0 0 0 0 -1.28344
111 112 0.015429 0 0 0 0 0 0 0.015429
112 113 0.019142 0 -1.22417 0 0 0 0 -1.20503
113 114 0.104109 0 0 0 0 0 0 0.104109
111 115 0 0 0 0 0 -0.0014303 -0 -0.0014303
114 115 0.00176155 0 -0.847117 0 0 0 0 -0.845355
110 116 0 0 0 0 -0 -0.1597 -0 -0.1597
115 116 3.88614e-05 0 -0.709876 0 0 0 0 -0.709837
111 117 0 0 0 0 0 -0.198891 0 -0.198891
110 117 0 0 0 0 -0.886949 0 -0 -0.886949
109 117 0 0 0 0 0 -0.151743 -0 -0.151743
116 117 0.113559 0 -1.11222 0 0 0 0 -0.99866
110 118 0 0 0 0 0 -0.177819 0 -0.177819
109 118 0 0 0 0 -0.824373 0 -0 -0.824373
108 118 0 0 0 0 0 -0.107441 0 -0.107441
117 118 0.00683039 0 -1.1177 0 0 0 0 -1.11087
109 119 0 0 0 0 0 -0.158016 0 -0.158016
108 119 0 0 0 0 -0 -0.00208457 -0 -0.00208457
118 119 0.00123267 0 -1.09825 0 0 0 0 -1.09701
120 121 0.0463909 0 -0.991709 0 0 0 0 -0.945318
121 122 0.000472807 0 -1.00583 0 0 0 0 -1.00535
122 123 0.174735 0 -1.08422 0 0 0 0 -0.909486
123 124 0.0181009 0 -1.02323 0 0 0 0 -1.00513
124 125 0.000795942 0 -1.124 0 0 0 0 -1.12321
125 126 0.0596555 0 -1.29108 0 0 0 0 -1.23143
126 127 0.247396 0 -1.12272 0 0 0 0 -0.875322
127 128 0.00220393 0 -1.27409 0 0 0 0 -1.27189
128 129 0.275026 0 -1.32277 0 0 0 0 -1.04774
129 130 4.74162e-05 0 -1.30037 0 0 0 0 -1.30032
130 131 0.00318393 0 -1.28523 0 0 0 0 -1.28204
127 132 0 0 0 0 0 -0.0438283 -0 -0.0438283
128 132 0 0 0 0 0 -0.000272854 -0 -0.000272854
131 132 0.0793092 0 0 0 0 0 0 0.0793092
126 133 0 0 0 0 0 -0.199453 0 -0.199453
128 133 0 0 0 0 -0 -0.0535628 0 -0.0535628
132 133 0.00372123 0 -0.809984 0 0 0 0 -0.806263
127 134 0 0 0 0 -0 -0.0649967 0 -0.0649967
126 134 0 0 0 0 -0.825455 0 -0 -0.825455
125 134 0 0 0 0 0 -0.0901877 0 -0.0901877
133 134 0.121659 0 -1.3572 0 0 0 0 -1.23554
126 135 0 0 0 0 0 -0.169748 0 -0.169748
125 135 0 0 0 0 0 -0.000703699 -0 -0.000703699
134 135 0.0127924 0 -0.898186 0 0 0 0 -0.885394
126 136 0 0 0 0 0 -0.00152758 -0 -0.00152758
125 136 0 0 0 0 0 -0.00747135 0 -0.00747135
135 136 0.000798789 0 -0 0 0 0 0 0.000798789
125 137 0 0 0 0 0 -0.0146865 0 -0.0146865
124 137 0 0 0 0 0 -0.0589031 0 -0.0589031
136 137 0.0221264 0 -0.917612 0 0 0 0 -0.895485
124 138 0 0 0 0 -0.593226 -5.62653e-18 -0 -0.593226
123 138 0 0 0 0 0 -0.161388 0 -0.161388
137 138 0.00925157 0 -0.853327 0 0 0 0 -0.844076
124 139 0 0 0 0 0 -0.125569 0 -0.125569
123 139 0 0 0 0 -0.810687 0 -0 -0.810687
122 139 0 0 0 0 0 -0.0676831 0 -0.0676831
138 139 0.00869185 0 -1.01955 0 0 0 0 -1.01085
140 141 0.270666 0 -0.910469 0 0 0 0 -0.639803
141 142 0.111889 0 -1.23802 0 0 0 0 -1.12614
142 143 0.0393984 0 -1.20472 0 0 0 0 -1.16532
143 144 0.275245 0 -1.29913 0 0 0 0 -1.02389
144 145 0.0729901 0 -1.20552 0 0 0 0 -1.13253
145 146 0.0509768 0 -1.35213 0 0 0 0 -1.30115
146 147 0.0172151 0 -1.11606 0 0 0 0 -1.09884
147 148 0.0486114 0 -1.21498 0 0 0 0 -1.16637
148 149 0.00788757 0 -1.08006 0 0 0 0 -1.07217
149 150 0.106835 0 -0 0 0 0 0 0.106835
150 151 0.0928018 0 -1.20438 0 0 0 0 -1.11157
148 152 0 0 0 0 0 -0.192884 0 -0.192884
151 152 0.0269306 0 -1.10793 0 0 0 0 -1.081
149 153 0 0 0 0 0 -0.104379 0 -0.104379
148 153 0 0 0 0 -0.723013 0 -0 -0.723013
147 153 0 0 0 0 0 -0.1632 0 -0.1632
152 153 0.00702205 0 -1.37752 0 0 0 0 -1.3705
148 154 0 0 0 0 0 -0.153635 0 -0.153635
147 154 0 0 0 0 -0.505482 0 -0 -0.505482
146 154 0 0 0 0 -0 -0.10755 0 -0.10755
153 154 0.00760971 0 -1.16118 0 0 0 0 -1.15357
147 155 0 0 0 0 0 -0.000810542 0 -0.000810542
154 155 0.00198896 0 -0 0 0 0 0 0.00198896
147 156 0 0 0 0 0 -4.2594e-08 0 -4.2594e-08
146 156 0 0 0 0 0 -0.000454961 -0 -0.000454961
145 156 0 0 0 0 0 -0.0624243 0 -0.0624243
155 156 0.00574782 0 -1.19006 0 0 0 0 -1.18431
146 157 0 0 0 0 0 -0.0641817 0 -0.0641817
144 157 0 0 0 0 0 -0.0892131 0 -0.0892131
156 157 0.017682 0 -1.26059 0 0 0 0 -1.2429
145 158 0 0 0 0 0 -0.0519894 -0 -0.0519894
144 158 0 0 0 0 -0.642475 0 -0 -0.642475
143 158 0 0 0 0 0 -0.0693014 0 -0.0693014
157 158 0.0393901 0 -1.37022 0 0 0 0 -1.33083
144 159 0 0 0 0 0 -0.146738 0 -0.146738
143 159 0 0 0 0 -0.684458 0 -0 -0.684458
142 159 0 0 0 0 0 -0.128951 0 -0.128951
158 159 0.00123225 0 -0.865256 0 0 0 0 -0.864024
160 161 0.010074 0 -1.17734 0 0 0 0 -1.16726
161 162 0.0099218 0 -1.08351 0 0 0 0 -1.07359
162 163 0.0354532 0 -1.05351 0 0 0 0 -1.01806
163 164 0.111269 0 -0.965345 0 0 0 0 -0.854077
164 165 0.00996544 0 0 0 0 0 0 0.00996544
165 166 0.0190154 0 -1.19958 0 0 0 0 -1.18056
164 167 0 0 0 0 0 -0.0960809 -0 -0.0960809
166 167 0.0111857 0 -0.902525 0 0 0 0 -0.891339
164 168 0 0 0 0 -0.740924 -5.19658e-19 -0 -0.740924
163 168 0 0 0 0 0 -0.165479 0 -0.165479
167 168 0.0551595 0 -0.951237 0 0 0 0 -0.896077
164 169 0 0 0 0 0 -0.0608469 -0 -0.0608469
163 169 0 0 0 0 -0.618887 0 -0 -0.618887
162 169 0 0 0 0 0 -0.0932495 -0 -0.0932495
168 169 0.16776 0 -0.83097 0 0 0 0 -0.66321
161 170 0 0 0 0 -6.66173e-18 -0.130929 0 -0.130929
163 170 0 0 0 0 0 -0.153426 0 -0.153426
162 170 0 0 0 0 -0.768386 0 -0 -0.768386
169 170 0.139529 0 -1.23346 0 0 0 0 -1.09394
161 171 0 0 0 0 0 -0.00247804 -0 -0.00247804
160 171 0 0 0 0 0 -0.060411 -0 -0.060411
162 171 0 0 0 0 0 -0.090721 0 -0.090721
170 171 0.00341405 0 -1.20552 0 0 0 0 -1.20211
161 172 0 0 0 0 0 -0.0525103 -0 -0.0525103
171 172 0.0200684 0 -1.06821 0 0 0 0 -1.04814
172 173 0.0574887 0 -1.23384 0 0 0 0 -1.17635
173 174 0.00035433 0 -1.1797 0 0 0 0 -1.17935
174 175 0.0207261 0 -1.13222 0 0 0 0 -1.11149
175 176 0.0631344 0 -1.29469 0 0 0 0 -1.23155
176 177 0.125726 0 -1.27483 0 0 0 0 -1.1491
177 178 0.00866762 0 -1.28789 0 0 0 0 -1.27922
178 179 0.00433571 0 -1.09828 0 0 0 0 -1.09394
180 181 0.205241 0 -1.23489 0 0 0 0 -1.02965
181 182 0.0197654 0 -1.29176 0 0 0 0 -1.272
182 183 0.0223765 0 -1.19761 0 0 0 0 -1.17524
183 184 0.102542 0 -1.33991 0 0 0 0 -1.23736
184 185 0.200888 0 -0.731776 0 0 0 0 -0.530887
185 186 0.0569445 0 -1.08067 0 0 0 0 -1.02372
186 187 0.0026229 0 -1.02885 0 0 0 0 -1.02623
185 188 0 0 0 0 0 -0.00257656 -0 -0.00257656
184 188 0 0 0 0 -0.643409 0 -0 -0.643409
183 188 0 0 0 0 0 -0.123858 0 -0.123858
187 188 0.0124477 0 0 0 0 0 0 0.0124477
184 189 0 0 0 0 0 -0.0502854 -0 -0.0502854
183 189 0 0 0 0 -0.487028 0 -0 -0.487028
182 189 0 0 0 0 0 -0.0551181 0 -0.0551181
188 189 0.0167493 0 -1.08664 0 0 0 0 -1.06989
183 190 0 0 0 0 0 -0.0976002 0 -0.0976002
182 190 0 0 0 0 -0.555936 0 -0 -0.555936
181 190 0 0 0 0 -0 -0.080645 0 -0.080645
189 190 0.00573308 0 -1.2452 0 0 0 0 -1.23946
182 191 0 0 0 0 0 -0.188183 0 -0.188183
181 191 0 0 0 0 0 -0.00246719 -0 -0.00246719
180 191 0 0 0 0 0 -0.129073 0 -0.129073
190 191 0.0111814 0 -1.2719 0 0 0 0 -1.26072
181 192 0 0 0 0 0 -0.0459235 0 -0.0459235
180 192 0 0 0 0 0 -0.0146325 -0 -0.0146325
191 192 0.0265829 0 -1.01037 0 0 0 0 -0.983786
192 193 4.19596e-06 0 -0.815172 0 0 0 0 -0.815168
193 194 0.00626905 0 -1.01172 0 0 0 0 -1.00545
194 195 0.0351066 0 -0.9544 0 0 0 0 -0.919293
195 196 0.0507571 0 -1.32045 0 0 0 0 -1.26969
196 197 0.0353027 0 -0.950128 0 0 0 0 -0.914826
197 198 0.000200412 0 -1.38595 0 0 0 0 -1.38575
198 199 0.0137589 0 -1.2549 0 0 0 0 -1.24114
200 201 0.198458 0 -1.12639 0 0 0 0 -0.927931
201 202 0.00208604 0 -1.3292 0 0 0 0 -1.32712
202 203 0.005714 0 -1.29664 0 0 0 0 -1.29093
203 204 0.00601278 0 -0.993183 0 0 0 0 -0.98717
204 205 0.166563 0 -1.10085 0 0 0 0 -0.934287
205 206 0.0505866 0 -1.35856 0 0 0 0 -1.30797
206 207 0.0788614 0 -0.98195 0 0 0 0 -0.903088
207 208 0.0402204 0 -0.873437 0 0 0 0 -0.833217
208 209 0.00628107 0 -1.31871 0 0 0 0 -1.31243
209 210 0.111419 0 -1.30705 0 0 0 0 -1.19563
210 211 0.129899 0 -1.01946 0 0 0 0 -0.889562
211 212 0.0614469 0 -1.26134 0 0 0 0 -1.19989
212 213 0.046011 0 -1.16974 0 0 0 0 -1.12373
213 214 0.00582806 0 -1.25185 0 0 0 0 -1.24603
214 215 0.053796 0 -1.33561 0 0 0 0 -1.28182
213 216 0 0 0 0 -0 -8.75409e-06 -0 -8.75409e-06
212 216 0 0 0 0 0 -0.183534 -0 -0.183534
215 216 0.00239089 0 -0 0 0 0 0 0.00239089
213 217 0 0 0 0 0 -0.144922 0 -0.144922
212 217 0 0 0 0 -0.885172 0 -0 -0.885172
211 217 0 0 0 0 -4.41928e-30 -0.15146 -0 -0.15146
216 217 0.0619209 0 -1.23084 0 0 0 0 -1.16892
212 218 0 0 0 0 -0 -0.157625 0 -0.157625
211 218 0 0 0 0 -0.773129 0 -0 -0.773129
210 218 0 0 0 0 0 -0.0115376 -0 -0.0115376
217 218 0.254312 0 -1.12972 0 0 0 0 -0.875408
211 219 0 0 0 0 0 -0.137074 0 -0.137074
209 219 0 0 0 0 0 -0.0219801 -0 -0.0219801
218 219 0.00848961 0 -1.10108 0 0 0 0 -1.09259
220 221 0.0145419 0 -1.07809 0 0 0 0 -1.06355
221 222 0.156703 0 -1.16782 0 0 0 0 -1.01111
222 223 0.02258 0 -1.07729 0 0 0 0 -1.05471
223 224 0.000771529 0 -1.16579 0 0 0 0 -1.16502
224 225 0.0255015 0 -1.11041 0 0 0 0 -1.08491
225 226 0.00915538 0 -0.994081 0 0 0 0 -0.984925
226 227 0.0249319 0 -0.940897 0 0 0 0 -0.915965
227 228 0.0571385 0 -1.18941 0 0 0 0 -1.13227
228 229 0.108484 0 -0.900179 0 0 0 0 -0.791695
229 230 0.0123356 0 -1.05342 0 0 0 0 -1.04108
230 231 0.00858538 0 -1.18502 0 0 0 0 -1.17644
231 232 0.00329898 0 -1.16663 0 0 0 0 -1.16333
232 233 0.0247508 0 -1.31784 0 0 0 0 -1.29308
231 234 0 0 0 0 -0 -0.00867385 -0 -0.00867385
229 234 0 0 0 0 0 -0.117175 0 -0.117175
233 234 0.00745104 0 0 0 0 0 0 0.00745104
230 235 0 0 0 0 0 -0.0797275 -0 -0.0797275
229 235 0 0 0 0 0 -0.00260136 -0 -0.00260136
228 235 0 0 0 0 -0 -0.101656 0 -0.101656
234 235 0.0116136 0 -1.18118 0 0 0 0 -1.16956
229 236 0 0 0 0 -0 -0.130917 0 -0.130917
227 236 0 0 0 0 0 -0.177338 0 -0.177338
235 236 0.00425567 0 -1.21493 0 0 0 0 -1.21067
228 237 0 0 0 0 0 -0.102074 0 -0.102074
227 237 0 0 0 0 -0.822059 0 -0 -0.822059
226 237 0 0 0 0 -1.1696e-30 -0.162455 0 -0.162455
236 237 0.019788 0 -1.04372 0 0 0 0 -1.02393
227 238 0 0 0 0 -0 -0.143957 0 -0.143957
226 238 0 0 0 0 -0.694482 0 -0 -0.694482
225 238 0 0 0 0 0 -0.184395 0 -0.184395
237 238 0.0314047 0 -0.955911 0 0 0 0 -0.924506
226 239 0 0 0 0 0 -0.210645 0 -0.210645
225 239 0 0 0 0 -0.747512 0 -0 -0.747512
224 239 0 0 0 0 0 -0.0240802 0 -0.0240802
238 239 0.000376406 0 -1.2233 0 0 0 0 -1.22293
240 241 0.0210022 0 -1.11237 0 0 0 0 -1.09136
241 242 0.0371014 0 -1.30966 0 0 0 0 -1.27256
242 243 0.00190372 0 -1.37368 0 0 0 0 -1.37177
243 244 0.0299548 0 -1.13968 0 0 0 0 -1.10972
244 245 0.00529655 0 0 0 0 0 0 0.00529655
245 246 0.0277511 0 -1.23862 0 0 0 0 -1.21087
244 247 0 0 0 0 0 -0.0664384 0 -0.0664384
246 247 0.00278262 0 -1.41117 0 0 0 0 -1.40839
243 248 0 0 0 0 0 -0.152163 0 -0.152163
244 248 0 0 0 0 -0.342339 -1.7522e-06 -0 -0.342341
247 248 0.00411168 0 -1.19898 0 0 0 0 -1.19487
243 249 0 0 0 0 -0.863968 0 -0 -0.863968
244 249 0 0 0 0 0 -0.179214 0 -0.179214
242 249 0 0 0 0 0 -0.200553 0 -0.200553
248 249 0.0158836 0 -1.28003 0 0 0 0 -1.26415
243 250 0 0 0 0 0 -0.121523 0 -0.121523
242 250 0 0 0 0 -0.24665 0 -0 -0.24665
241 250 0 0 0 0 -0 -0.0731036 -0 -0.0731036
249 250 0.128453 0 -1.11853 0 0 0 0 -0.990074
242 251 0 0 0 0 0 -0.00849644 0 -0.00849644
241 251 0 0 0 0 0 -0.0149585 -0 -0.0149585
250 251 0.0717906 0 -1.26368 0 0 0 0 -1.19189
248 252 0 0 0 0 0 -0.00192919 -0 -0.00192919
247 252 0 0 0 0 0 -0.0901409 0 -0.0901409
251 252 1.10281e-05 0 0 0 0 0 0 1.10281e-05
248 253 0 0 0 0 -0 -0.000659659 0 -0.000659659
246 253 0 0 0 0 0 -0.145402 0 -0.145402
252 253 0.0542944 0 -1.04674 0 0 0 0 -0.992449
247 254 0 0 0 0 -0 -0.187125 0 -0.187125
246 254 0 0 0 0 -0.835483 0 -0 -0.835483
245 254 0 0 0 0 0 -0.181397 0 -0.181397
253 254 0.0708159 0 -1.16915 0 0 0 0 -1.09834
246 255 0 0 0 0 0 -0.133499 0 -0.133499
245 255 0 0 0 0 -0.572424 0 -0 -0.572424
254 255 0.000159868 0 -1.27807 0 0 0 0 -1.27791
245 256 0 0 0 0 0 -0.108175 0 -0.108175
255 256 0.000574982 0 -1.27321 0 0 0 0 -1.27264
256 257 0.111553 0 -1.19572 0 0 0 0 -1.08416
257 258 0.0102986 0 -1.36023 0 0 0 0 -1.34993
258 259 0.0141067 0 -1.16085 0 0 0 0 -1.14674
260 261 0.00554203 0 -1.39601 0 0 0 0 -1.39047
261 262 0.0540516 0 -1.19309 0 0 0 0 -1.13904
262 263 0.0134754 0 -1.09815 0 0 0 0 -1.08467
263 264 0.0320413 0 -1.27944 0 0 0 0 -1.2474
264 265 0.0216592 0 -1.3119 0 0 0 0 -1.29024
265 266 0.00481718 0 -0.887613 0 0 0 0 -0.882796
266 267 0.000487659 0 -1.10419 0 0 0 0 -1.1037
267 268 0.0671568 0 -1.21766 0 0 0 0 -1.1505
268 269 0.0172528 0 -1.3912 0 0 0 0 -1.37394
269 270 0.0478012 0 -1.10253 0 0 0 0 -1.05473
270 271 9.46682e-05 0 -1.15962 0 0 0 0 -1.15953
271 272 0.00771347 0 -1.14298 0 0 0 0 -1.13527
272 273 0.00290746 0 -1.04847 0 0 0 0 -1.04556
273 274 0.0192232 0 -1.15114 0 0 0 0 -1.13191
274 275 0.037238 0 -1.11487 0 0 0 0 -1.07764
275 276 0.348625 0 -0 0 0 0 0 0.348625
276 277 0.0605054 0 -1.27409 0 0 0 0 -1.21358
274 278 0 0 0 0 0 -0.0678179 0 -0.0678179
277 278 0.00850433 0 -0 0 0 0 0 0.00850433
276 279 0 0 0 0 -0 -0.013386 0 -0.013386
278 279 0.0118299 0 -1.04999 0 0 0 0 -1.03816
280 281 0.0732854 0 -0.951251 0 0 0 0 -0.877966
281 282 0.00110822 0 -1.34295 0 0 0 0 -1.34184
282 283 0.00017997 0 -1.12231 0 0 0 0 -1.12213
283 284 0.00141712 0 0 0 0 0 0 0.00141712
284 285 0.00614488 0 -1.18505 0 0 0 0 -1.1789
285 286 0.113476 0 -0.96055 0 0 0 0 -0.847074
286 287 0.00108313 0 -1.12506 0 0 0 0 -1.12398
287 288 0.3063 0 -1.21476 0 0 0 0 -0.90846
288 289 0.0138261 0 -1.32822 0 0 0 0 -1.31439
289 290 0.0980453 0 -0 0 0 0 0 0.0980453
290 291 0.012712 0 -1.09766 0 0 0 0 -1.08495
288 292 0 0 0 0 0 -0.171051 -0 -0.171051
291 292 0.0687275 0 -0.610567 0 0 0 0 -0.54184
289 293 0 0 0 0 0 -0.188035 0 -0.188035
288 293 0 0 0 0 -0.635186 0 -0 -0.635186
287 293 0 0 0 0 0 -0.130759 0 -0.130759
292 293 0.0112761 0 -1.37132 0 0 0 0 -1.36005
288 294 0 0 0 0 0 -0.137153 0 -0.137153
287 294 0 0 0 0 -0.748162 0 -0 -0.748162
286 294 0 0 0 0 -0 -0.0351586 0 -0.0351586
293 294 0.00881951 0 -1.00682 0 0 0 0 -0.997997
287 295 0 0 0 0 0 -0.132232 -0 -0.132232
286 295 0 0 0 0 0 -0.00987991 -0 -0.00987991
294 295 0.00103514 0 -1.09386 0 0 0 0 -1.09283
283 296 0 0 0 0 0 -0.0100501 0 -0.0100501
282 296 0 0 0 0 0 -0.0431607 0 -0.0431607
295 296 0.034806 0 -1.2254 0 0 0 0 -1.1906
282 297 0 0 0 0 -0.572013 0 -0 -0.572013
281 297 0 0 0 0 -4.74253e-30 -0.0911972 0 -0.0911972
296 297 0.0779879 0 -0.977991 0 0 0 0 -0.900003
282 298 0 0 0 0 -0 -0.191104 0 -0.191104
281 298 0 0 0 0 -0.648877 0 -0 -0.648877
280 298 0 0 0 0 0 -0.0731664 0 -0.0731664
297 298 0.0379401 0 -1.26957 0 0 0 0 -1.23163
281 299 0 0 0 0 0 -0.160359 0 -0.160359
280 299 0 0 0 0 -0.723501 0 -0 -0.723501
298 299 0.027133 0 -1.045 0 0 0 0 -1.01787
300 301 0.00369421 0 -1.0793 0 0 0 0 -1.0756
301 302 0.0198099 0 -1.11559 0 0 0 0 -1.09578
302 303 0.0026352 0 -0.799098 0 0 0 0 -0.796463
303 304 0.0491412 0 -1.23601 0 0 0 0 -1.18687
304 305 0.0507057 0 -0 0 0 0 0 0.0507057
305 306 0.0117187 0 -1.27939 0 0 0 0 -1.26767
306 307 0.017171 0 -1.34923 0 0 0 0 -1.33206
307 308 0.18528 0 -1.15155 0 0 0 0 -0.966268
308 309 0.0186962 0 -0.920923 0 0 0 0 -0.902227
309 310 0.00234622 0 -0 0 0 0 0 0.00234622
309 311 0 0 0 0 0 -0.000142712 -0 -0.000142712
310 311 0.034832 0 -1.13414 0 0 0 0 -1.09931
308 312 0 0 0 0 0 -0.158807 -0 -0.158807
311 312 0.00511559 0 -1.20392 0 0 0 0 -1.19881
309 313 0 0 0 0 0 -0.0129859 0 -0.0129859
308 313 0 0 0 0 -0.743329 0 -0 -0.743329
307 313 0 0 0 0 0 -0.0138742 -0 -0.0138742
312 313 0.0590829 0 -0.987542 0 0 0 0 -0.928459
308 314 0 0 0 0 0 -0.0971028 0 -0.0971028
307 314 0 0 0 0 -0.547929 0 -0 -0.547929
306 314 0 0 0 0 -1.89497e-28 -0.148557 0 -0.148557
313 314 0.155812 0 -1.07933 0 0 0 0 -0.923522
307 315 0 0 0 0 -0 -0.15782 0 -0.15782
306 315 0 0 0 0 -0.304583 -2.31517e-06 -0 -0.304586
305 315 0 0 0 0 0 -0.106714 0 -0.106714
303 315 0 0 0 0 0 -0.129261 -0 -0.129261
314 315 0.0126621 0 -1.0218 0 0 0 0 -1.00913
306 316 0 0 0 0 0 -0.0287733 0 -0.0287733
305 316 0 0 0 0 -0 -0.00922132 -0 -0.00922132
304 316 0 0 0 0 0 -0.149987 0 -0.149987
303 316 0 0 0 0 -0.688124 0 -0 -0.688124
302 316 0 0 0 0 0 -0.175315 0 -0.175315
315 316 0.0260056 0 -1.39977 0 0 0 0 -1.37376
303 317 0 0 0 0 0 -0.155391 0 -0.155391
302 317 0 0 0 0 -0.836719 0 -0 -0.836719
301 317 0 0 0 0 -9.80389e-31 -0.177193 0 -0.177193
316 317 0.0309518 0 -1.32083 0 0 0 0 -1.28988
302 318 0 0 0 0 -0 -0.140002 0 -0.140002
301 318 0 0 0 0 -0.691887 0 -0 -0.691887
300 318 0 0 0 0 0 -0.160936 0 -0.160936
317 318 0.158628 0 -1.10683 0 0 0 0 -0.948202
301 319 0 0 0 0 0 -0.184861 0 -0.184861
300 319 0 0 0 0 -0.81584 0 -0 -0.81584
318 319 0.00234172 0 -1.14633 0 0 0 0 -1.14399
320 321 0.0191136 0 -1.17119 0 0 0 0 -1.15207
321 322 0.00413341 0 -1.28345 0 0 0 0 -1.27932
322 323 0.0233856 0 -1.28562 0 0 0 0 -1.26224
323 324 4.31943e-05 0 -1.02277 0 0 0 0 -1.02273
324 325 0.0683526 0 -1.07797 0 0 0 0 -1.00962
325 326 0.00306634 0 -1.37529 0 0 0 0 -1.37222
326 327 0.0347027 0 -0.630433 0 0 0 0 -0.595731
327 328 0.038252 0 0 0 0 0 0 0.038252
328 329 0.030786 0 -1.16016 0 0 0 0 -1.12938
329 330 0.00774928 0 -1.03228 0 0 0 0 -1.02453
330 331 0.0356937 0 -1.24614 0 0 0 0 -1.21044
331 332 0.0617351 0 -1.12969 0 0 0 0 -1.06796
332 333 9.60368e-05 0 -0.876314 0 0 0 0 -0.876218
333 334 0.0547404 0 -1.12888 0 0 0 0 -1.07414
334 335 0.00380949 0 -1.13595 0 0 0 0 -1.13214
335 336 0.0079127 0 -0 0 0 0 0 0.0079127
331 337 0 0 0 0 -4.48403e-29 -0.165306 0 -0.165306
333 337 0 0 0 0 0 -0.161273 0 -0.161273
332 337 0 0 0 0 -0.879191 0 -0 -0.879191
336 337 0.00131311 0 0 0 0 0 0 0.00131311
331 338 0 0 0 0 -0.725039 0 -0 -0.725039
330 338 0 0 0 0 0 -0.129604 0 -0.129604
332 338 0 0 0 0 -0 -0.13654 -0 -0.13654
337 338 0.00556494 0 -1.16738 0 0 0 0 -1.16182
331 339 0 0 0 0 0 -0.143035 0 -0.143035
329 339 0 0 0 0 0 -0.101953 0 -0.101953
338 339 0.0827307 0 -0.978187 0 0 0 0 -0.895456
271 340 0 0 0 0 0 -0.0663666 0 -0.0663666
272 340 0 0 0 0 0 -0.000140778 -0 -0.000140778
270 341 0 0 0 0 -0 -0.153474 0 -0.153474
272 341 0 0 0 0 0 -0.0745462 -0 -0.0745462
340 341 0.336311 0 -1.21929 0 0 0 0 -0.882977
271 342 0 0 0 0 0 -0.160822 0 -0.160822
270 342 0 0 0 0 -0.389816 0 -0 -0.389816
269 342 0 0 0 0 0 -0.136175 0 -0.136175
341 342 0.0117334 0 -1.11461 0 0 0 0 -1.10288
270 343 0 0 0 0 0 -0.178206 0 -0.178206
269 343 0 0 0 0 -0.802961 0 -0 -0.802961
268 343 0 0 0 0 0 -0.206423 0 -0.206423
342 343 0.00861801 0 -1.25241 0 0 0 0 -1.24379
269 344 0 0 0 0 0 -0.163281 0 -0.163281
268 344 0 0 0 0 -0.78162 0 -0 -0.78162
267 344 0 0 0 0 0 -0.107631 -0 -0.107631
343 344 0.0559783 0 -0.992697 0 0 0 0 -0.936719
268 345 0 0 0 0 0 -0.103248 0 -0.103248
266 345 0 0 0 0 0 -0.00313547 -0 -0.00313547
344 345 0.00370969 0 -1.24033 0 0 0 0 -1.23662
267 346 0 0 0 0 0 -0.12949 0 -0.12949
265 346 0 0 0 0 0 -0.00229273 -0 -0.00229273
345 346 0.00131112 0 -1.39006 0 0 0 0 -1.38875
264 347 0 0 0 0 0 -0.0784903 0 -0.0784903
266 347 0 0 0 0 0 -0.0884009 0 -0.0884009
346 347 0.00176539 0 -1.22913 0 0 0 0 -1.22737
264 348 0 0 0 0 -0.803759 0 -0 -0.803759
263 348 0 0 0 0 0 -0.114646 -0 -0.114646
265 348 0 0 0 0 0 -0.0972412 0 -0.0972412
347 348 0.00197881 0 -0.975668 0 0 0 0 -0.97369
264 349 0 0 0 0 0 -0.0992216 0 -0.0992216
263 349 0 0 0 0 -0.680286 0 -0 -0.680286
262 349 0 0 0 0 0 -0.177485 0 -0.177485
348 349 0.00389495 0 -1.20452 0 0 0 0 -1.20062
263 350 0 0 0 0 0 -0.120205 0 -0.120205
262 350 0 0 0 0 -0.71557 0 -0 -0.71557
261 350 0 0 0 0 -0 -0.116487 0 -0.116487
349 350 0.00531938 0 -1.26119 0 0 0 0 -1.25588
260 351 0 0 0 0 0 -0.00783707 -0 -0.00783707
262 351 0 0 0 0 0 -0.197636 0 -0.197636
350 351 0.00702256 0 -1.19548 0 0 0 0 -1.18846
260 352 0 0 0 0.147268 0 0 -0 0.147268
351 352 0.0536199 0 -1.23815 0 0 0 0 -1.18453
352 353 0.00143886 0 -1.23727 0 0 0 0 -1.23583
353 354 0.20981 0 -1.29134 0 0 0 0 -1.08153
354 355 0.0501881 0 -1.08177 0 0 0 0 -1.03159
355 356 0.329343 0 -1.34078 0 0 0 0 -1.01143
356 357 0.0228574 0 -1.29238 0 0 0 0 -1.26952
357 358 0.00012936 0 -1.2693 0 0 0 0 -1.26917
358 359 0.0603031 0 -1.17324 0 0 0 0 -1.11293
360 361 0.00361471 0 -1.16712 0 0 0 0 -1.16351
361 362 0.0077063 0 -1.19337 0 0 0 0 -1.18566
362 363 0.000788177 0 -1.13978 0 0 0 0 -1.13899
363 364 0.000876212 0 -1.20573 0 0 0 0 -1.20486
364 365 0.0447528 0 -0.990396 0 0 0 0 -0.945643
365 366 0.13882 0 -1.28064 0 0 0 0 -1.14182
366 367 0.0284243 0 -1.08482 0 0 0 0 -1.05639
365 368 0 0 0 0 0 -0.0086063 -0 -0.0086063
364 368 0 0 0 0 -0.840235 0 -0 -0.840235
363 368 0 0 0 0 0 -0.154825 0 -0.154825
367 368 0.0937297 0 0 0 0 0 0 0.0937297
364 369 0 0 0 0 0 -0.15846 0 -0.15846
363 369 0 0 0 0 -0.753391 0 -0 -0.753391
362 369 0 0 0 0 0 -0.142741 -0 -0.142741
368 369 0.116189 0 -1.28545 0 0 0 0 -1.16927
363 370 0 0 0 0 0 -0.100256 -0 -0.100256
362 370 0 0 0 0 -0.874265 0 -0 -0.874265
361 370 0 0 0 0 -0 -0.18526 0 -0.18526
369 370 0.00244743 0 -1.22025 0 0 0 0 -1.21781
362 371 0 0 0 0 0 -0.0888291 0 -0.0888291
360 371 0 0 0 0 0 -0.113646 -0 -0.113646
370 371 0.0021295 0 -1.06704 0 0 0 0 -1.06491
371 372 0.00159622 0 -0 0 0 0 0 0.00159622
372 373 0.0292813 0 0 0 0 0 0 0.0292813
373 374 0.00102017 0 -1.39264 0 0 0 0 -1.39162
179 375 0 0 0 0 0 -0.0140258 -0 -0.0140258
178 375 0 0 0 0 0 -0.197363 0 -0.197363
374 375 0.00511655 0 -0.637064 0 0 0 0 -0.631948
179 376 0 0 0 0 0 -0.0187546 0 -0.0187546
178 376 0 0 0 0 -0.868326 0 -0 -0.868326
177 376 0 0 0 0 0 -0.161558 0 -0.161558
375 376 0.0330915 0 -1.36314 0 0 0 0 -1.33005
176 377 0 0 0 0 -2.26416e-28 -0.124472 0 -0.124472
178 377 0 0 0 0 0 -0.157177 0 -0.157177
177 377 0 0 0 0 -0.864163 0 -0 -0.864163
376 377 0.0912791 0 -1.09174 0 0 0 0 -1.00046
176 378 0 0 0 0 -0.734594 0 -0 -0.734594
175 378 0 0 0 0 0 -0.192638 0 -0.192638
177 378 0 0 0 0 -0 -0.136271 0 -0.136271
377 378 0.00309953 0 -0.830513 0 0 0 0 -0.827414
176 379 0 0 0 0 0 -0.132847 -0 -0.132847
175 379 0 0 0 0 -0.571176 0 -0 -0.571176
174 379 0 0 0 0 0 -0.0648932 0 -0.0648932
378 379 0.00425386 0 -1.05289 0 0 0 0 -1.04864
380 381 0.245428 0 -1.3131 0 0 0 0 -1.06768
381 382 0.0788146 0 -1.2076 0 0 0 0 -1.12879
382 383 0.0191265 0 -1.04596 0 0 0 0 -1.02684
383 384 0.0162874 0 -0.581491 0 0 0 0 -0.565204
384 385 0.0980052 0 -1.39653 0 0 0 0 -1.29852
383 386 0 0 0 0 0 -0 -0.0553902 -0.0553902
385 386 0.021028 0 -0 0 0 0 0 0.021028
386 387 0.252415 0 -1.41073 0 0 0 0 -1.15832
387 388 0.0141365 0 -1.32463 0 0 0 0 -1.3105
388 389 0.0190319 0 -1.0904 0 0 0 0 -1.07137
389 390 0.046702 0 -0 0 0 0 0 0.046702
390 391 0.00475053 0 -1.21371 0 0 0 0 -1.20896
388 392 0 0 0 0 0 -0.105866 -0 -0.105866
389 392 0 0 0 0 0 -0.0100163 -0 -0.0100163
391 392 0.00491697 0 -1.26696 0 0 0 0 -1.26205
388 393 0 0 0 0 -0.649924 -8.53485e-10 -0 -0.649924
387 393 0 0 0 0 0 -0.179113 0 -0.179113
389 393 0 0 0 0 0 -0.000301128 0 -0.000301128
392 393 0.0564281 0 -0.868477 0 0 0 0 -0.812049
388 394 0 0 0 0 0 -0.17009 0 -0.17009
387 394 0 0 0 0 -0.736306 -6.7924e-29 -0 -0.736306
386 394 0 0 0 0 -0 -0.114649 0 -0.114649
384 394 0 0 0 0 0 -0.0157176 0 -0.0157176
393 394 0.0598207 0 -0.958197 0 0 0 0 -0.898376
387 395 0 0 0 0 -0 -0.0818134 0 -0.0818134
386 395 0 0 0 0 -0.727247 0 -0 -0.727247
384 395 0 0 0 0 0 -0.00220821 -0 -0.00220821
383 395 0 0 0 0 0 -0.182561 0 -0.182561
385 395 0 0 0 0 0 -0.00482427 -0 -0.00482427
394 395 0.0117219 0 -0.575402 0 0 0 0 -0.56368
386 396 0 0 0 0 0 -0.127871 0 -0.127871
384 396 0 0 0 0 0 -0.0794423 0 -0.0794423
383 396 0 0 0 0 -0.705652 0 -0 -0.705652
382 396 0 0 0 0 0 -0.149649 0 -0.149649
395 396 0.0286128 0 -1.40004 0 0 0 0 -1.37143
383 397 0 0 0 0 0 -0.167227 0 -0.167227
382 397 0 0 0 0 -0.829611 0 -0 -0.829611
381 397 0 0 0 0 -9.42355e-28 -0.150031 0 -0.150031
396 397 0.0427381 0 -1.09943 0 0 0 0 -1.05669
382 398 0 0 0 0 -0 -0.0169439 -0 -0.0169439
381 398 0 0 0 0 -0.769188 0 -0 -0.769188
380 398 0 0 0 0 0 -0.0671456 -0 -0.0671456
397 398 0.13107 0 -0.767951 0 0 0 0 -0.636881
381 399 0 0 0 0 0 -0.123796 0 -0.123796
380 399 0 0 0 0 -0.750175 0 -0 -0.750175
398 399 0.118835 0 -1.32257 0 0 0 0 -1.20373
#Total energy per particle is  -1.13827 and should be -1.1382710
