#id1 id2 FENE BEXC STCK NEXC HB CRSTCK CXSTCK total, t = 300000
0 1 0.00224314 0 -1.29523 0 0 0 0 -1.29299
1 2 0.0291048 0 -1.40204 0 0 0 0 -1.37293
2 3 0.0490303 0 -0 0 0 0 0 0.0490303
3 4 0.0667843 0 -0.92724 0 0 0 0 -0.860455
4 5 0.0781573 0 -1.30384 0 0 0 0 -1.22568
5 6 0.0176499 0 -1.14195 0 0 0 0 -1.1243
6 7 0.0601779 0 -0.491714 0 0 0 0 -0.431536
7 8 0.00941532 0 -1.08011 0 0 0 0 -1.0707
8 9 0.10603 0 -1.26252 0 0 0 0 -1.15649
7 10 0 0 0 0 0 -0.000310814 0 -0.000310814
6 10 0 0 0 0 0 -0.021673 -0 -0.021673
5 10 0 0 0 0 -0.762362 0 -0 -0.762362
4 10 0 0 0 0 0 -0.134479 0 -0.134479
9 10 0.0324846 0 0 0 0 0 0 0.0324846
5 11 0 0 0 0 0 -0.144182 0 -0.144182
4 11 0 0 0 0 -0.84456 0 -0 -0.84456
3 11 0 0 0 0 0 -0.0865888 0 -0.0865888
2 11 0 0 0 0 0 -0.0558277 0 -0.0558277
10 11 0.00659318 0 -1.14208 0 0 0 0 -1.13548
4 12 0 0 0 0 0 -0.162668 0 -0.162668
3 12 0 0 0 0 0 -0.0390146 -0 -0.0390146
2 12 0 0 0 0 -0.503485 0 -0 -0.503485
1 12 0 0 0 0 -1.21786e-31 -0.158025 0 -0.158025
11 12 0.184672 0 -1.27313 0 0 0 0 -1.08846
3 13 0 0 0 0 0 -0.000314115 0 -0.000314115
2 13 0 0 0 0 -0 -0.160357 0 -0.160357
1 13 0 0 0 0 -0.771984 0 -0 -0.771984
0 13 0 0 0 0 0 -0.135576 -0 -0.135576
12 13 0.000169004 0 -1.26388 0 0 0 0 -1.26371
1 14 0 0 0 0 0 -0.153728 0 -0.153728
0 14 0 0 0 0 -0.645139 0 -0 -0.645139
13 14 0.0153015 0 -1.08528 0 0 0 0 -1.06998
0 15 0 0 0 0 0 -0.0462885 0 -0.0462885
14 15 0.0916422 0 -1.16982 0 0 0 0 -1.07818
15 16 0.0695534 0 -1.2105 0 0 0 0 -1.14095
16 17 0.155719 0 -1.22345 0 0 0 0 -1.06773
17 18 0.000226238 0 -1.29676 0 0 0 0 -1.29653
18 19 0.0272157 0 -1.18398 0 0 0 0 -1.15677
20 21 0.0904558 0 -1.03141 0 0 0 0 -0.940957
21 22 0.0194101 0 -1.18496 0 0 0 0 -1.16555
22 23 0.0338165 0 -1.26769 0 0 0 0 -1.23388
23 24 0.160429 0 0 0 0 0 0 0.160429
24 25 0.00438855 0 -1.3871 0 0 0 0 -1.38271
25 26 0.031036 0 -1.02363 0 0 0 0 -0.992591
26 27 0.0222416 0 -1.2095 0 0 0 0 -1.18726
27 28 0.0013863 0 -1.39662 0 0 0 0 -1.39524
28 29 0.000264425 0 -1.38554 0 0 0 0 -1.38527
29 30 0.00599942 0 -1.35506 0 0 0 0 -1.34906
30 31 0.00133076 0 -1.23867 0 0 0 0 -1.23733
31 32 0.00605616 0 -0.969048 0 0 0 0 -0.962992
32 33 0.112669 0 -1.37827 0 0 0 0 -1.2656
33 34 1.60286e-06 0 -0.97572 0 0 0 0 -0.975719
34 35 0.127791 0 -1.03576 0 0 0 0 -0.907969
35 36 0.000295483 0 -1.25362 0 0 0 0 -1.25332
36 37 0.0205849 0 -1.09994 0 0 0 0 -1.07936
37 38 0.104759 0 -1.36562 0 0 0 0 -1.26086
38 39 0.0075055 0 0 0 0 0 0 0.0075055
40 41 0.069912 0 -1.15359 0 0 0 0 -1.08368
41 42 0.0135512 0 -1.24673 0 0 0 0 -1.23318
42 43 0.0323607 0 -1.11467 0 0 0 0 -1.08231
43 44 0.147597 0 -1.38682 0 0 0 0 -1.23922
44 45 0.00294032 0 -1.36804 0 0 0 0 -1.3651
45 46 0.236611 0 -1.21123 0 0 0 0 -0.974621
46 47 0.00144101 0 -0.938264 0 0 0 0 -0.936823
45 48 0 0 0 0 0 -0.070209 -0 -0.070209
43 48 0 0 0 0 0 -0.188626 -0 -0.188626
47 48 0.040893 0 0 0 0 0 0 0.040893
44 49 0 0 0 0 0 -0.169658 0 -0.169658
43 49 0 0 0 0 -0.780622 0 -0 -0.780622
42 49 0 0 0 0 0 -0.120594 -0 -0.120594
48 49 0.00118712 0 -1.2859 0 0 0 0 -1.28471
43 50 0 0 0 0 -0 -0.0113684 0 -0.0113684
49 50 0.00118793 0 -0 0 0 0 0 0.00118793
43 51 0 0 0 0 0 -0.0318284 -0 -0.0318284
42 51 0 0 0 0 0 -0.0558794 0 -0.0558794
50 51 0.177739 0 -1.16982 0 0 0 0 -0.992081
43 52 0 0 0 0 0 -0.0616813 0 -0.0616813
42 52 0 0 0 0 -0.720403 0 -0 -0.720403
41 52 0 0 0 0 -9.43073e-29 -0.119507 -0 -0.119507
51 52 0.000550365 0 -1.01015 0 0 0 0 -1.0096
42 53 0 0 0 0 -0 -0.194857 0 -0.194857
41 53 0 0 0 0 -0.873372 0 -0 -0.873372
40 53 0 0 0 0 0 -0.181104 0 -0.181104
52 53 0.0480674 0 -1.28315 0 0 0 0 -1.23508
41 54 0 0 0 0 0 -0.201911 0 -0.201911
40 54 0 0 0 0 -0.534151 0 -0 -0.534151
53 54 0.000896401 0 -1.22001 0 0 0 0 -1.21911
40 55 0 0 0 0 0 -0.125158 0 -0.125158
54 55 0.0522559 0 -1.3106 0 0 0 0 -1.25835
55 56 0.00227823 0 -1.26386 0 0 0 0 -1.26158
56 57 0.0077394 0 -1.38806 0 0 0 0 -1.38032
57 58 0.0596736 0 -1.20845 0 0 0 0 -1.14877
58 59 0.00809389 0 0 0 0 0 0 0.00809389
60 61 0.0904116 0 -1.00654 0 0 0 0 -0.916127
61 62 0.00952596 0 -1.29137 0 0 0 0 -1.28184
62 63 0.0133271 0 -1.41813 0 0 0 0 -1.40481
63 64 0.086343 0 -1.36103 0 0 0 0 -1.27469
64 65 0.0226712 0 -1.10546 0 0 0 0 -1.08279
65 66 0.194417 0 -1.12446 0 0 0 0 -0.930046
66 67 5.05699e-05 0 -1.39976 0 0 0 0 -1.39971
67 68 0.000553177 0 -0.709178 0 0 0 0 -0.708625
68 69 0.00944074 0 -1.31988 0 0 0 0 -1.31044
69 70 0.000280473 0 -1.30395 0 0 0 0 -1.30367
68 71 0 0 0 0 0 -0.00103868 -0 -0.00103868
67 71 0 0 0 0 0 -0.195535 0 -0.195535
70 71 0.0150534 0 -0 0 0 0 0 0.0150534
68 72 0 0 0 0 0 -0.162389 0 -0.162389
67 72 0 0 0 0 -0.443713 0 -0 -0.443713
66 72 0 0 0 0 -1.34076e-29 -0.204 0 -0.204
71 72 0.0503175 0 -1.28951 0 0 0 0 -1.23919
67 73 0 0 0 0 -0 -0.124251 0 -0.124251
66 73 0 0 0 0 -0.415979 -1.65704e-07 -0 -0.415979
65 73 0 0 0 0 0 -0.13289 0 -0.13289
72 73 0.00252646 0 -1.04288 0 0 0 0 -1.04036
66 74 0 0 0 0 0 -0.152146 0 -0.152146
65 74 0 0 0 0 -0.780361 0 -0 -0.780361
64 74 0 0 0 0 0 -0.108815 0 -0.108815
73 74 0.0101655 0 -1.12183 0 0 0 0 -1.11166
65 75 0 0 0 0 0 -0.171387 0 -0.171387
64 75 0 0 0 0 -0.600272 0 -0 -0.600272
63 75 0 0 0 0 0 -0.143515 0 -0.143515
74 75 0.00416945 0 -1.07394 0 0 0 0 -1.06977
64 76 0 0 0 0 0 -0.124248 0 -0.124248
63 76 0 0 0 0 0 -3.76911e-10 -0 -3.76911e-10
62 76 0 0 0 0 0 -0.0262521 -0 -0.0262521
75 76 0.0655668 0 -1.10876 0 0 0 0 -1.0432
63 77 0 0 0 0 0 -0.0805795 -0 -0.0805795
61 77 0 0 0 0 0 -0.0017381 -0 -0.0017381
76 77 0.0267304 0 -1.17746 0 0 0 0 -1.15073
61 78 0 0 0 0 0 -4.19611e-05 -0 -4.19611e-05
77 78 0.0106803 0 -1.29632 0 0 0 0 -1.28564
78 79 0.0465093 0 -1.35039 0 0 0 0 -1.30388
80 81 0.0124285 0 -1.05865 0 0 0 0 -1.04623
81 82 0.0300756 0 -1.25479 0 0 0 0 -1.22472
82 83 3.62777e-07 0 -1.39313 0 0 0 0 -1.39313
83 84 0.021946 0 -1.15131 0 0 0 0 -1.12936
84 85 0.034106 0 -1.27903 0 0 0 0 -1.24492
85 86 0.0217988 0 -1.08526 0 0 0 0 -1.06346
86 87 0.00649733 0 -1.12764 0 0 0 0 -1.12114
87 88 0.0526692 0 -1.41263 0 0 0 0 -1.35996
88 89 0.00126318 0 -0 0 0 0 0 0.00126318
89 90 0.00555042 0 -1.09699 0 0 0 0 -1.09144
88 91 0 0 0 0 0 -0.000138325 -0 -0.000138325
87 91 0 0 0 0 0 -0.00425164 -0 -0.00425164
90 91 0.00146221 0 -1.08226 0 0 0 0 -1.0808
88 92 0 0 0 0 0 -0.169955 0 -0.169955
87 92 0 0 0 0 -0.570025 0 -0 -0.570025
86 92 0 0 0 0 -0 -0.161049 -0 -0.161049
91 92 0.0113488 0 -1.15891 0 0 0 0 -1.14756
87 93 0 0 0 0 -0 -0.133521 0 -0.133521
86 93 0 0 0 0 -0.77115 0 -0 -0.77115
85 93 0 0 0 0 0 -0.132949 0 -0.132949
92 93 0.00968042 0 -1.23492 0 0 0 0 -1.22524
86 94 0 0 0 0 0 -0.126655 0 -0.126655
85 94 0 0 0 0 -0.691938 0 -0 -0.691938
84 94 0 0 0 0 0 -0.00399826 -0 -0.00399826
93 94 0.00268725 0 -1.34432 0 0 0 0 -1.34163
85 95 0 0 0 0 0 -0.185087 0 -0.185087
84 95 0 0 0 0 -0.658395 0 -0 -0.658395
83 95 0 0 0 0 0 -0.041547 -0 -0.041547
94 95 0.00939808 0 -1.15522 0 0 0 0 -1.14583
84 96 0 0 0 0 0 -0.0270469 0 -0.0270469
83 96 0 0 0 0 0 -0.000384294 -0 -0.000384294
82 96 0 0 0 0 0 -0.0170745 0 -0.0170745
95 96 0.00573535 0 -1.24902 0 0 0 0 -1.24328
82 97 0 0 0 0 0 -0.00621473 0 -0.00621473
96 97 0.0324233 0 -1.31031 0 0 0 0 -1.27788
97 98 0.0204773 0 -1.35626 0 0 0 0 -1.33578
98 99 0.0358823 0 -1.16841 0 0 0 0 -1.13253
100 101 0.0125781 0 -1.00839 0 0 0 0 -0.995812
101 102 0.0348693 0 -1.12668 0 0 0 0 -1.09181
102 103 0.0203237 0 -1.05705 0 0 0 0 -1.03673
103 104 0.0207755 0 -1.23225 0 0 0 0 -1.21148
104 105 0.0205383 0 -1.33669 0 0 0 0 -1.31615
105 106 0.114653 0 -1.11499 0 0 0 0 -1.00034
106 107 0.0212281 0 -1.33017 0 0 0 0 -1.30894
107 108 0.16103 0 -1.07064 0 0 0 0 -0.909611
108 109 0.00100718 0 -1.06582 0 0 0 0 -1.06482
109 110 0.0726065 0 -1.08279 0 0 0 0 -1.01019
110 111 0.0941248 0 -1.22289 0 0 0 0 -1.12877
111 112 0.00665164 0 -0.998502 0 0 0 0 -0.99185
112 113 7.60974e-05 0 -1.2178 0 0 0 0 -1.21772
113 114 0.240067 0 -0.722693 0 0 0 0 -0.482626
114 115 0.0281416 0 0 0 0 0 0 0.0281416
111 116 0 0 0 0 0 -0.0229911 -0 -0.0229911
110 116 0 0 0 0 -0 -0.1869 0 -0.1869
115 116 0.144943 0 0 0 0 0 0 0.144943
111 117 0 0 0 0 0 -0.0573293 0 -0.0573293
110 117 0 0 0 0 -0.839201 0 -0 -0.839201
109 117 0 0 0 0 0 -0.0506409 -0 -0.0506409
116 117 0.0261213 0 -1.36229 0 0 0 0 -1.33617
110 118 0 0 0 0 0 -0.135486 0 -0.135486
109 118 0 0 0 0 -0.81988 0 -0 -0.81988
108 118 0 0 0 0 0 -0.16325 0 -0.16325
117 118 0.067764 0 -0.824093 0 0 0 0 -0.756329
109 119 0 0 0 0 0 -0.150898 0 -0.150898
108 119 0 0 0 0 -0.645903 0 -0 -0.645903
107 119 0 0 0 0 0 -0.109295 -0 -0.109295
118 119 0.00974287 0 -0.935745 0 0 0 0 -0.926002
120 121 0.0669055 0 -1.26611 0 0 0 0 -1.1992
121 122 0.260752 0 -1.07687 0 0 0 0 -0.816119
122 123 0.0532486 0 0 0 0 0 0 0.0532486
123 124 0.0302662 0 -1.23441 0 0 0 0 -1.20415
124 125 0.0257141 0 -1.19543 0 0 0 0 -1.16972
125 126 0.000523256 0 -1.25174 0 0 0 0 -1.25122
126 127 0.000664099 0 -1.24467 0 0 0 0 -1.24401
127 128 0.0449621 0 -0.968275 0 0 0 0 -0.923313
128 129 0.0316686 0 -1.33786 0 0 0 0 -1.30619
129 130 0.0282798 0 -1.09538 0 0 0 0 -1.0671
130 131 0.0384994 0 -1.2234 0 0 0 0 -1.1849
129 132 0 0 0 0 0 -0.0154664 0 -0.0154664
128 132 0 0 0 0 0 -0.00916429 0 -0.00916429
131 132 0.0174326 0 0 0 0 0 0 0.0174326
129 133 0 0 0 0 0 -0.00182825 0 -0.00182825
128 133 0 0 0 0 -0.623809 0 -0 -0.623809
127 133 0 0 0 0 0 -0.179876 0 -0.179876
132 133 0.164611 0 -0.929154 0 0 0 0 -0.764543
126 134 0 0 0 0 -0 -0.178202 0 -0.178202
128 134 0 0 0 0 0 -0.0836542 0 -0.0836542
127 134 0 0 0 0 -0.812532 0 -0 -0.812532
133 134 0.214634 0 -1.18209 0 0 0 0 -0.967458
134 135 0.0627467 0 -0 0 0 0 0 0.0627467
127 136 0 0 0 0 0 -0.00486608 0 -0.00486608
135 136 0.168563 0 -1.1151 0 0 0 0 -0.946532
126 137 0 0 0 0 0 -1.47475e-15 0 -1.47475e-15
136 137 0.00127454 0 -1.25563 0 0 0 0 -1.25436
125 138 0 0 0 0 0 -0.00233711 0 -0.00233711
137 138 0.179674 0 -1.351 0 0 0 0 -1.17133
138 139 0.00399068 0 -1.05257 0 0 0 0 -1.04858
140 141 0.0562264 0 -1.36586 0 0 0 0 -1.30964
141 142 0.0213168 0 -1.17567 0 0 0 0 -1.15435
142 143 0.101507 0 -1.35996 0 0 0 0 -1.25845
143 144 0.0459827 0 -1.32367 0 0 0 0 -1.27768
144 145 0.100781 0 -0.983921 0 0 0 0 -0.883139
145 146 0.00870761 0 -1.33573 0 0 0 0 -1.32703
146 147 0.0146729 0 -1.19021 0 0 0 0 -1.17554
147 148 0.118909 0 -1.34954 0 0 0 0 -1.23063
148 149 0.0388914 0 -1.34843 0 0 0 0 -1.30954
149 150 0.0342914 0 -0 0 0 0 0 0.0342914
150 151 0.012006 0 -1.28465 0 0 0 0 -1.27264
148 152 0 0 0 0 0 -0.182221 0 -0.182221
149 152 0 0 0 0 0 -6.40221e-05 -0 -6.40221e-05
151 152 0.211488 0 -1.18042 0 0 0 0 -0.96893
148 153 0 0 0 0 -0.788729 0 -0 -0.788729
147 153 0 0 0 0 0 -0.164914 0 -0.164914
149 153 0 0 0 0 0 -0.128991 0 -0.128991
152 153 0.0136075 0 -1.23929 0 0 0 0 -1.22568
148 154 0 0 0 0 0 -0.168253 0 -0.168253
147 154 0 0 0 0 -0.300194 0 -0 -0.300194
146 154 0 0 0 0 -0 -0.166764 0 -0.166764
153 154 0.0117945 0 -1.124 0 0 0 0 -1.1122
147 155 0 0 0 0 0 -0.0961388 0 -0.0961388
146 155 0 0 0 0 0 -0.00111405 -0 -0.00111405
154 155 0.00273023 0 -1.31662 0 0 0 0 -1.31389
145 156 0 0 0 0 0 -0.0008302 0 -0.0008302
155 156 0.214381 0 -0 0 0 0 0 0.214381
146 157 0 0 0 0 0 -0.00471727 -0 -0.00471727
145 157 0 0 0 0 0 -0.000196722 -0 -0.000196722
144 157 0 0 0 0 0 -0.118876 0 -0.118876
156 157 0.000510988 0 -1.25982 0 0 0 0 -1.25931
143 158 0 0 0 0 0 -0.133105 0 -0.133105
145 158 0 0 0 0 0 -0.15845 0 -0.15845
144 158 0 0 0 0 -0.363775 -4.91331e-15 -0 -0.363775
157 158 0.00310511 0 -1.42608 0 0 0 0 -1.42297
143 159 0 0 0 0 -0.744979 0 -0 -0.744979
142 159 0 0 0 0 0 -0.169823 0 -0.169823
144 159 0 0 0 0 0 -0.16871 0 -0.16871
158 159 0.0749257 0 -1.02036 0 0 0 0 -0.945432
160 161 0.0229957 0 -1.27513 0 0 0 0 -1.25214
161 162 0.000609735 0 -1.37147 0 0 0 0 -1.37086
162 163 0.00204908 0 -1.29658 0 0 0 0 -1.29453
163 164 0.0311812 0 -1.22935 0 0 0 0 -1.19817
164 165 6.11809e-05 0 -1.29281 0 0 0 0 -1.29275
165 166 0.00105805 0 -0.979059 0 0 0 0 -0.978001
166 167 0.00273532 0 -1.21749 0 0 0 0 -1.21475
167 168 4.43262e-07 0 0 0 0 0 0 4.43262e-07
168 169 0.00553968 0 -0.981271 0 0 0 0 -0.975731
169 170 0.00148658 0 -1.2235 0 0 0 0 -1.22201
170 171 0.00645727 0 -1.22874 0 0 0 0 -1.22229
171 172 0.0618323 0 -1.12054 0 0 0 0 -1.05871
172 173 0.000579291 0 -0.965494 0 0 0 0 -0.964915
173 174 0.00721845 0 -1.33075 0 0 0 0 -1.32353
174 175 0.182093 0 -1.1132 0 0 0 0 -0.931106
175 176 0.00357127 0 -1.18106 0 0 0 0 -1.17749
176 177 0.00249144 0 -1.14532 0 0 0 0 -1.14283
177 178 0.0835013 0 -1.28605 0 0 0 0 -1.20254
178 179 0.0240557 0 -1.2115 0 0 0 0 -1.18744
180 181 0.0037197 0 -1.29082 0 0 0 0 -1.2871
181 182 0.0637083 0 -1.36006 0 0 0 0 -1.29635
182 183 0.0061608 0 -1.30554 0 0 0 0 -1.29938
183 184 0.0163725 0 -1.0802 0 0 0 0 -1.06383
184 185 1.02202e-05 0 -1.17251 0 0 0 0 -1.1725
185 186 0.0446702 0 -1.33104 0 0 0 0 -1.28637
186 187 0.0142855 0 -1.24354 0 0 0 0 -1.22926
184 188 0 0 0 0 -0.722915 0 -0 -0.722915
183 188 0 0 0 0 0 -0.0985261 0 -0.0985261
185 188 0 0 0 0 0 -0.0526008 -0 -0.0526008
187 188 0.361366 0 0 0 0 0 0 0.361366
184 189 0 0 0 0 0 -0.0944916 0 -0.0944916
183 189 0 0 0 0 -0.47621 -5.9411e-16 -0 -0.47621
182 189 0 0 0 0 0 -0.0536711 0 -0.0536711
188 189 0.000525079 0 -1.10997 0 0 0 0 -1.10944
183 190 0 0 0 0 0 -0.182641 0 -0.182641
182 190 0 0 0 0 -0.818187 0 -0 -0.818187
181 190 0 0 0 0 -0 -0.0998374 -0 -0.0998374
189 190 0.0237414 0 -1.0412 0 0 0 0 -1.01746
182 191 0 0 0 0 0 -0.142467 0 -0.142467
180 191 0 0 0 0 0 -0.0459071 0 -0.0459071
190 191 0.00369709 0 -1.31071 0 0 0 0 -1.30702
181 192 0 0 0 0 0 -0.0205701 -0 -0.0205701
180 192 0 0 0 0 0 -2.81596e-06 -0 -2.81596e-06
191 192 0.0894957 0 -1.1085 0 0 0 0 -1.019
180 193 0 0 0 0 -0 -0.00021433 0 -0.00021433
192 193 0.16479 0 -1.11873 0 0 0 0 -0.953942
193 194 0.0815852 0 -1.27277 0 0 0 0 -1.19119
194 195 0.0248859 0 -1.25155 0 0 0 0 -1.22667
195 196 0.0654047 0 -1.31672 0 0 0 0 -1.25132
196 197 0.0248643 0 -1.16852 0 0 0 0 -1.14366
197 198 0.00367075 0 -1.14266 0 0 0 0 -1.13899
198 199 0.00256801 0 -1.30498 0 0 0 0 -1.30241
200 201 0.00631843 0 -1.26966 0 0 0 0 -1.26334
201 202 0.0162676 0 -1.19299 0 0 0 0 -1.17672
202 203 0.000151658 0 -1.14204 0 0 0 0 -1.14189
203 204 0.0590662 0 -1.12246 0 0 0 0 -1.0634
204 205 0.0958902 0 -1.00312 0 0 0 0 -0.907233
205 206 0.0168048 0 -1.33237 0 0 0 0 -1.31556
206 207 0.0087479 0 -1.33938 0 0 0 0 -1.33063
207 208 0.0511884 0 -0.927493 0 0 0 0 -0.876304
208 209 0.0419814 0 0 0 0 0 0 0.0419814
209 210 0.0221233 0 -0 0 0 0 0 0.0221233
210 211 0.114762 0 -1.23846 0 0 0 0 -1.1237
211 212 0.0753937 0 -1.22393 0 0 0 0 -1.14854
212 213 0.0124849 0 -1.24892 0 0 0 0 -1.23643
213 214 0.0201146 0 -0 0 0 0 0 0.0201146
214 215 0.00699607 0 -1.28977 0 0 0 0 -1.28278
213 216 0 0 0 0 -0 -3.064e-05 -0 -3.064e-05
212 216 0 0 0 0 0 -0.00842377 0 -0.00842377
215 216 0.0143298 0 -1.19565 0 0 0 0 -1.18132
213 217 0 0 0 0 0 -0.092983 0 -0.092983
212 217 0 0 0 0 -0.388274 0 -0 -0.388274
211 217 0 0 0 0 -2.28435e-29 -0.111421 0 -0.111421
216 217 0.0273292 0 -1.14127 0 0 0 0 -1.11394
212 218 0 0 0 0 -0 -0.174794 0 -0.174794
211 218 0 0 0 0 -0.59034 -1.099e-18 -0 -0.59034
210 218 0 0 0 0 0 -0.136433 0 -0.136433
217 218 0.0472548 0 -0.99961 0 0 0 0 -0.952355
211 219 0 0 0 0 0 -0.0773703 0 -0.0773703
210 219 0 0 0 0 0 -1.98086e-05 -0 -1.98086e-05
218 219 0.0605225 0 -1.26341 0 0 0 0 -1.20289
220 221 0.0314931 0 -1.14137 0 0 0 0 -1.10988
221 222 0.110689 0 -1.12846 0 0 0 0 -1.01778
222 223 0.000368814 0 -1.16533 0 0 0 0 -1.16497
223 224 0.136237 0 -1.12749 0 0 0 0 -0.991253
224 225 0.000261256 0 -1.17035 0 0 0 0 -1.17009
225 226 0.104789 0 -1.20362 0 0 0 0 -1.09883
226 227 0.0661769 0 -1.09354 0 0 0 0 -1.02737
227 228 0.00289651 0 -1.38969 0 0 0 0 -1.3868
227 229 0 0 0 0 0 -0 -0.000242896 -0.000242896
228 229 0.0873288 0 -0 0 0 0 0 0.0873288
228 230 0 0 0 0 0 -0 -0.0488313 -0.0488313
229 230 0.181396 0 -1.32032 0 0 0 0 -1.13892
230 231 0.00101328 0 -1.16549 0 0 0 0 -1.16447
231 232 0.0274615 0 -1.25676 0 0 0 0 -1.2293
232 233 0.070594 0 -1.30333 0 0 0 0 -1.23274
230 234 0 0 0 0 0 -0.00218709 -0 -0.00218709
233 234 0.0398514 0 -0 0 0 0 0 0.0398514
228 235 0 0 0 0 -0 -0.0763669 0 -0.0763669
229 235 0 0 0 0 0 -0.115673 -0 -0.115673
234 235 0.0109351 0 -0.571576 0 0 0 0 -0.56064
230 236 0 0 0 0 0 -0.152032 0 -0.152032
229 236 0 0 0 0 -0.511806 0 -0 -0.511806
227 236 0 0 0 0 0 -0.0370102 -0 -0.0370102
235 236 0.0469593 0 -1.35315 0 0 0 0 -1.30619
228 237 0 0 0 0 0 -0.0405752 0 -0.0405752
229 237 0 0 0 0 0 -0.121393 0 -0.121393
227 237 0 0 0 0 -0.271568 0 -0 -0.271568
226 237 0 0 0 0 -0 -0.133169 0 -0.133169
236 237 0.0161574 0 -1.19037 0 0 0 0 -1.17421
227 238 0 0 0 0 -0 -0.0979798 0 -0.0979798
226 238 0 0 0 0 -0.719339 0 -0 -0.719339
225 238 0 0 0 0 0 -0.147252 0 -0.147252
237 238 0.0980667 0 -1.2043 0 0 0 0 -1.10624
226 239 0 0 0 0 0 -0.10433 0 -0.10433
225 239 0 0 0 0 -0.569349 -1.26324e-16 -0 -0.569349
224 239 0 0 0 0 0 -0.119713 0 -0.119713
238 239 0.0162076 0 -0.824041 0 0 0 0 -0.807833
240 241 0.092025 0 -1.41912 0 0 0 0 -1.3271
241 242 0.32273 0 -1.33259 0 0 0 0 -1.00986
242 243 0.0151156 0 -1.16555 0 0 0 0 -1.15044
243 244 0.00220042 0 -1.15796 0 0 0 0 -1.15576
244 245 0.0938537 0 0 0 0 0 0 0.0938537
245 246 0.00309006 0 -1.16858 0 0 0 0 -1.16549
246 247 0.0151398 0 -1.00686 0 0 0 0 -0.991723
244 248 0 0 0 0 -0 -0.023389 -0 -0.023389
243 248 0 0 0 0 0 -0.0514924 0 -0.0514924
247 248 0.0079016 0 -1.12428 0 0 0 0 -1.11638
244 249 0 0 0 0 0 -0.166409 0 -0.166409
243 249 0 0 0 0 -0.747461 0 -0 -0.747461
242 249 0 0 0 0 0 -0.182522 0 -0.182522
248 249 0.001461 0 -1.09068 0 0 0 0 -1.08921
243 250 0 0 0 0 0 -0.18766 0 -0.18766
242 250 0 0 0 0 -0.81325 0 -0 -0.81325
241 250 0 0 0 0 -0 -0.126983 0 -0.126983
249 250 0.021392 0 -1.36736 0 0 0 0 -1.34597
242 251 0 0 0 0 0 -0.164823 0 -0.164823
250 251 0.00151349 0 -1.20181 0 0 0 0 -1.20029
241 252 0 0 0 0 0 -0.0517079 0 -0.0517079
251 252 0.0685204 0 -1.22501 0 0 0 0 -1.15649
252 253 0.0624636 0 -1.04788 0 0 0 0 -0.98542
253 254 0.00355972 0 -1.27958 0 0 0 0 -1.27602
254 255 0.0310272 0 -0.943958 0 0 0 0 -0.912931
255 256 0.011825 0 -1.17232 0 0 0 0 -1.16049
256 257 0.0781509 0 -1.21298 0 0 0 0 -1.13483
257 258 0.0224345 0 -1.31262 0 0 0 0 -1.29019
258 259 0.0194371 0 -1.30075 0 0 0 0 -1.28132
260 261 0.00683663 0 -0.935115 0 0 0 0 -0.928279
261 262 0.0178436 0 -0.881157 0 0 0 0 -0.863313
262 263 0.0399989 0 -1.22723 0 0 0 0 -1.18723
263 264 0.51439 0 -1.30739 0 0 0 0 -0.793001
264 265 0.0280381 0 -1.16185 0 0 0 0 -1.13381
265 266 0.0425205 0 -1.05218 0 0 0 0 -1.00966
266 267 0.0103076 0 -0.665814 0 0 0 0 -0.655506
267 268 0.00823491 0 -1.25384 0 0 0 0 -1.2456
268 269 0.0047382 0 -1.13642 0 0 0 0 -1.13169
269 270 0.0202457 0 -1.04462 0 0 0 0 -1.02437
270 271 0.0772681 0 -1.21972 0 0 0 0 -1.14246
271 272 0.0159285 0 -1.13991 0 0 0 0 -1.12398
272 273 0.0396539 0 -1.39898 0 0 0 0 -1.35933
273 274 0.000238001 0 -1.37509 0 0 0 0 -1.37485
274 275 0.0311516 0 -0.898481 0 0 0 0 -0.86733
275 276 0.179109 0 -1.19269 0 0 0 0 -1.01358
276 277 0.00090086 0 -0 0 0 0 0 0.00090086
277 278 0.0899937 0 -1.22778 0 0 0 0 -1.13779
278 279 0.0985947 0 -0.655284 0 0 0 0 -0.556689
280 281 0.00629561 0 -1.31982 0 0 0 0 -1.31353
281 282 0.000292158 0 -1.07183 0 0 0 0 -1.07154
282 283 0.00143902 0 -1.09661 0 0 0 0 -1.09517
283 284 0.00918855 0 -1.13246 0 0 0 0 -1.12327
284 285 0.0193532 0 -1.17663 0 0 0 0 -1.15727
285 286 0.0582561 0 -1.19923 0 0 0 0 -1.14098
286 287 0.352311 0 -1.32285 0 0 0 0 -0.970539
287 288 2.00711e-06 0 0 0 0 0 0 2.00711e-06
288 289 0.00283619 0 -1.08374 0 0 0 0 -1.0809
289 290 0.00650365 0 -0.957533 0 0 0 0 -0.951029
286 291 0 0 0 0 0 -0.0491611 -0 -0.0491611
287 291 0 0 0 0 0 -1.07671e-06 -0 -1.07671e-06
290 291 0.00945666 0 -1.36423 0 0 0 0 -1.35477
287 292 0 0 0 0 0 -0.000536235 0 -0.000536235
285 292 0 0 0 0 0 -0.130357 -0 -0.130357
291 292 0.00426261 0 -1.09667 0 0 0 0 -1.0924
286 293 0 0 0 0 0 -0.132261 0 -0.132261
285 293 0 0 0 0 -0.463684 0 -0 -0.463684
284 293 0 0 0 0 0 -0.0287764 -0 -0.0287764
292 293 0.00208755 0 -1.32582 0 0 0 0 -1.32374
285 294 0 0 0 0 0 -0.0901313 -0 -0.0901313
283 294 0 0 0 0 0 -0.104414 0 -0.104414
293 294 0.0498096 0 -0.747402 0 0 0 0 -0.697592
284 295 0 0 0 0 0 -0.114685 0 -0.114685
283 295 0 0 0 0 -0.716945 0 -0 -0.716945
282 295 0 0 0 0 0 -0.184976 0 -0.184976
294 295 0.00364367 0 -0.955529 0 0 0 0 -0.951886
281 296 0 0 0 0 0 -0.137021 0 -0.137021
283 296 0 0 0 0 0 -0.15932 0 -0.15932
295 296 0.0134933 0 -1.2908 0 0 0 0 -1.27731
281 297 0 0 0 0 -0.647149 0 -0 -0.647149
280 297 0 0 0 0 0 -0.0975819 -0 -0.0975819
282 297 0 0 0 0 -0 -0.132743 -0 -0.132743
296 297 0.0128733 0 -1.22051 0 0 0 0 -1.20764
281 298 0 0 0 0 -0 -0.167777 0 -0.167777
297 298 0.00946686 0 -1.33662 0 0 0 0 -1.32715
280 299 0 0 0 0 -0 -0.073335 0 -0.073335
298 299 0.00748012 0 -1.0526 0 0 0 0 -1.04512
300 301 0.0454725 0 -1.03041 0 0 0 0 -0.984938
301 302 0.0921308 0 -1.20858 0 0 0 0 -1.11645
302 303 0.0198361 0 -0.972333 0 0 0 0 -0.952497
303 304 0.0178794 0 -1.36722 0 0 0 0 -1.34934
304 305 0.0462885 0 0 0 0 0 0 0.0462885
305 306 0.012326 0 -1.236 0 0 0 0 -1.22367
306 307 0.00031095 0 -0.898518 0 0 0 0 -0.898207
307 308 0.246053 0 -1.20587 0 0 0 0 -0.959821
308 309 0.00826704 0 -1.25108 0 0 0 0 -1.24281
309 310 0.0160489 0 -0 0 0 0 0 0.0160489
310 311 0.00874056 0 -1.3026 0 0 0 0 -1.29386
308 312 0 0 0 0 0 -0.17046 0 -0.17046
311 312 0.183491 0 -0.948124 0 0 0 0 -0.764633
308 313 0 0 0 0 -0.711135 0 -0 -0.711135
307 313 0 0 0 0 0 -0.138895 -0 -0.138895
309 313 0 0 0 0 0 -0.18933 0 -0.18933
312 313 2.32473e-06 0 -0.917425 0 0 0 0 -0.917423
308 314 0 0 0 0 0 -0.165543 0 -0.165543
307 314 0 0 0 0 -0.834147 0 -0 -0.834147
306 314 0 0 0 0 -1.6971e-28 -0.142626 0 -0.142626
313 314 9.37932e-06 0 -1.24652 0 0 0 0 -1.24651
307 315 0 0 0 0 -0 -0.187052 0 -0.187052
306 315 0 0 0 0 -0.144161 -0.000247605 -0 -0.144409
305 315 0 0 0 0 0 -0.0636028 0 -0.0636028
304 315 0 0 0 0 0 -0.0086987 -0 -0.0086987
303 315 0 0 0 0 0 -0.0444924 0 -0.0444924
314 315 0.0576778 0 -1.31927 0 0 0 0 -1.26159
306 316 0 0 0 0 0 -1.07289e-05 0 -1.07289e-05
304 316 0 0 0 0 0 -0.185822 0 -0.185822
303 316 0 0 0 0 -0.847023 0 -0 -0.847023
302 316 0 0 0 0 0 -0.110351 -0 -0.110351
315 316 0.050667 0 -1.34058 0 0 0 0 -1.28992
303 317 0 0 0 0 0 -0.16747 0 -0.16747
302 317 0 0 0 0 -0.704206 0 -0 -0.704206
301 317 0 0 0 0 -1.1988e-29 -0.12665 0 -0.12665
316 317 0.0510631 0 -1.3602 0 0 0 0 -1.30914
302 318 0 0 0 0 -0 -0.125017 0 -0.125017
301 318 0 0 0 0 -0.805201 0 -0 -0.805201
300 318 0 0 0 0 0 -0.125379 0 -0.125379
317 318 0.0288119 0 -1.35202 0 0 0 0 -1.32321
301 319 0 0 0 0 0 -0.159256 0 -0.159256
300 319 0 0 0 0 -0.671965 0 -0 -0.671965
318 319 0.00294844 0 -1.18261 0 0 0 0 -1.17966
320 321 0.00333186 0 -1.34992 0 0 0 0 -1.34659
321 322 4.4245e-08 0 -1.1935 0 0 0 0 -1.1935
322 323 0.0128773 0 -1.31499 0 0 0 0 -1.30211
323 324 0.107023 0 -1.27036 0 0 0 0 -1.16333
324 325 0.0261413 0 -1.1716 0 0 0 0 -1.14546
325 326 0.000711503 0 -1.02841 0 0 0 0 -1.0277
326 327 0.0462691 0 -1.00444 0 0 0 0 -0.958173
327 328 0.0598805 0 -1.23496 0 0 0 0 -1.17508
328 329 0.426514 0 -1.19134 0 0 0 0 -0.764829
329 330 0.00459479 0 -1.33852 0 0 0 0 -1.33393
330 331 0.0192324 0 -1.26751 0 0 0 0 -1.24827
331 332 0.000193475 0 -1.17891 0 0 0 0 -1.17872
332 333 0.0128367 0 -1.31458 0 0 0 0 -1.30175
333 334 0.0145249 0 -1.04342 0 0 0 0 -1.0289
334 335 0.0238797 0 -1.26143 0 0 0 0 -1.23755
332 336 0 0 0 0 0 -0.165227 0 -0.165227
335 336 0.0871619 0 -0 0 0 0 0 0.0871619
333 337 0 0 0 0 0 -0.153163 -0 -0.153163
332 337 0 0 0 0 -0.41503 0 -0 -0.41503
331 337 0 0 0 0 -0 -0.175203 0 -0.175203
336 337 0.022804 0 -1.23693 0 0 0 0 -1.21413
332 338 0 0 0 0 -0 -0.0715795 0 -0.0715795
331 338 0 0 0 0 -0.664039 0 -0 -0.664039
330 338 0 0 0 0 0 -0.137989 0 -0.137989
337 338 0.00105783 0 -1.22987 0 0 0 0 -1.22881
329 339 0 0 0 0 0 -0.000286148 0 -0.000286148
331 339 0 0 0 0 0 -0.125405 0 -0.125405
338 339 0.011086 0 -1.19973 0 0 0 0 -1.18864
270 341 0 0 0 0 -0 -0.119378 -0 -0.119378
340 341 0.0590591 0 -1.37891 0 0 0 0 -1.31985
271 342 0 0 0 0 0 -0.089095 0 -0.089095
270 342 0 0 0 0 -0.720746 0 -0 -0.720746
269 342 0 0 0 0 0 -0.144003 -0 -0.144003
341 342 0.0358311 0 -1.33929 0 0 0 0 -1.30346
270 343 0 0 0 0 0 -0.180617 0 -0.180617
269 343 0 0 0 0 -0.852614 0 -0 -0.852614
268 343 0 0 0 0 0 -0.12251 0 -0.12251
342 343 0.00195329 0 -1.20883 0 0 0 0 -1.20688
269 344 0 0 0 0 0 -0.0935866 -0 -0.0935866
268 344 0 0 0 0 -0.854293 0 -0 -0.854293
267 344 0 0 0 0 0 -0.156026 0 -0.156026
343 344 0.00918809 0 -0.963363 0 0 0 0 -0.954175
266 345 0 0 0 0 0 -0.00730849 0 -0.00730849
268 345 0 0 0 0 0 -0.110863 0 -0.110863
344 345 0.0141145 0 -1.06357 0 0 0 0 -1.04946
265 346 0 0 0 0 0 -0.00472601 0 -0.00472601
266 346 0 0 0 0 0 -0.000129913 -0 -0.000129913
267 346 0 0 0 0 0 -0.137648 0 -0.137648
345 346 0.137075 0 -1.05755 0 0 0 0 -0.920473
265 347 0 0 0 0 0 -0.00030484 -0 -0.00030484
264 347 0 0 0 0 0 -0.0151267 -0 -0.0151267
266 347 0 0 0 0 0 -0.0234605 0 -0.0234605
346 347 0.000386203 0 -1.06193 0 0 0 0 -1.06154
265 348 0 0 0 0 0 -0.0792507 0 -0.0792507
264 348 0 0 0 0 -0.714079 0 -0 -0.714079
263 348 0 0 0 0 0 -0.159329 0 -0.159329
347 348 0.0214273 0 -1.02954 0 0 0 0 -1.00811
264 349 0 0 0 0 0 -0.0834046 0 -0.0834046
263 349 0 0 0 0 -0.773387 0 -0 -0.773387
262 349 0 0 0 0 0 -0.194345 0 -0.194345
348 349 0.00536623 0 -1.14007 0 0 0 0 -1.1347
263 350 0 0 0 0 0 -0.144846 0 -0.144846
262 350 0 0 0 0 -0.648842 0 -0 -0.648842
261 350 0 0 0 0 -4.57929e-28 -0.177434 0 -0.177434
349 350 0.00216906 0 -0.98147 0 0 0 0 -0.979301
260 351 0 0 0 0 0 -0.0956288 0 -0.0956288
262 351 0 0 0 0 0 -0.130904 0 -0.130904
350 351 0.0210854 0 -1.29179 0 0 0 0 -1.2707
260 352 0 0 0 0 0 -0.0071884 -0 -0.0071884
261 352 0 0 0 0 0 -0.00774107 0 -0.00774107
351 352 0.0110918 0 -1.38066 0 0 0 0 -1.36956
352 353 0.00154506 0 -1.13822 0 0 0 0 -1.13667
353 354 0.000539162 0 -1.30112 0 0 0 0 -1.30058
354 355 0.330833 0 -1.20916 0 0 0 0 -0.878323
355 356 0.00504313 0 -1.35522 0 0 0 0 -1.35017
356 357 0.00401751 0 -0 0 0 0 0 0.00401751
357 358 0.110593 0 -0 0 0 0 0 0.110593
358 359 0.00106823 0 -1.02358 0 0 0 0 -1.02252
360 361 1.73984e-06 0 0 0 0 0 0 1.73984e-06
361 362 0.0388092 0 -1.36643 0 0 0 0 -1.32762
362 363 0.000102089 0 -1.22706 0 0 0 0 -1.22695
363 364 2.90259e-05 0 -1.16941 0 0 0 0 -1.16938
364 365 0.00144511 0 -1.21439 0 0 0 0 -1.21294
365 366 0.126955 0 -1.08597 0 0 0 0 -0.959019
366 367 0.00682098 0 -0 0 0 0 0 0.00682098
365 368 0 0 0 0 0 -0.0914065 0 -0.0914065
364 368 0 0 0 0 -0.430053 0 -0 -0.430053
363 368 0 0 0 0 0 -0.0737673 0 -0.0737673
367 368 0.124332 0 0 0 0 0 0 0.124332
362 369 0 0 0 0 0 -0.172417 0 -0.172417
364 369 0 0 0 0 0 -0.205727 0 -0.205727
363 369 0 0 0 0 -0.77014 0 -0 -0.77014
368 369 0.0574614 0 -0.925759 0 0 0 0 -0.868298
362 370 0 0 0 0 -0.539019 -4.46024e-17 -0 -0.539019
361 370 0 0 0 0 -0 -0.0690326 0 -0.0690326
363 370 0 0 0 0 0 -0.1077 0 -0.1077
369 370 0.0420743 0 -0.703863 0 0 0 0 -0.661789
362 371 0 0 0 0 0 -0.107198 0 -0.107198
370 371 0.0569467 0 -0.933581 0 0 0 0 -0.876634
361 372 0 0 0 0 0 -0.116681 0 -0.116681
371 372 0.0946675 0 -1.263 0 0 0 0 -1.16833
372 373 0.00597191 0 -1.18083 0 0 0 0 -1.17485
373 374 0.0210028 0 -0.986531 0 0 0 0 -0.965528
374 375 0.00154103 0 -1.21202 0 0 0 0 -1.21048
179 376 0 0 0 0 0 -0.0655605 0 -0.0655605
178 376 0 0 0 0 -0.0266589 -0.0130581 -0 -0.039717
177 376 0 0 0 0 0 -0.0729653 0 -0.0729653
375 376 0.0254032 0 0 0 0 0 0 0.0254032
178 377 0 0 0 0 0 -0.165978 0 -0.165978
177 377 0 0 0 0 -0.65477 0 -0 -0.65477
176 377 0 0 0 0 -0 -0.132309 -0 -0.132309
376 377 0.00300414 0 -1.0117 0 0 0 0 -1.0087
177 378 0 0 0 0 -0 -0.160202 0 -0.160202
176 378 0 0 0 0 -0.753006 0 -0 -0.753006
175 378 0 0 0 0 0 -0.094092 0 -0.094092
377 378 0.0180742 0 -1.37525 0 0 0 0 -1.35718
174 379 0 0 0 0 0 -0.130089 0 -0.130089
176 379 0 0 0 0 0 -0.171407 0 -0.171407
175 379 0 0 0 0 -0.672775 0 -0 -0.672775
378 379 0.0621482 0 -1.21025 0 0 0 0 -1.14811
380 381 1.05842e-05 0 -1.06041 0 0 0 0 -1.0604
381 382 0.0248872 0 -1.28826 0 0 0 0 -1.26337
382 383 0.0174833 0 -1.1624 0 0 0 0 -1.14491
383 384 0.0656072 0 -1.03201 0 0 0 0 -0.966406
384 385 0.0219099 0 -0.985853 0 0 0 0 -0.963943
385 386 0.0729884 0 -1.18355 0 0 0 0 -1.11057
386 387 0.0329709 0 -1.21654 0 0 0 0 -1.18357
387 388 0.013439 0 -0 0 0 0 0 0.013439
388 389 0.000552351 0 -1.29877 0 0 0 0 -1.29822
389 390 2.18426e-05 0 -0 0 0 0 0 2.18426e-05
390 391 0.0147457 0 -1.3072 0 0 0 0 -1.29245
391 392 0.020755 0 -1.21936 0 0 0 0 -1.1986
392 393 0.137765 0 -1.04249 0 0 0 0 -0.904725
385 394 0 0 0 0 0 -0.0148774 0 -0.0148774
386 394 0 0 0 0 -4.52902e-05 -0.000520473 0 -0.000565763
393 394 0.0086046 0 -1.07359 0 0 0 0 -1.06499
385 395 0 0 0 0 0 -0.000665481 0 -0.000665481
384 395 0 0 0 0 0 -0.0219371 -0 -0.0219371
383 395 0 0 0 0 0 -0.000323613 0 -0.000323613
394 395 0.00185494 0 -1.05571 0 0 0 0 -1.05386
384 396 0 0 0 0 0 -0.0345623 -0 -0.0345623
383 396 0 0 0 0 -0.67169 0 -0 -0.67169
382 396 0 0 0 0 0 -0.0948486 -0 -0.0948486
395 396 0.0825165 0 -1.28396 0 0 0 0 -1.20144
383 397 0 0 0 0 0 -0.176311 0 -0.176311
382 397 0 0 0 0 -0.802654 0 -0 -0.802654
381 397 0 0 0 0 -0 -0.106457 -0 -0.106457
396 397 0.0390965 0 -0.999228 0 0 0 0 -0.960131
382 398 0 0 0 0 -0 -0.170645 0 -0.170645
381 398 0 0 0 0 -0.762741 0 -0 -0.762741
380 398 0 0 0 0 0 -0.161481 0 -0.161481
397 398 0.10024 0 -0.994463 0 0 0 0 -0.894222
381 399 0 0 0 0 0 -0.104613 0 -0.104613
380 399 0 0 0 0 -0.711473 0 -0 -0.711473
398 399 0.0121743 0 -1.23655 0 0 0 0 -1.22437
#Total energy per particle is  -1.12974 and should be -1.1297410
