#id1 id2 FENE BEXC STCK NEXC HB CRSTCK CXSTCK total, t = 1000000
0 1 0.0478548 0 -1.1802 0 0 0 0 -1.13235
1 2 0.16107 0 -0.993792 0 0 0 0 -0.832723
2 3 0.000533646 0 -1.24588 0 0 0 0 -1.24534
2 4 0 0 0 0 0 -0 -0.000594958 -0.000594958
3 4 0.0107516 0 -0 0 0 0 0 0.0107516
4 5 0.00149594 0 -0.98301 0 0 0 0 -0.981514
5 6 0.00892018 0 -0.944919 0 0 0 0 -0.935998
6 7 0.0252212 0 0 0 0 0 0 0.0252212
7 8 0.0271277 0 -1.40913 0 0 0 0 -1.382
6 9 0 0 0 0 0 -0.0053808 -0 -0.0053808
5 9 0 0 0 0 -0 -0.15997 0 -0.15997
8 9 0.0330131 0 -1.0189 0 0 0 0 -0.985891
4 10 0 0 0 0 0 -0.156551 0 -0.156551
3 10 0 0 0 0 -0 -0.0454853 0 -0.0454853
6 10 0 0 0 0 0 -0.154631 0 -0.154631
5 10 0 0 0 0 -0.814316 0 -0 -0.814316
9 10 0.0792152 0 -1.31679 0 0 0 0 -1.23757
4 11 0 0 0 0 -0.570519 -2.84057e-08 -0 -0.570519
3 11 0 0 0 0 0 -0.00755398 -0 -0.00755398
2 11 0 0 0 0 0 -0.103462 0 -0.103462
5 11 0 0 0 0 0 -0.143076 0 -0.143076
10 11 0.000590079 0 -1.24273 0 0 0 0 -1.24214
4 12 0 0 0 0 0 -0.147324 -0 -0.147324
3 12 0 0 0 0 0 -0.145375 0 -0.145375
2 12 0 0 0 0 -0.754073 0 -0 -0.754073
1 12 0 0 0 0 -0 -0.107576 0 -0.107576
11 12 0.0143034 0 -1.31298 0 0 0 0 -1.29868
2 13 0 0 0 0 -0 -0.0853962 0 -0.0853962
1 13 0 0 0 0 -0.689703 0 -0 -0.689703
0 13 0 0 0 0 0 -0.0823758 0 -0.0823758
12 13 0.118333 0 -1.03378 0 0 0 0 -0.915447
1 14 0 0 0 0 0 -0.127217 0 -0.127217
0 14 0 0 0 0 -0.589267 0 -0 -0.589267
13 14 0.0666058 0 -1.01868 0 0 0 0 -0.952075
0 15 0 0 0 0 0 -0.0878811 0 -0.0878811
14 15 0.00797793 0 -1.35432 0 0 0 0 -1.34634
15 16 0.246362 0 -0.911513 0 0 0 0 -0.665151
16 17 0.00733929 0 -0.96334 0 0 0 0 -0.956001
17 18 0.000250776 0 -1.21107 0 0 0 0 -1.21082
18 19 0.0617281 0 -1.2088 0 0 0 0 -1.14707
20 21 0.00316003 0 -1.19835 0 0 0 0 -1.19519
21 22 0.0210807 0 -0.570291 0 0 0 0 -0.54921
22 23 0.00126657 0 -1.35433 0 0 0 0 -1.35307
23 24 0.0493573 0 -0.670801 0 0 0 0 -0.621443
24 25 0.00349165 0 -0.853072 0 0 0 0 -0.84958
25 26 0.0530208 0 -1.17036 0 0 0 0 -1.11734
26 27 6.19253e-05 0 -1.22356 0 0 0 0 -1.2235
27 28 0.230665 0 -1.25999 0 0 0 0 -1.02932
28 29 0.0721203 0 -1.30791 0 0 0 0 -1.23579
29 30 0.000821055 0 -1.16486 0 0 0 0 -1.16404
27 31 0 0 0 0 0 -0.132552 -0 -0.132552
30 31 0.00272427 0 -0 0 0 0 0 0.00272427
28 32 0 0 0 0 0 -0.189464 0 -0.189464
27 32 0 0 0 0 -0.792401 0 -0 -0.792401
26 32 0 0 0 0 -1.16739e-29 -0.199504 0 -0.199504
31 32 0.00213081 0 -1.15968 0 0 0 0 -1.15755
25 33 0 0 0 0 0 -0.168327 0 -0.168327
27 33 0 0 0 0 -0 -0.159 0 -0.159
26 33 0 0 0 0 -0.749431 0 -0 -0.749431
32 33 0.0298972 0 -0.796261 0 0 0 0 -0.766364
25 34 0 0 0 0 -0.459579 0 -0 -0.459579
24 34 0 0 0 0 0 -0.181168 0 -0.181168
26 34 0 0 0 0 0 -0.104293 0 -0.104293
33 34 0.0685058 0 -1.0568 0 0 0 0 -0.988299
25 35 0 0 0 0 0 -0.127019 -0 -0.127019
24 35 0 0 0 0 -0.790878 0 -0 -0.790878
34 35 0.0227556 0 -1.41443 0 0 0 0 -1.39168
35 36 0.00146418 0 0 0 0 0 0 0.00146418
36 37 0.00255716 0 -1.16611 0 0 0 0 -1.16356
37 38 0.0109002 0 -0.965046 0 0 0 0 -0.954146
38 39 0.0500271 0 -1.29131 0 0 0 0 -1.24128
40 41 0.0105667 0 -1.23617 0 0 0 0 -1.2256
41 42 0.0262798 0 -1.14678 0 0 0 0 -1.1205
42 43 0.0420034 0 -1.26519 0 0 0 0 -1.22318
43 44 0.080338 0 -1.12702 0 0 0 0 -1.04668
44 45 0.00123391 0 -1.32582 0 0 0 0 -1.32459
45 46 0.00165748 0 0 0 0 0 0 0.00165748
46 47 0.019082 0 -1.12513 0 0 0 0 -1.10605
44 48 0 0 0 0 -0 -0.0162447 -0 -0.0162447
47 48 0.00552865 0 -1.25092 0 0 0 0 -1.24539
43 49 0 0 0 0 -0 -0.0452579 0 -0.0452579
48 49 0.00409039 0 -1.12672 0 0 0 0 -1.12263
43 50 0 0 0 0 -0.713943 0 -0 -0.713943
42 50 0 0 0 0 0 -0.0898953 -0 -0.0898953
44 50 0 0 0 0 0 -0.105258 -0 -0.105258
49 50 0.106965 0 -1.18947 0 0 0 0 -1.0825
49 51 0 0 0 0 -0 -0 -2.3551e-14 -2.3551e-14
42 51 0 0 0 0 0 -0.175354 0 -0.175354
44 51 0 0 0 0 -0 -0.00309656 -0 -0.00309656
50 51 0.00616495 0 -0 0 0 0 0 0.00616495
43 52 0 0 0 0 0 -0.155409 -0 -0.155409
42 52 0 0 0 0 -0.779773 0 -0 -0.779773
41 52 0 0 0 0 -1.31674e-29 -0.160988 0 -0.160988
51 52 0.000359284 0 -1.2599 0 0 0 0 -1.25954
42 53 0 0 0 0 -0 -0.204729 0 -0.204729
41 53 0 0 0 0 -0.844964 0 -0 -0.844964
40 53 0 0 0 0 0 -0.173302 -0 -0.173302
52 53 0.05509 0 -1.31385 0 0 0 0 -1.25876
41 54 0 0 0 0 0 -0.161337 0 -0.161337
40 54 0 0 0 0 -0.375282 0 -0 -0.375282
53 54 0.0920574 0 -1.29614 0 0 0 0 -1.20409
40 55 0 0 0 0 0 -0.134279 0 -0.134279
54 55 0.201162 0 -1.16471 0 0 0 0 -0.963546
55 56 0.0413944 0 -0.868993 0 0 0 0 -0.827598
56 57 0.0469057 0 -1.14432 0 0 0 0 -1.09741
57 58 0.0943455 0.000538866 -1.07688 0 0 0 0 -0.981998
58 59 0.0039556 0 0 0 0 0 0 0.0039556
60 61 0.00186612 0 -1.25289 0 0 0 0 -1.25103
61 62 0.0069124 0 -1.31026 0 0 0 0 -1.30335
62 63 0.00175847 0 -0.99846 0 0 0 0 -0.996701
63 64 0.153284 0 -1.32781 0 0 0 0 -1.17452
64 65 0.00903203 0 -1.20831 0 0 0 0 -1.19928
65 66 0.138369 0 -1.36748 0 0 0 0 -1.22911
66 67 0.00360718 0 -1.16119 0 0 0 0 -1.15759
67 68 0.0497071 0 -1.09264 0 0 0 0 -1.04293
68 69 0.079044 0 -0 0 0 0 0 0.079044
69 70 0.0188335 0 -1.19237 0 0 0 0 -1.17353
67 71 0 0 0 0 0 -0.151364 0 -0.151364
70 71 0.0913505 0 -1.1192 0 0 0 0 -1.02785
66 72 0 0 0 0 -3.53632e-29 -0.1899 0 -0.1899
68 72 0 0 0 0 0 -0.168888 0 -0.168888
67 72 0 0 0 0 -0.633393 0 -0 -0.633393
71 72 0.00143073 0 -1.353 0 0 0 0 -1.35157
66 73 0 0 0 0 -0.859301 0 -0 -0.859301
65 73 0 0 0 0 0 -0.141405 0 -0.141405
67 73 0 0 0 0 -0 -0.102669 -0 -0.102669
72 73 0.0011648 0 -1.22084 0 0 0 0 -1.21967
66 74 0 0 0 0 0 -0.160467 0 -0.160467
65 74 0 0 0 0 -0.659642 0 -0 -0.659642
64 74 0 0 0 0 0 -0.128346 0 -0.128346
73 74 0.0441695 0 -0.986109 0 0 0 0 -0.941939
65 75 0 0 0 0 0 -0.170815 0 -0.170815
64 75 0 0 0 0 -0.79578 0 -0 -0.79578
63 75 0 0 0 0 0 -0.139004 -0 -0.139004
74 75 0.0403414 0 -1.13924 0 0 0 0 -1.0989
64 76 0 0 0 0 0 -0.164393 0 -0.164393
62 76 0 0 0 0 0 -0.0428821 0 -0.0428821
75 76 0.362816 0 -1.11062 0 0 0 0 -0.747805
63 77 0 0 0 0 0 -0.140286 0 -0.140286
61 77 0 0 0 0 0 -0.00350345 -0 -0.00350345
76 77 0.000368543 0 -1.09665 0 0 0 0 -1.09628
62 78 0 0 0 0 0 -0.0738658 -0 -0.0738658
77 78 0.00734459 0 -1.1155 0 0 0 0 -1.10816
78 79 0.142796 0 -1.16734 0 0 0 0 -1.02455
80 81 0.0644943 0 -1.14878 0 0 0 0 -1.08428
81 82 0.00844974 0 -1.4286 0 0 0 0 -1.42015
82 83 0.00101455 0 0 0 0 0 0 0.00101455
83 84 0.0245809 0 -1.16439 0 0 0 0 -1.13981
84 85 0.0201603 0 -1.17816 0 0 0 0 -1.158
85 86 0.0374742 0 -1.23387 0 0 0 0 -1.19639
86 87 5.60516e-05 0 -1.16913 0 0 0 0 -1.16908
87 88 0.0226121 0 -1.28506 0 0 0 0 -1.26245
88 89 0.00174927 0 -1.15519 0 0 0 0 -1.15344
89 90 0.00236325 0 -1.30573 0 0 0 0 -1.30337
88 91 0 0 0 0 0 -4.37433e-07 -0 -4.37433e-07
87 91 0 0 0 0 0 -0.155562 0 -0.155562
90 91 0.0235436 0 -0 0 0 0 0 0.0235436
86 92 0 0 0 0 -2.73704e-29 -0.14764 0 -0.14764
88 92 0 0 0 0 0 -0.111792 0 -0.111792
87 92 0 0 0 0 -0.815767 0 -0 -0.815767
91 92 0.144618 0 -1.17912 0 0 0 0 -1.0345
86 93 0 0 0 0 -0.810543 0 -0 -0.810543
85 93 0 0 0 0 0 -0.0353719 -0 -0.0353719
87 93 0 0 0 0 -0 -0.160706 0 -0.160706
92 93 0.139923 0 -1.20715 0 0 0 0 -1.06723
86 94 0 0 0 0 0 -0.137852 0 -0.137852
85 94 0 0 0 0 -0.819935 0 -0 -0.819935
84 94 0 0 0 0 0 -0.190289 0 -0.190289
93 94 0.00992137 0 -0.95485 0 0 0 0 -0.944929
83 95 0 0 0 0 0 -0.198563 0 -0.198563
85 95 0 0 0 0 0 -0.157477 0 -0.157477
84 95 0 0 0 0 -0.698186 0 -0 -0.698186
94 95 0.0213171 0 -1.17467 0 0 0 0 -1.15336
83 96 0 0 0 0 0 -0.00426347 -0 -0.00426347
84 96 0 0 0 0 0 -0.0214963 0 -0.0214963
95 96 0.130488 0 -1.06303 0 0 0 0 -0.932545
83 97 0 0 0 0 0 -0.0150092 0 -0.0150092
96 97 0.0276059 0 -1.09541 0 0 0 0 -1.06781
97 98 0.0504688 0 -1.24586 0 0 0 0 -1.19539
98 99 0.0064175 0 -0.911955 0 0 0 0 -0.905538
100 101 0.00369989 0 -1.40372 0 0 0 0 -1.40002
101 102 0.0149656 0 -0.814729 0 0 0 0 -0.799764
102 103 0.000954009 0 -0.673141 0 0 0 0 -0.672187
103 104 0.00779847 0 -1.34803 0 0 0 0 -1.34023
104 105 0.0148346 0 -1.23447 0 0 0 0 -1.21964
105 106 0.0489108 0 -1.04889 0 0 0 0 -0.999976
106 107 0.0039649 0 0 0 0 0 0 0.0039649
107 108 0.0228463 0 -1.38967 0 0 0 0 -1.36683
108 109 0.00860072 0 -1.07824 0 0 0 0 -1.06963
109 110 0.00270715 0 -0.914363 0 0 0 0 -0.911655
110 111 0.0074123 0 -1.12472 0 0 0 0 -1.11731
111 112 0.00666389 0 -1.35011 0 0 0 0 -1.34345
112 113 0.0115149 0 -1.20843 0 0 0 0 -1.19691
113 114 0.108438 0 0 0 0 0 0 0.108438
114 115 0.125918 0 -1.27823 0 0 0 0 -1.15231
111 116 0 0 0 0 0 -0.0149227 -0 -0.0149227
110 116 0 0 0 0 -0 -0.137337 0 -0.137337
115 116 0.0084033 0 0 0 0 0 0 0.0084033
111 117 0 0 0 0 0 -0.116545 0 -0.116545
110 117 0 0 0 0 -0.510679 0 -0 -0.510679
109 117 0 0 0 0 0 -0.107847 0 -0.107847
116 117 0.0670523 0 -1.32022 0 0 0 0 -1.25317
110 118 0 0 0 0 0 -0.131046 0 -0.131046
109 118 0 0 0 0 -0.872743 0 -0 -0.872743
108 118 0 0 0 0 0 -0.184564 0 -0.184564
117 118 0.0654794 0 -0.996541 0 0 0 0 -0.931062
109 119 0 0 0 0 0 -0.170521 0 -0.170521
108 119 0 0 0 0 -0.856878 0 -0 -0.856878
107 119 0 0 0 0 0 -0.188625 0 -0.188625
118 119 0.101112 0 -1.27865 0 0 0 0 -1.17753
120 121 0.00187706 0 -1.4081 0 0 0 0 -1.40622
121 122 0.0874473 0 -1.20324 0 0 0 0 -1.1158
122 123 0.000224169 0 -1.27229 0 0 0 0 -1.27206
123 124 0.00124014 0 -1.30832 0 0 0 0 -1.30708
124 125 0.0515714 0 -1.12333 0 0 0 0 -1.07176
125 126 0.00893527 0 -1.18186 0 0 0 0 -1.17293
39 127 0 0 0 0 0 -0.128392 0 -0.128392
126 127 0.000268422 0 -1.37016 0 0 0 0 -1.36989
39 128 0 0 0 0 -0.684813 -5.48381e-10 -0 -0.684813
38 128 0 0 0 0 0 -0.138077 0 -0.138077
127 128 0.02306 0 -1.19759 0 0 0 0 -1.17453
39 129 0 0 0 0 0 -0.129114 0 -0.129114
37 129 0 0 0 0 0 -0.1498 0 -0.1498
38 129 0 0 0 0 -0.749316 0 -0 -0.749316
128 129 0.0465843 0 -1.15017 0 0 0 0 -1.10359
37 130 0 0 0 0 -0.794872 0 -0 -0.794872
36 130 0 0 0 0 -0 -0.0731533 0 -0.0731533
38 130 0 0 0 0 0 -0.0998047 -0 -0.0998047
129 130 1.80047e-05 0 -1.2335 0 0 0 0 -1.23348
37 131 0 0 0 0 0 -0.0112076 0 -0.0112076
36 131 0 0 0 0 0 -0.0357018 0 -0.0357018
130 131 0.0373777 0 -1.34006 0 0 0 0 -1.30268
131 132 0.000639083 0 -0.838823 0 0 0 0 -0.838184
132 133 0.00453826 0 -0.871455 0 0 0 0 -0.866917
133 134 0.0208038 0 -1.18247 0 0 0 0 -1.16167
134 135 0.156375 0 -0.858134 0 0 0 0 -0.701759
135 136 0.0226005 0 -0.91194 0 0 0 0 -0.88934
136 137 0.0114619 0 -1.39294 0 0 0 0 -1.38148
137 138 0.00836272 0 -1.34282 0 0 0 0 -1.33446
138 139 0.0797782 0 -1.02865 0 0 0 0 -0.948871
140 141 0.0485986 0 -1.33443 0 0 0 0 -1.28584
141 142 0.0440645 0 -1.36532 0 0 0 0 -1.32126
142 143 0.00533502 0 -1.3701 0 0 0 0 -1.36476
143 144 0.1258 0 -1.10446 0 0 0 0 -0.978659
144 145 0.0363718 0 0 0 0 0 0 0.0363718
145 146 0.0962777 0 0 0 0 0 0 0.0962777
144 147 0 0 0 0 0 -0.0333446 0 -0.0333446
146 147 0.000171769 0 -0.815814 0 0 0 0 -0.815642
144 148 0 0 0 0 -0.811501 0 -0 -0.811501
143 148 0 0 0 0 0 -0.116283 0 -0.116283
147 148 0.0151464 0 -1.01873 0 0 0 0 -1.00358
144 149 0 0 0 0 0 -0.159603 0 -0.159603
143 149 0 0 0 0 -0.843256 0 -0 -0.843256
142 149 0 0 0 0 0 -0.177154 0 -0.177154
148 149 0.00537129 0 -1.08374 0 0 0 0 -1.07837
143 150 0 0 0 0 0 -0.174393 0 -0.174393
142 150 0 0 0 0 -0.518559 0 -0 -0.518559
141 150 0 0 0 0 -0 -0.104488 0 -0.104488
149 150 0.025996 0 -1.32836 0 0 0 0 -1.30236
142 151 0 0 0 0 0 -0.00834969 0 -0.00834969
141 151 0 0 0 0 0 -0.0220457 -0 -0.0220457
150 151 0.0054875 0 -1.06758 0 0 0 0 -1.06209
151 152 0.0986163 0 -1.08794 0 0 0 0 -0.989328
152 153 0.0568351 0 -1.26932 0 0 0 0 -1.21248
153 154 0.0122774 0 -1.34029 0 0 0 0 -1.32802
154 155 0.000716472 0 -1.37347 0 0 0 0 -1.37276
155 156 0.0363953 0 -1.29067 0 0 0 0 -1.25428
156 157 0.0113545 0 -1.24037 0 0 0 0 -1.22901
157 158 0.00595756 0 0 0 0 0 0 0.00595756
158 159 0.0150244 0 -1.17288 0 0 0 0 -1.15785
160 161 0.0713174 0 -0.989938 0 0 0 0 -0.918621
161 162 0.00197517 0 -1.28766 0 0 0 0 -1.28568
162 163 0.00677025 0 -1.25756 0 0 0 0 -1.25079
163 164 0.000997321 0 -1.14716 0 0 0 0 -1.14616
164 165 0.0116672 0 0 0 0 0 0 0.0116672
165 166 0.0291345 0 0 0 0 0 0 0.0291345
164 167 0 0 0 0 0 -0.0311969 0 -0.0311969
166 167 0.0120676 0 -1.33174 0 0 0 0 -1.31967
164 168 0 0 0 0 -0.800602 0 -0 -0.800602
163 168 0 0 0 0 0 -0.142534 0 -0.142534
167 168 0.000175611 0 -1.089 0 0 0 0 -1.08883
164 169 0 0 0 0 0 -0.192229 0 -0.192229
163 169 0 0 0 0 -0.76647 0 -0 -0.76647
162 169 0 0 0 0 0 -0.176433 0 -0.176433
168 169 0.0233211 0 -1.10004 0 0 0 0 -1.07672
161 170 0 0 0 0 -0 -0.144666 0 -0.144666
163 170 0 0 0 0 0 -0.139174 0 -0.139174
162 170 0 0 0 0 -0.124867 0 -0 -0.124867
169 170 0.0124394 0 -1.18501 0 0 0 0 -1.17258
160 171 0 0 0 0 0 -0.00146645 -0 -0.00146645
162 171 0 0 0 0 0 -0.00225606 0 -0.00225606
170 171 0.00618822 0 -1.28554 0 0 0 0 -1.27935
171 172 0.00112067 0 -1.38985 0 0 0 0 -1.38873
172 173 0.00906345 0 -1.30713 0 0 0 0 -1.29807
173 174 0.000475526 0 -0.509359 0 0 0 0 -0.508884
174 175 0.00321994 0 -0.870315 0 0 0 0 -0.867095
175 176 0.00799937 0 -1.1201 0 0 0 0 -1.1121
176 177 0.00502011 0 -1.07565 0 0 0 0 -1.07063
177 178 0.000974783 0 -1.31422 0 0 0 0 -1.31325
178 179 0.0492825 0 -1.28465 0 0 0 0 -1.23537
180 181 0.00015102 0 -1.15047 0 0 0 0 -1.15032
181 182 0.116191 0 -1.2605 0 0 0 0 -1.14431
182 183 0.0650632 0 -1.14698 0 0 0 0 -1.08192
183 184 0.0227994 0 -1.31225 0 0 0 0 -1.28945
184 185 0.0219755 0 -1.40451 0 0 0 0 -1.38254
185 186 0.00437062 0 -0.938559 0 0 0 0 -0.934188
183 187 0 0 0 0 0 -0.0997536 0 -0.0997536
186 187 0.00026559 0 -0 0 0 0 0 0.00026559
185 188 0 0 0 0 0 -0.138775 0 -0.138775
184 188 0 0 0 0 -0.840921 0 -0 -0.840921
183 188 0 0 0 0 0 -0.0914219 -0 -0.0914219
187 188 0.0996775 0 -0 0 0 0 0 0.0996775
184 189 0 0 0 0 0 -0.0678867 0 -0.0678867
183 189 0 0 0 0 -0.580122 0 -0 -0.580122
182 189 0 0 0 0 0 -0.12268 0 -0.12268
188 189 0.00936974 0 -0.915552 0 0 0 0 -0.906182
183 190 0 0 0 0 0 -0.0299445 0 -0.0299445
182 190 0 0 0 0 -0.231758 0 -0 -0.231758
181 190 0 0 0 0 -0 -0.00996905 0 -0.00996905
189 190 0.00691317 0 -0.849218 0 0 0 0 -0.842305
182 191 0 0 0 0 0 -0.0412682 0 -0.0412682
181 191 0 0 0 0 0 -0.000513183 -0 -0.000513183
190 191 0.00182729 0 -1.32462 0 0 0 0 -1.32279
181 192 0 0 0 0 0 -0.00712821 0 -0.00712821
180 192 0 0 0 0 0 -0.0353046 0 -0.0353046
191 192 0.0105722 0 -1.24695 0 0 0 0 -1.23638
192 193 0.000666323 0 -1.29231 0 0 0 0 -1.29164
193 194 0.00425952 0 -1.31378 0 0 0 0 -1.30952
194 195 0.0216963 0 -1.24515 0 0 0 0 -1.22345
195 196 0.0051732 0 -1.01282 0 0 0 0 -1.00765
196 197 0.0253259 0 -1.00885 0 0 0 0 -0.983529
197 198 0.0791179 0 -0.773185 0 0 0 0 -0.694068
198 199 0.288434 0 -0.935878 0 0 0 0 -0.647444
200 201 0.0586754 0 -1.31203 0 0 0 0 -1.25336
201 202 0.000262113 0 -1.15577 0 0 0 0 -1.15551
202 203 0.0441832 0 -1.29845 0 0 0 0 -1.25427
203 204 0.0146863 0 -1.3476 0 0 0 0 -1.33291
204 205 0.0500086 0 -1.37301 0 0 0 0 -1.323
205 206 0.000193825 0 -1.02399 0 0 0 0 -1.0238
206 207 0.000872512 0 -1.33474 0 0 0 0 -1.33387
207 208 0.0374856 0 -1.06942 0 0 0 0 -1.03194
208 209 0.0335179 0 -1.32584 0 0 0 0 -1.29233
209 210 0.0866615 0 -0 0 0 0 0 0.0866615
210 211 0.115072 0 -1.30461 0 0 0 0 -1.18954
211 212 0.00354838 0 -1.25903 0 0 0 0 -1.25548
212 213 0.0254137 0 -1.08608 0 0 0 0 -1.06066
213 214 0.0178507 0 -0.935681 0 0 0 0 -0.91783
139 215 0 0 0 0 0 -0.00444674 -0 -0.00444674
138 215 0 0 0 0 -0 -0.153971 0 -0.153971
214 215 0.00378647 0 0 0 0 0 0 0.00378647
139 216 0 0 0 0 -0 -0.0893629 -0 -0.0893629
137 216 0 0 0 0 0 -0.102491 -0 -0.102491
215 216 0.0727589 0 -1.15259 0 0 0 0 -1.07983
138 217 0 0 0 0 0 -0.165616 0 -0.165616
137 217 0 0 0 0 -0.492104 0 -0 -0.492104
136 217 0 0 0 0 -0 -0.189265 0 -0.189265
216 217 0.00584538 0 -0.842621 0 0 0 0 -0.836776
137 218 0 0 0 0 -0 -0.178275 0 -0.178275
136 218 0 0 0 0 -0.737587 0 -0 -0.737587
135 218 0 0 0 0 0 -0.150614 0 -0.150614
217 218 0.0746895 0 -0.876754 0 0 0 0 -0.802064
136 219 0 0 0 0 0 -0.119109 0 -0.119109
135 219 0 0 0 0 -0.865934 0 -0 -0.865934
134 219 0 0 0 0 0 -0.00557393 0 -0.00557393
218 219 0.0350671 0 -1.21177 0 0 0 0 -1.1767
220 221 0.10215 0 -0.869762 0 0 0 0 -0.767612
221 222 0.00201076 0 -1.33195 0 0 0 0 -1.32994
222 223 0.00395247 0 -1.15795 0 0 0 0 -1.15399
223 224 0.0101165 0 -0.920133 0 0 0 0 -0.910016
224 225 0.00307041 0 -1.37393 0 0 0 0 -1.37086
225 226 0.0211222 0 -1.33978 0 0 0 0 -1.31865
226 227 0.11793 0 -1.2884 0 0 0 0 -1.17047
227 228 0.0135056 0 -1.34384 0 0 0 0 -1.33033
228 229 0.142663 0 -1.13995 0 0 0 0 -0.997288
229 230 0.0169899 0 -0.669827 0 0 0 0 -0.652837
230 231 0.0180174 0 -1.20176 0 0 0 0 -1.18374
231 232 0.00960525 0 -1.08736 0 0 0 0 -1.07776
232 233 0.00627305 0 0 0 0 0 0 0.00627305
233 234 0.059499 0 -1.11392 0 0 0 0 -1.05442
229 235 0 0 0 0 0 -0.0204536 0 -0.0204536
228 235 0 0 0 0 -0 -0.0715969 0 -0.0715969
234 235 6.67181e-06 0 -1.17758 0 0 0 0 -1.17757
229 236 0 0 0 0 -0 -0.0576053 0 -0.0576053
227 236 0 0 0 0 0 -0.00232532 -0 -0.00232532
235 236 0.000662111 0 -1.12252 0 0 0 0 -1.12185
228 237 0 0 0 0 0 -0.128028 0 -0.128028
227 237 0 0 0 0 -0.751613 0 -0 -0.751613
226 237 0 0 0 0 -4.56142e-29 -0.108364 0 -0.108364
236 237 0.00108258 0 -1.23139 0 0 0 0 -1.2303
227 238 0 0 0 0 -0 -0.115219 -0 -0.115219
226 238 0 0 0 0 -0.716445 0 -0 -0.716445
225 238 0 0 0 0 0 -0.139039 0 -0.139039
237 238 0.225714 0 -1.28106 0 0 0 0 -1.05535
226 239 0 0 0 0 0 -0.10121 -0 -0.10121
225 239 0 0 0 0 -0.48957 0 -0 -0.48957
224 239 0 0 0 0 0 -0.0987413 0 -0.0987413
238 239 0.01359 0 -1.21266 0 0 0 0 -1.19907
240 241 0.00757267 0 -0.818993 0 0 0 0 -0.811421
241 242 0.0173026 0 -1.30803 0 0 0 0 -1.29073
242 243 0.00180635 0 -1.41098 0 0 0 0 -1.40917
243 244 0.0256059 0 -1.27615 0 0 0 0 -1.25055
244 245 0.00647935 0 -1.29574 0 0 0 0 -1.28926
245 246 0.0322003 0 -0.876693 0 0 0 0 -0.844493
246 247 0.00101879 0 -1.33182 0 0 0 0 -1.3308
245 248 0 0 0 0 0 -0.039569 0 -0.039569
244 248 0 0 0 0 -0.285624 -0.000373827 -0 -0.285998
243 248 0 0 0 0 0 -0.0527512 0 -0.0527512
247 248 0.0527152 0 0 0 0 0 0 0.0527152
244 249 0 0 0 0 0 -0.209313 0 -0.209313
243 249 0 0 0 0 -0.898061 0 -0 -0.898061
242 249 0 0 0 0 0 -0.201709 0 -0.201709
248 249 0.171819 0 -0.617746 0 0 0 0 -0.445927
243 250 0 0 0 0 0 -0.205895 0 -0.205895
242 250 0 0 0 0 -0.599706 0 -0 -0.599706
241 250 0 0 0 0 -0 -0.172185 0 -0.172185
249 250 0.0142418 0 -1.06706 0 0 0 0 -1.05282
242 251 0 0 0 0 0 -1.05315e-05 0 -1.05315e-05
241 251 0 0 0 0 0 -0.0198114 -0 -0.0198114
250 251 0.151118 0 -1.10021 0 0 0 0 -0.949093
240 252 0 0 0 0 0 -0.000306986 -0 -0.000306986
251 252 0.00285443 0 -1.12628 0 0 0 0 -1.12343
252 253 0.0262745 0 -0.79197 0 0 0 0 -0.765696
253 254 0.0501386 0 -1.17015 0 0 0 0 -1.12001
254 255 0.000762915 0 -1.31636 0 0 0 0 -1.3156
255 256 0.00640922 0 -1.25659 0 0 0 0 -1.25018
256 257 0.00931979 0 -1.32005 0 0 0 0 -1.31073
257 258 0.0267281 0 -1.22302 0 0 0 0 -1.1963
258 259 0.0530206 0 -1.20587 0 0 0 0 -1.15285
260 261 0.00352717 0 -1.3104 0 0 0 0 -1.30687
261 262 0.000100216 0 -1.02875 0 0 0 0 -1.02865
262 263 0.036999 0 -1.24687 0 0 0 0 -1.20987
263 264 0.00258331 0 -1.23256 0 0 0 0 -1.22998
264 265 0.00494204 0 -1.12659 0 0 0 0 -1.12164
265 266 0.143558 0 -0.00297709 0 0 0 0 0.140581
266 267 0.0618696 0 -1.20663 0 0 0 0 -1.14476
267 268 0.00144151 0 -1.42167 0 0 0 0 -1.42022
268 269 0.0278395 0 -1.20278 0 0 0 0 -1.17494
269 270 0.000164375 0 -1.13944 0 0 0 0 -1.13927
270 271 0.122266 0 -1.1544 0 0 0 0 -1.03213
271 272 0.000942207 0 0 0 0 0 0 0.000942207
272 273 0.0633981 0 -0.596885 0 0 0 0 -0.533487
273 274 0.0838192 0 -1.31627 0 0 0 0 -1.23245
58 275 0 0 0 0 -0 -0.0576951 0 -0.0576951
274 275 0.0391922 0 -1.07935 0 0 0 0 -1.04016
58 276 0 0 0 0 0 -0.00114267 -0 -0.00114267
57 276 0 0 0 0 0 -0.149212 0 -0.149212
275 276 0.0536307 0 -1.11006 0 0 0 0 -1.05643
58 277 0 0 0 0 0 -0.146645 0 -0.146645
57 277 0 0 0 0 -0.695787 0 -0 -0.695787
56 277 0 0 0 0 -2.92045e-28 -0.158403 0 -0.158403
276 277 0.006744 0 -1.24729 0 0 0 0 -1.24055
57 278 0 0 0 0 -0 -0.154408 0 -0.154408
56 278 0 0 0 0 -0.766208 0 -0 -0.766208
55 278 0 0 0 0 0 -0.108962 -0 -0.108962
277 278 0.031766 0 -1.17935 0 0 0 0 -1.14758
56 279 0 0 0 0 0 -0.204058 0 -0.204058
55 279 0 0 0 0 -0.711204 0 -0 -0.711204
40 279 0 0 0 0 -0 -0 -0.216586 -0.216586
54 279 0 0 0 0 0 -0.10167 -0 -0.10167
278 279 0.0707258 0 -1.3391 0 0 0 0 -1.26838
280 281 0.0081172 0 -1.23958 0 0 0 0 -1.23146
281 282 0.0718365 0 -1.10149 0 0 0 0 -1.02966
282 283 0.0940388 0 -0 0 0 0 0 0.0940388
283 284 1.78087e-06 0 -1.28539 0 0 0 0 -1.28539
284 285 0.00988615 0 -1.00317 0 0 0 0 -0.993288
285 286 0.00135855 0 -1.02335 0 0 0 0 -1.022
286 287 0.00771068 0 -1.32463 0 0 0 0 -1.31692
287 288 0.00770536 0 -1.12558 0 0 0 0 -1.11787
288 289 0.00521161 0 -1.16493 0 0 0 0 -1.15972
289 290 0.0052564 0 -1.25735 0 0 0 0 -1.2521
290 291 0.0864192 0 0 0 0 0 0 0.0864192
287 292 0 0 0 0 0 -0.0322223 0 -0.0322223
288 292 0 0 0 0 0 -0.000610303 0 -0.000610303
291 292 0.00284464 0 -1.27341 0 0 0 0 -1.27057
286 293 0 0 0 0 0 -0.160332 0 -0.160332
288 293 0 0 0 0 -0 -0.0653409 0 -0.0653409
292 293 0.00876511 0 -0.743988 0 0 0 0 -0.735223
287 294 0 0 0 0 -0 -0.105459 -0 -0.105459
286 294 0 0 0 0 -0.51188 0 -0 -0.51188
285 294 0 0 0 0 0 -0.0511681 0 -0.0511681
293 294 0.166528 0 -1.08073 0 0 0 0 -0.914204
286 295 0 0 0 0 0 -0.168505 0 -0.168505
285 295 0 0 0 0 -0.609042 0 -0 -0.609042
284 295 0 0 0 0 0 -0.122516 0 -0.122516
294 295 0.0384067 0 -0.787434 0 0 0 0 -0.749027
285 296 0 0 0 0 0 -0.0841509 0 -0.0841509
284 296 0 0 0 0 -0.691505 0 -0 -0.691505
283 296 0 0 0 0 0 -0.100077 0 -0.100077
282 296 0 0 0 0 0 -0.0502331 0 -0.0502331
295 296 0.0348954 0 -0.928229 0 0 0 0 -0.893334
284 297 0 0 0 0 0 -0.10282 -0 -0.10282
282 297 0 0 0 0 -0.772795 0 -0 -0.772795
281 297 0 0 0 0 -9.26252e-30 -0.0603336 0 -0.0603336
296 297 0.0240517 0 -1.27706 0 0 0 0 -1.25301
283 298 0 0 0 0 0 -0.0271541 0 -0.0271541
282 298 0 0 0 0 -0 -0.181906 0 -0.181906
281 298 0 0 0 0 -0.690907 0 -0 -0.690907
280 298 0 0 0 0 0 -0.0651958 -0 -0.0651958
297 298 2.4636e-05 0 -1.24389 0 0 0 0 -1.24386
281 299 0 0 0 0 0 -0.14905 0 -0.14905
280 299 0 0 0 0 -0.720342 0 -0 -0.720342
298 299 0.0802047 0 -1.19684 0 0 0 0 -1.11664
300 301 0.0124108 0 -1.03822 0 0 0 0 -1.02581
301 302 0.0154748 0 -1.25393 0 0 0 0 -1.23845
302 303 0.0161199 0 -0.930308 0 0 0 0 -0.914188
303 304 0.0833205 0 0 0 0 0 0 0.0833205
304 305 0.0864261 0 -0.941843 0 0 0 0 -0.855416
304 306 0 0 0 0 0 -0 -9.10404e-17 -9.10404e-17
303 306 0 0 0 0 0 0 -0.453313 -0.453313
305 306 0.00333197 0 -0 0 0 0 0 0.00333197
306 307 0.006171 0 -0.84109 0 0 0 0 -0.834919
305 308 0 0 0 0 0 -0.00118211 0 -0.00118211
304 308 0 0 0 0 -0 -0.0512309 -0 -0.0512309
307 308 0.00614572 0 -0.889006 0 0 0 0 -0.88286
305 309 0 0 0 0 -1.12502e-05 -0.0395869 0 -0.0395982
308 309 0.00022736 0 -0.958801 0 0 0 0 -0.958574
309 310 0.0155353 0 -0 0 0 0 0 0.0155353
310 311 0.0479454 0 -1.24632 0 0 0 0 -1.19837
309 312 0 0 0 0 0 -0.00196972 -0 -0.00196972
308 312 0 0 0 0 0 -0.134251 0 -0.134251
311 312 0.00685901 0 -1.31319 0 0 0 0 -1.30633
309 313 0 0 0 0 0 -0.143744 0 -0.143744
308 313 0 0 0 0 -0.307293 0 -0 -0.307293
307 313 0 0 0 0 0 -0.144452 0 -0.144452
312 313 0.0479052 0 -1.28822 0 0 0 0 -1.24032
308 314 0 0 0 0 0 -0.170204 0 -0.170204
307 314 0 0 0 0 -0.746854 0 -0 -0.746854
306 314 0 0 0 0 -3.09709e-29 -0.107292 -0 -0.107292
313 314 0.013204 0 -1.42106 0 0 0 0 -1.40785
307 315 0 0 0 0 -0 -0.17509 0 -0.17509
306 315 0 0 0 0 -0.632425 0 -0 -0.632425
303 315 0 0 0 0 0 -0.151524 -0 -0.151524
314 315 0.00466596 0 -1.12633 0 0 0 0 -1.12166
306 316 0 0 0 0 0 -0.181713 0 -0.181713
303 316 0 0 0 0 -0.752349 0 -0 -0.752349
302 316 0 0 0 0 0 -0.15356 0 -0.15356
315 316 0.0177793 0 -1.19052 0 0 0 0 -1.17275
303 317 0 0 0 0 0 -0.182882 0 -0.182882
302 317 0 0 0 0 -0.694253 0 -0 -0.694253
301 317 0 0 0 0 -0 -0.145905 0 -0.145905
316 317 0.0263609 0 -1.34059 0 0 0 0 -1.31423
302 318 0 0 0 0 -0 -0.146377 -0 -0.146377
301 318 0 0 0 0 -0.8368 0 -0 -0.8368
300 318 0 0 0 0 0 -0.105192 -0 -0.105192
317 318 0.0729944 0 -0.7553 0 0 0 0 -0.682306
301 319 0 0 0 0 0 -0.126571 0 -0.126571
300 319 0 0 0 0 -0.738487 0 -0 -0.738487
318 319 0.0776162 0 -1.06645 0 0 0 0 -0.988831
320 321 0.00013277 0 -1.0057 0 0 0 0 -1.00557
321 322 0.00261565 0 -1.30614 0 0 0 0 -1.30352
322 323 0.0219911 0 0 0 0 0 0 0.0219911
323 324 0.197333 0 -1.30792 0 0 0 0 -1.11059
324 325 0.0149514 0 -1.25183 0 0 0 0 -1.23688
325 326 0.0165626 0 -0.877071 0 0 0 0 -0.860508
326 327 0.00284222 0 -1.06556 0 0 0 0 -1.06271
327 328 0.00658961 0 -0.760753 0 0 0 0 -0.754163
328 329 0.0014964 0 -1.20989 0 0 0 0 -1.2084
329 330 0.0045318 0 -0 0 0 0 0 0.0045318
330 331 0.000912768 0 -1.24535 0 0 0 0 -1.24444
328 332 0 0 0 0 0 -0.179883 0 -0.179883
331 332 0.0939643 0 -1.38737 0 0 0 0 -1.29341
329 333 0 0 0 0 0 -0.136423 0 -0.136423
328 333 0 0 0 0 -0.789594 0 -0 -0.789594
327 333 0 0 0 0 0 -0.200229 0 -0.200229
332 333 0.109583 0 -1.26111 0 0 0 0 -1.15152
328 334 0 0 0 0 0 -0.164792 0 -0.164792
327 334 0 0 0 0 -0.756217 0 -0 -0.756217
326 334 0 0 0 0 -0 -0.152284 0 -0.152284
333 334 0.00870878 0 -1.25338 0 0 0 0 -1.24467
327 335 0 0 0 0 -0 -0.19759 0 -0.19759
326 335 0 0 0 0 -0.64498 0 -0 -0.64498
325 335 0 0 0 0 0 -0.133151 0 -0.133151
334 335 0.00321235 0 -1.17625 0 0 0 0 -1.17304
326 336 0 0 0 0 0 -0.208124 0 -0.208124
325 336 0 0 0 0 -0.639748 0 -0 -0.639748
324 336 0 0 0 0 0 -0.165767 0 -0.165767
335 336 0.0802073 0 -1.35086 0 0 0 0 -1.27065
321 337 0 0 0 0 -0 -0.0588948 0 -0.0588948
325 337 0 0 0 0 0 -0.0698618 -0 -0.0698618
323 337 0 0 0 0 0 -0.0166138 0 -0.0166138
322 337 0 0 0 0 -4.76935e-05 -0.00105506 0 -0.00110275
336 337 0.0744293 0 -1.40341 0 0 0 0 -1.32899
321 338 0 0 0 0 -0.798121 0 -0 -0.798121
320 338 0 0 0 0 0 -0.183451 0 -0.183451
337 338 3.1518e-05 0 -1.15989 0 0 0 0 -1.15986
321 339 0 0 0 0 0 -0.16033 0 -0.16033
320 339 0 0 0 0 -0.799937 0 -0 -0.799937
338 339 0.174459 0 -1.36629 0 0 0 0 -1.19183
271 340 0 0 0 0 0 -0.0197486 -0 -0.0197486
270 341 0 0 0 0 -0 -0.116388 0 -0.116388
340 341 0.0061096 0 -1.2819 0 0 0 0 -1.27579
271 342 0 0 0 0 0 -0.0595364 -0 -0.0595364
270 342 0 0 0 0 -0.652686 0 -0 -0.652686
269 342 0 0 0 0 0 -0.122119 0 -0.122119
341 342 0.0077661 0 -1.37705 0 0 0 0 -1.36928
270 343 0 0 0 0 0 -0.151293 0 -0.151293
269 343 0 0 0 0 -0.817121 0 -0 -0.817121
268 343 0 0 0 0 0 -0.10524 -0 -0.10524
342 343 0.000684587 0 -1.24218 0 0 0 0 -1.2415
269 344 0 0 0 0 0 -0.124974 0 -0.124974
268 344 0 0 0 0 -0.686511 0 -0 -0.686511
267 344 0 0 0 0 0 -0.086924 -0 -0.086924
343 344 0.00613748 0 -1.23093 0 0 0 0 -1.22479
268 345 0 0 0 0 0 -0.131991 0 -0.131991
266 345 0 0 0 0 0 -9.79899e-05 0 -9.79899e-05
344 345 0.0131098 0 -1.21219 0 0 0 0 -1.19908
267 346 0 0 0 0 0 -0.118824 0 -0.118824
266 346 0 0 0 0 0 -0.018384 0 -0.018384
345 346 0.0111979 0 -1.25013 0 0 0 0 -1.23893
265 347 0 0 0 0 0 -0.0021243 -0 -0.0021243
346 347 0.305492 0 -1.25145 0 0 0 0 -0.945954
265 348 0 0 0 0 0 -0.161121 0 -0.161121
264 348 0 0 0 0 -0.725713 0 -0 -0.725713
263 348 0 0 0 0 0 -0.188319 0 -0.188319
347 348 8.6208e-05 0 -0.588531 0 0 0 0 -0.588445
264 349 0 0 0 0 0 -0.104517 -0 -0.104517
263 349 0 0 0 0 -0.691831 0 -0 -0.691831
262 349 0 0 0 0 0 -0.150838 0 -0.150838
348 349 0.0107677 0 -0.998771 0 0 0 0 -0.988004
263 350 0 0 0 0 0 -0.156797 0 -0.156797
262 350 0 0 0 0 -0.273491 0 -0 -0.273491
261 350 0 0 0 0 -0 -0.00238756 -0 -0.00238756
349 350 0.104142 0 -1.05661 0 0 0 0 -0.952469
214 351 0 0 0 0 -0 -0.0636862 0 -0.0636862
262 351 0 0 0 0 0 -0.0211853 0 -0.0211853
350 351 0.0625088 0 -0.973606 0 0 0 0 -0.911098
260 352 0 0 0 0 0 -0.0019897 -0 -0.0019897
214 352 0 0 0 0 -0.450095 0 -0 -0.450095
213 352 0 0 0 0 0 -0.169853 0 -0.169853
351 352 0.0162037 0 -0.742545 0 0 0 0 -0.726341
214 353 0 0 0 0 0 -0.0682141 -0 -0.0682141
212 353 0 0 0 0 0 -0.190429 0 -0.190429
352 353 1.72613e-06 0 -1.10712 0 0 0 0 -1.10712
213 354 0 0 0 0 0 -0.121202 0 -0.121202
212 354 0 0 0 0 -0.783828 0 -0 -0.783828
211 354 0 0 0 0 -5.00874e-32 -0.182309 0 -0.182309
353 354 0.00502899 0 -1.2756 0 0 0 0 -1.27057
212 355 0 0 0 0 -0 -0.183172 0 -0.183172
211 355 0 0 0 0 -0.65717 0 -0 -0.65717
210 355 0 0 0 0 0 -0.000100762 0 -0.000100762
209 355 0 0 0 0 0 -0.000164384 -0 -0.000164384
208 355 0 0 0 0 0 -0.133359 -0 -0.133359
354 355 2.38128e-06 0 -1.20256 0 0 0 0 -1.20255
211 356 0 0 0 0 0 -0.168095 0 -0.168095
210 356 0 0 0 0 0 -0.00628239 -0 -0.00628239
209 356 0 0 0 0 0 -0.0790298 0 -0.0790298
208 356 0 0 0 0 -0.682803 0 -0 -0.682803
207 356 0 0 0 0 0 -0.155382 0 -0.155382
355 356 6.97517e-07 0 -1.36076 0 0 0 0 -1.36076
208 357 0 0 0 0 0 -0.126356 0 -0.126356
207 357 0 0 0 0 -0.760609 0 -0 -0.760609
206 357 0 0 0 0 -3.06347e-32 -0.186213 0 -0.186213
356 357 0.0534025 0 -0.661305 0 0 0 0 -0.607903
205 358 0 0 0 0 0 -0.0768496 -0 -0.0768496
210 358 0 0 0 0 0 -2.03468e-05 0 -2.03468e-05
207 358 0 0 0 0 -0 -0.129051 0 -0.129051
206 358 0 0 0 0 -0.519866 0 -0 -0.519866
357 358 0.0266083 0 -0.927726 0 0 0 0 -0.901118
205 359 0 0 0 0 -0.585378 0 -0 -0.585378
204 359 0 0 0 0 0 -0.15146 0 -0.15146
206 359 0 0 0 0 0 -0.1222 0 -0.1222
358 359 0.00406658 0 -1.19742 0 0 0 0 -1.19335
360 361 0.051202 0 0 0 0 0 0 0.051202
361 362 0.0200603 0 -1.26217 0 0 0 0 -1.24211
362 363 0.116925 0 -1.25203 0 0 0 0 -1.1351
363 364 0.0213553 0 -1.03041 0 0 0 0 -1.00906
364 365 0.0152837 0 0 0 0 0 0 0.0152837
365 366 3.74621e-05 0 -1.03853 0 0 0 0 -1.03849
364 367 0 0 0 0 0 -0.0240692 0 -0.0240692
366 367 0.0261055 0 -0.902364 0 0 0 0 -0.876258
364 368 0 0 0 0 -0.691776 0 -0 -0.691776
363 368 0 0 0 0 0 -0.124473 0 -0.124473
367 368 0.015778 0 -0.937085 0 0 0 0 -0.921307
364 369 0 0 0 0 0 -0.18672 0 -0.18672
363 369 0 0 0 0 -0.798548 0 -0 -0.798548
362 369 0 0 0 0 0 -0.164147 0 -0.164147
368 369 0.068449 0 -1.2939 0 0 0 0 -1.22546
363 370 0 0 0 0 0 -0.151957 -0 -0.151957
362 370 0 0 0 0 -0.734254 0 -0 -0.734254
361 370 0 0 0 0 -0 -0.141834 -0 -0.141834
369 370 0.0162512 0 -1.2695 0 0 0 0 -1.25325
362 371 0 0 0 0 0 -0.109189 0 -0.109189
361 371 0 0 0 0 0 -0.000343166 -0 -0.000343166
370 371 0.00117668 0 -1.06613 0 0 0 0 -1.06495
371 372 0.134583 0 -1.33303 0 0 0 0 -1.19844
372 373 0.153097 0 -1.32658 0 0 0 0 -1.17348
373 374 0.0473386 0 -1.34102 0 0 0 0 -1.29368
179 375 0 0 0 0 0 -0.0311174 0 -0.0311174
178 375 0 0 0 0 0 -0.0731575 0 -0.0731575
374 375 0.00315646 0 -1.30366 0 0 0 0 -1.3005
177 376 0 0 0 0 0 -0.0767082 0 -0.0767082
179 376 0 0 0 0 0 -0.000432771 0 -0.000432771
178 376 0 0 0 0 -0.49113 -1.19483e-07 -0 -0.49113
375 376 0.0105341 0 -1.3066 0 0 0 0 -1.29607
177 377 0 0 0 0 -0.758011 0 -0 -0.758011
176 377 0 0 0 0 -4.44616e-29 -0.155317 -0 -0.155317
178 377 0 0 0 0 0 -0.143777 0 -0.143777
376 377 0.0306632 0 -0.806928 0 0 0 0 -0.776264
177 378 0 0 0 0 -0 -0.142875 0 -0.142875
176 378 0 0 0 0 -0.881176 0 -0 -0.881176
175 378 0 0 0 0 0 -0.126749 -0 -0.126749
377 378 0.00397898 0 -1.18661 0 0 0 0 -1.18263
176 379 0 0 0 0 0 -0.0977409 -0 -0.0977409
175 379 0 0 0 0 -0.402137 0 -0 -0.402137
174 379 0 0 0 0 0 -4.73593e-07 -0 -4.73593e-07
378 379 0.0472743 0 -1.03462 0 0 0 0 -0.987343
380 381 0.00345549 0 -1.35788 0 0 0 0 -1.35443
381 382 0.0839618 0 -1.24898 0 0 0 0 -1.16501
382 383 0.183126 0 -1.13198 0 0 0 0 -0.948852
383 384 0.00860998 0 -1.10016 0 0 0 0 -1.09155
384 385 0.00417206 0 -0 0 0 0 0 0.00417206
385 386 0.132679 0 -1.22423 0 0 0 0 -1.09155
386 387 0.0256899 0 -0.942811 0 0 0 0 -0.917122
387 388 0.007215 0 -1.04983 0 0 0 0 -1.04261
388 389 0.200174 0 -1.22504 0 0 0 0 -1.02487
389 390 0.0254037 0 -1.08405 0 0 0 0 -1.05864
390 391 0.0276787 0 -1.14792 0 0 0 0 -1.12024
388 392 0 0 0 0 0 -0.188543 0 -0.188543
391 392 0.268869 0 0 0 0 0 0 0.268869
389 393 0 0 0 0 0 -0.144989 0 -0.144989
388 393 0 0 0 0 -0.715963 0 -0 -0.715963
387 393 0 0 0 0 0 -0.136501 0 -0.136501
392 393 0.0282069 0 -1.33135 0 0 0 0 -1.30315
388 394 0 0 0 0 0 -0.0808901 0 -0.0808901
387 394 0 0 0 0 -0.710407 0 -0 -0.710407
386 394 0 0 0 0 -5.61576e-32 -0.184782 0 -0.184782
393 394 0.0516005 0 -0.499312 0 0 0 0 -0.447712
387 395 0 0 0 0 -0 -0.0187379 -0 -0.0187379
386 395 0 0 0 0 -0.863118 0 -0 -0.863118
385 395 0 0 0 0 0 -0.127833 0 -0.127833
394 395 0.112869 0 -1.19463 0 0 0 0 -1.08176
383 396 0 0 0 0 -0.491312 -3.9794e-09 -0 -0.491312
382 396 0 0 0 0 0 -0.105461 0 -0.105461
385 396 0 0 0 0 -0 -0.0241277 0 -0.0241277
384 396 0 0 0 0 0 -0.0554659 0 -0.0554659
395 396 0.142191 0 -0.766235 0 0 0 0 -0.624044
383 397 0 0 0 0 0 -0.102452 0 -0.102452
382 397 0 0 0 0 -0.661621 -1.2457e-12 -0 -0.661621
381 397 0 0 0 0 -5.76568e-28 -0.0981939 0 -0.0981939
396 397 0.00788213 0 -1.17077 0 0 0 0 -1.16289
382 398 0 0 0 0 -0 -0.146102 0 -0.146102
381 398 0 0 0 0 -0.667043 0 -0 -0.667043
380 398 0 0 0 0 0 -0.110091 0 -0.110091
397 398 0.12601 0 -1.1538 0 0 0 0 -1.02779
381 399 0 0 0 0 0 -0.0920672 -0 -0.0920672
380 399 0 0 0 0 -0.609883 -3.15845e-19 -0 -0.609883
398 399 0.0771272 0 -1.20777 0 0 0 0 -1.13065
#Total energy per particle is  -1.18163 and should be -1.1816310
