#id1 id2 FENE BEXC STCK NEXC HB CRSTCK CXSTCK total, t = 600000
0 1 0.28345 0 -1.23921 0 0 0 0 -0.955755
1 2 0.0992255 0 -1.14422 0 0 0 0 -1.045
2 3 0.0673165 0 0 0 0 0 0 0.0673165
2 4 0 0 0 0 0 -0 -0.578349 -0.578349
3 4 0.19533 0 0 0 0 0 0 0.19533
4 5 1.66271e-05 0 -0.807131 0 0 0 0 -0.807115
5 6 0.00208276 0 -1.29397 0 0 0 0 -1.29189
6 7 0.0581084 0 -0.966488 0 0 0 0 -0.90838
7 8 0.00134726 0 -1.34545 0 0 0 0 -1.3441
7 9 0 0 0 0 0 -0.000239569 -0 -0.000239569
5 9 0 0 0 0 -0 -0.132024 0 -0.132024
8 9 0.0254685 0 -0 0 0 0 0 0.0254685
6 10 0 0 0 0 0 -0.168063 0 -0.168063
5 10 0 0 0 0 -0.515972 0 -0 -0.515972
4 10 0 0 0 0 0 -0.161887 0 -0.161887
9 10 3.44947e-05 0 -1.04905 0 0 0 0 -1.04902
5 11 0 0 0 0 0 -0.206723 0 -0.206723
4 11 0 0 0 0 -0.612421 0 -0 -0.612421
2 11 0 0 0 0 0 -0.161475 0 -0.161475
10 11 0.0352028 0 -1.34211 0 0 0 0 -1.30691
4 12 0 0 0 0 0 -0.208893 0 -0.208893
2 12 0 0 0 0 -0.833748 0 -0 -0.833748
1 12 0 0 0 0 -3.84113e-29 -0.0898194 0 -0.0898194
11 12 0.0306879 0 -1.01171 0 0 0 0 -0.981017
2 13 0 0 0 0 -0 -0.155345 0 -0.155345
1 13 0 0 0 0 -0.699864 0 -0 -0.699864
0 13 0 0 0 0 0 -0.122847 -0 -0.122847
12 13 0.0277555 0 -1.30911 0 0 0 0 -1.28135
1 14 0 0 0 0 0 -0.149625 0 -0.149625
0 14 0 0 0 0 -0.483896 0 -0 -0.483896
13 14 0.222919 0 -1.31372 0 0 0 0 -1.0908
0 15 0 0 0 0 0 -0.140579 -0 -0.140579
14 15 0.0108231 0 -1.18514 0 0 0 0 -1.17432
15 16 0.0489455 0 -1.32657 0 0 0 0 -1.27763
16 17 0.0767068 0 -1.20621 0 0 0 0 -1.1295
17 18 7.08276e-06 0 -1.23004 0 0 0 0 -1.23003
18 19 0.0163836 0 -0.855637 0 0 0 0 -0.839253
20 21 0.0204112 0 -1.3101 0 0 0 0 -1.28968
21 22 0.041915 0 -1.13211 0 0 0 0 -1.09019
22 23 0.0391709 0 -1.03332 0 0 0 0 -0.994153
23 24 0.0414416 0 -1.14475 0 0 0 0 -1.10331
24 25 0.0366959 0 -1.28822 0 0 0 0 -1.25153
25 26 0.00329822 0 -0.744122 0 0 0 0 -0.740824
26 27 0.00981366 0 -1.40712 0 0 0 0 -1.3973
27 28 0.0344221 0 -1.36448 0 0 0 0 -1.33006
28 29 3.85755e-05 0 -1.27419 0 0 0 0 -1.27416
29 30 0.0191235 0 -1.23556 0 0 0 0 -1.21643
27 31 0 0 0 0 0 -0.114852 0 -0.114852
30 31 0.00960332 0 -0 0 0 0 0 0.00960332
28 32 0 0 0 0 0 -0.0888543 -0 -0.0888543
27 32 0 0 0 0 -0.645205 0 -0 -0.645205
26 32 0 0 0 0 -1.56557e-29 -0.179508 0 -0.179508
31 32 0.174795 0 -1.25893 0 0 0 0 -1.08414
27 33 0 0 0 0 -0 -0.142072 0 -0.142072
26 33 0 0 0 0 -0.618789 0 -0 -0.618789
25 33 0 0 0 0 0 -0.165422 0 -0.165422
32 33 0.00653657 0 -0.978923 0 0 0 0 -0.972386
26 34 0 0 0 0 0 -0.141719 -0 -0.141719
25 34 0 0 0 0 -0.68758 0 -0 -0.68758
24 34 0 0 0 0 0 -0.137751 0 -0.137751
33 34 0.00405116 0 -1.38631 0 0 0 0 -1.38225
34 35 0.00577183 0 0 0 0 0 0 0.00577183
35 36 0.0177372 0 -1.18116 0 0 0 0 -1.16342
36 37 0.149951 0 0 0 0 0 0 0.149951
34 38 0 0 0 0 -0 0 -0.748388 -0.748388
25 38 0 0 0 0 0 -0.12567 -0 -0.12567
24 38 0 0 0 0 -0.785776 0 -0 -0.785776
23 38 0 0 0 0 0 -0.0873539 -0 -0.0873539
37 38 0.0593992 0 0 0 0 0 0 0.0593992
24 39 0 0 0 0 0 -0.158286 0 -0.158286
23 39 0 0 0 0 -0.791095 0 -0 -0.791095
22 39 0 0 0 0 0 -0.0616656 0 -0.0616656
38 39 0.000109139 0 -1.15824 0 0 0 0 -1.15813
40 41 0.010499 0 -1.0821 0 0 0 0 -1.0716
41 42 0.00319674 0 -0.935843 0 0 0 0 -0.932646
42 43 0.0481073 0 -0 0 0 0 0 0.0481073
43 44 0.00937914 0 -1.22085 0 0 0 0 -1.21147
44 45 0.229676 0 -1.11763 0 0 0 0 -0.887954
45 46 0.000226933 0 -1.32658 0 0 0 0 -1.32636
46 47 0.00123524 0 -1.09845 0 0 0 0 -1.09722
47 48 0.0769324 0 -0.959797 0 0 0 0 -0.882865
45 49 0 0 0 0 -0 -0.140521 0 -0.140521
46 49 0 0 0 0 0 -0.00768952 -0 -0.00768952
48 49 0.00702217 0 0 0 0 0 0 0.00702217
45 50 0 0 0 0 -0.761854 0 -0 -0.761854
44 50 0 0 0 0 0 -0.176513 0 -0.176513
46 50 0 0 0 0 0 -0.0674524 0 -0.0674524
49 50 0.0348485 0 -0.798819 0 0 0 0 -0.763971
45 51 0 0 0 0 0 -0.19114 0 -0.19114
44 51 0 0 0 0 -0.729737 0 -0 -0.729737
43 51 0 0 0 0 0 -0.166639 0 -0.166639
42 51 0 0 0 0 0 -0.0600856 0 -0.0600856
50 51 0.0204774 0 -1.30441 0 0 0 0 -1.28393
44 52 0 0 0 0 0 -0.170755 0 -0.170755
42 52 0 0 0 0 -0.706108 0 -0 -0.706108
41 52 0 0 0 0 -0 -0.0538868 -0 -0.0538868
51 52 0.0178661 0 -1.36182 0 0 0 0 -1.34395
42 53 0 0 0 0 -0 -0.0812356 0 -0.0812356
41 53 0 0 0 0 -0.781259 0 -0 -0.781259
40 53 0 0 0 0 0 -0.181305 0 -0.181305
52 53 0.101719 0 -0.864742 0 0 0 0 -0.763023
41 54 0 0 0 0 0 -0.140159 -0 -0.140159
40 54 0 0 0 0 -0.492489 0 -0 -0.492489
53 54 4.62399e-05 0 -1.26466 0 0 0 0 -1.26462
40 55 0 0 0 0 0 -0.141481 0 -0.141481
54 55 0.0678389 0 -1.16901 0 0 0 0 -1.10117
55 56 0.151874 0 -1.27717 0 0 0 0 -1.1253
56 57 0.0084884 0 -1.2209 0 0 0 0 -1.21241
57 58 0.000492174 0 -1.19735 0 0 0 0 -1.19686
58 59 0.0145027 0 -0.957331 0 0 0 0 -0.942829
60 61 0.0116809 0 -1.33757 0 0 0 0 -1.32589
61 62 0.121076 0 -1.25858 0 0 0 0 -1.13751
62 63 0.0114062 0 -1.10318 0 0 0 0 -1.09177
63 64 0.00239087 0 -1.13247 0 0 0 0 -1.13008
64 65 0.0239924 0 -0.986664 0 0 0 0 -0.962671
65 66 0.00662514 0 -1.25289 0 0 0 0 -1.24626
66 67 0.00245457 0 -1.08061 0 0 0 0 -1.07815
67 68 0.0370491 0 -1.19196 0 0 0 0 -1.15491
68 69 0.0320018 0 -1.27656 0 0 0 0 -1.24456
69 70 0.0115036 0 -1.14141 0 0 0 0 -1.1299
70 71 0.0968332 0 0 0 0 0 0 0.0968332
68 72 0 0 0 0 0 -0.130408 0 -0.130408
67 72 0 0 0 0 -0.876538 0 -0 -0.876538
66 72 0 0 0 0 -2.63423e-29 -0.170967 0 -0.170967
71 72 0.0143297 0 -0 0 0 0 0 0.0143297
67 73 0 0 0 0 -0 -0.14128 0 -0.14128
66 73 0 0 0 0 -0.785787 0 -0 -0.785787
65 73 0 0 0 0 0 -0.198804 0 -0.198804
72 73 0.000263023 0 -1.19574 0 0 0 0 -1.19548
66 74 0 0 0 0 0 -0.129441 0 -0.129441
65 74 0 0 0 0 -0.669563 0 -0 -0.669563
64 74 0 0 0 0 0 -0.115819 0 -0.115819
73 74 0.00599985 0 -1.2196 0 0 0 0 -1.2136
65 75 0 0 0 0 0 -0.0841735 -0 -0.0841735
64 75 0 0 0 0 -0.602405 0 -0 -0.602405
63 75 0 0 0 0 0 -0.0189681 -0 -0.0189681
74 75 0.0407202 0 -1.13509 0 0 0 0 -1.09437
75 76 0.0475802 0 0 0 0 0 0 0.0475802
76 77 0.0338972 0 -1.02087 0 0 0 0 -0.986975
77 78 0.00485326 0 -0.777079 0 0 0 0 -0.772226
78 79 0.0449904 0 -1.37283 0 0 0 0 -1.32784
80 81 0.00131467 0 -0.95671 0 0 0 0 -0.955395
81 82 0.0426627 0 0 0 0 0 0 0.0426627
82 83 0.00496136 0 -1.14622 0 0 0 0 -1.14126
83 84 0.0225373 0 -1.29731 0 0 0 0 -1.27477
84 85 0.00594282 0 -0.910968 0 0 0 0 -0.905026
85 86 0.0893666 0 -1.23364 0 0 0 0 -1.14427
86 87 0.0138683 0 -1.15534 0 0 0 0 -1.14147
87 88 0.056637 0 -1.29637 0 0 0 0 -1.23973
88 89 0.102136 0 -1.29925 0 0 0 0 -1.19712
89 90 2.63757e-05 0 -1.29245 0 0 0 0 -1.29242
87 91 0 0 0 0 0 -0.0301608 0 -0.0301608
90 91 0.0571214 0 -0 0 0 0 0 0.0571214
86 92 0 0 0 0 -3.5577e-28 -0.0999046 0 -0.0999046
88 92 0 0 0 0 0 -0.0908299 0 -0.0908299
87 92 0 0 0 0 -0.76639 0 -0 -0.76639
91 92 0.011389 0 -0.813533 0 0 0 0 -0.802144
86 93 0 0 0 0 -0.771768 0 -0 -0.771768
85 93 0 0 0 0 0 -0.0508958 -0 -0.0508958
87 93 0 0 0 0 -0 -0.0780346 -0 -0.0780346
92 93 0.222169 0 -1.29447 0 0 0 0 -1.0723
86 94 0 0 0 0 0 -0.181083 0 -0.181083
85 94 0 0 0 0 -0.435584 -2.06761e-08 -0 -0.435584
84 94 0 0 0 0 0 -0.106334 0 -0.106334
93 94 0.048562 0 -1.05147 0 0 0 0 -1.00291
85 95 0 0 0 0 0 -0.131739 0 -0.131739
84 95 0 0 0 0 -0.719973 0 -0 -0.719973
83 95 0 0 0 0 0 -0.0710026 0 -0.0710026
94 95 0.000606669 0 -0.827126 0 0 0 0 -0.826519
84 96 0 0 0 0 0 -0.192098 0 -0.192098
83 96 0 0 0 0 0 -0.00239521 -0 -0.00239521
95 96 0.0517457 0 -1.27762 0 0 0 0 -1.22587
82 97 0 0 0 0 0 -0.000207878 -0 -0.000207878
96 97 0.00257635 0 -1.35267 0 0 0 0 -1.3501
97 98 0.0987674 0 -1.37358 0 0 0 0 -1.27481
98 99 0.0563954 0 -1.20783 0 0 0 0 -1.15144
100 101 0.0215048 0 -1.25973 0 0 0 0 -1.23823
101 102 0.00682182 0 -0.63594 0 0 0 0 -0.629118
102 103 0.0507113 0 -1.29862 0 0 0 0 -1.24791
103 104 0.00847572 0 -1.37617 0 0 0 0 -1.3677
104 105 0.109722 0 -1.26333 0 0 0 0 -1.15361
105 106 0.0737742 0 -1.2343 0 0 0 0 -1.16052
106 107 3.81758e-05 0 -0.91387 0 0 0 0 -0.913832
107 108 4.26695e-07 0 -1.27323 0 0 0 0 -1.27323
108 109 0.0231153 0 -1.36989 0 0 0 0 -1.34677
109 110 0.194307 0 -1.02663 0 0 0 0 -0.832319
110 111 0.0197595 0 -1.20775 0 0 0 0 -1.18799
111 112 0.00437317 0 -1.21787 0 0 0 0 -1.2135
112 113 0.00480048 0 -1.31292 0 0 0 0 -1.30812
113 114 0.05546 0 -1.13432 0 0 0 0 -1.07886
112 115 0 0 0 0 0 -0.000456293 -0 -0.000456293
114 115 0.0577179 0 -0 0 0 0 0 0.0577179
112 116 0 0 0 0 0 -0.140761 -0 -0.140761
111 116 0 0 0 0 0 -0.00155973 -0 -0.00155973
110 116 0 0 0 0 -0 -0.189438 0 -0.189438
115 116 0.00591128 0 -1.32591 0 0 0 0 -1.31999
111 117 0 0 0 0 0 -0.166116 0 -0.166116
110 117 0 0 0 0 -0.760422 0 -0 -0.760422
109 117 0 0 0 0 0 -0.16058 0 -0.16058
116 117 0.0705305 0 -1.27775 0 0 0 0 -1.20722
108 118 0 0 0 0 0 -0.184886 0 -0.184886
110 118 0 0 0 0 0 -0.106911 0 -0.106911
109 118 0 0 0 0 -0.775594 0 -0 -0.775594
117 118 0.010707 0 -1.16315 0 0 0 0 -1.15244
108 119 0 0 0 0 -0.718537 0 -0 -0.718537
107 119 0 0 0 0 0 -0.164414 0 -0.164414
109 119 0 0 0 0 0 -0.16979 0 -0.16979
118 119 0.022657 0 -1.00371 0 0 0 0 -0.981048
120 121 0.130871 0 0 0 0 0 0 0.130871
121 122 0.00240979 0 0 0 0 0 0 0.00240979
122 123 0.126543 0 -1.3309 0 0 0 0 -1.20436
123 124 0.000205214 0 -1.26055 0 0 0 0 -1.26035
124 125 0.0435682 0 -0.743047 0 0 0 0 -0.699479
125 126 0.000938216 0 -1.33666 0 0 0 0 -1.33572
126 127 9.05446e-05 0 -1.06806 0 0 0 0 -1.06797
127 128 0.0534283 0 -1.05588 0 0 0 0 -1.00245
128 129 0.0564326 0 -1.37692 0 0 0 0 -1.32049
129 130 0.00197515 0 -1.30177 0 0 0 0 -1.29979
130 131 0.00482995 0 0 0 0 0 0 0.00482995
128 132 0 0 0 0 0 -0.00149497 0 -0.00149497
127 132 0 0 0 0 0 -0.100746 0 -0.100746
131 132 0.00637583 0 -1.14692 0 0 0 0 -1.14055
126 133 0 0 0 0 0 -0.127859 -0 -0.127859
132 133 0.0265745 0 -1.10935 0 0 0 0 -1.08277
125 134 0 0 0 0 0 -0.196946 0 -0.196946
127 134 0 0 0 0 -0 -0.153935 0 -0.153935
126 134 0 0 0 0 -0.717446 0 -0 -0.717446
133 134 0.00883002 0 -1.3857 0 0 0 0 -1.37687
124 135 0 0 0 0 -0 -0.147173 0 -0.147173
126 135 0 0 0 0 0 -0.11901 -0 -0.11901
134 135 0.0492389 0 -1.16585 0 0 0 0 -1.11661
125 136 0 0 0 0 0 -0.0967758 0 -0.0967758
123 136 0 0 0 0 0 -0.132456 0 -0.132456
135 136 0.10273 0 -1.27238 0 0 0 0 -1.16965
124 137 0 0 0 0 0 -0.138182 -0 -0.138182
123 137 0 0 0 0 0 -9.82543e-07 -0 -9.82543e-07
122 137 0 0 0 0 0 -0.00039325 0 -0.00039325
136 137 0.0202109 0 -1.20451 0 0 0 0 -1.1843
137 138 0.0248031 0 -1.2401 0 0 0 0 -1.21529
138 139 0.0303939 0 -0.761456 0 0 0 0 -0.731062
140 141 0.000722415 0 -0.998415 0 0 0 0 -0.997692
140 142 0 0 0 0 0 -3.56338e-06 0 -3.56338e-06
141 142 0.0304131 0 -0.881812 0 0 0 0 -0.851399
142 143 0.0260389 0 -1.37002 0 0 0 0 -1.34398
143 144 0.000916071 0 -1.16949 0 0 0 0 -1.16857
144 145 0.00117926 0 -1.2508 0 0 0 0 -1.24963
145 146 0.01313 0 -1.28338 0 0 0 0 -1.27025
146 147 0.00985753 0 -1.24739 0 0 0 0 -1.23753
147 148 7.94901e-05 0 -1.15819 0 0 0 0 -1.15811
148 149 0.137806 0 -1.1762 0 0 0 0 -1.03839
149 150 0.114877 0 -1.19492 0 0 0 0 -1.08004
150 151 0.249937 0 -1.12424 0 0 0 0 -0.874308
148 152 0 0 0 0 0 -0.150175 0 -0.150175
151 152 0.0229052 0 0 0 0 0 0 0.0229052
147 153 0 0 0 0 0 -0.137605 0 -0.137605
149 153 0 0 0 0 0 -0.146336 -0 -0.146336
148 153 0 0 0 0 -0.703266 0 -0 -0.703266
152 153 0.186975 0 -1.19178 0 0 0 0 -1.00481
147 154 0 0 0 0 -0.806418 0 -0 -0.806418
148 154 0 0 0 0 0 -0.135321 0 -0.135321
146 154 0 0 0 0 -8.13687e-18 -0.163472 0 -0.163472
153 154 0.121137 0 -1.2378 0 0 0 0 -1.11666
147 155 0 0 0 0 0 -0.151247 0 -0.151247
146 155 0 0 0 0 0 -0.000923384 -0 -0.000923384
145 155 0 0 0 0 0 -0.101159 -0 -0.101159
154 155 0.000406187 0 -0.888608 0 0 0 0 -0.888202
146 156 0 0 0 0 0 -0.000701927 -0 -0.000701927
145 156 0 0 0 0 0 -0.00452174 -0 -0.00452174
155 156 0.00235745 0 -0 0 0 0 0 0.00235745
146 157 0 0 0 0 0 -0.00963984 0 -0.00963984
144 157 0 0 0 0 0 -0.158729 -0 -0.158729
156 157 0.00186161 0 -1.36046 0 0 0 0 -1.35859
145 158 0 0 0 0 0 -0.124106 0 -0.124106
144 158 0 0 0 0 -0.859456 0 -0 -0.859456
143 158 0 0 0 0 0 -0.169029 0 -0.169029
157 158 0.0717768 0 -1.37882 0 0 0 0 -1.30704
144 159 0 0 0 0 0 -0.182734 0 -0.182734
143 159 0 0 0 0 -0.642245 0 -0 -0.642245
142 159 0 0 0 0 0 -0.12724 0 -0.12724
158 159 0.013551 0 -1.10297 0 0 0 0 -1.08942
160 161 0.0206162 0 -1.21647 0 0 0 0 -1.19585
161 162 0.0816851 0 -1.17878 0 0 0 0 -1.0971
162 163 0.0196015 0 -0.99155 0 0 0 0 -0.971949
163 164 0.0123856 0 -1.23314 0 0 0 0 -1.22075
164 165 0.001861 0 -0.947244 0 0 0 0 -0.945383
165 166 0.0848979 0 -1.15805 0 0 0 0 -1.07315
166 167 0.00153851 0 -1.27811 0 0 0 0 -1.27657
163 168 0 0 0 0 0 -0.200205 0 -0.200205
165 168 0 0 0 0 0 -5.89491e-05 -0 -5.89491e-05
167 168 0.0333385 0 0 0 0 0 0 0.0333385
163 169 0 0 0 0 -0.800337 0 -0 -0.800337
162 169 0 0 0 0 0 -0.170362 0 -0.170362
164 169 0 0 0 0 0 -0.147407 0 -0.147407
168 169 0.070213 0 -1.38907 0 0 0 0 -1.31886
163 170 0 0 0 0 0 -0.198152 0 -0.198152
162 170 0 0 0 0 -0.807518 0 -0 -0.807518
161 170 0 0 0 0 -2.05355e-17 -0.100212 0 -0.100212
169 170 0.00812783 0 -1.24027 0 0 0 0 -1.23214
162 171 0 0 0 0 0 -0.153479 0 -0.153479
161 171 0 0 0 0 0 -2.72524e-15 0 -2.72524e-15
160 171 0 0 0 0 0 -0.0821166 0 -0.0821166
170 171 0.170128 0 -0.999304 0 0 0 0 -0.829177
160 172 0 0 0 0 0 -0.00834457 0 -0.00834457
171 172 0.0694555 0 -1.31904 0 0 0 0 -1.24959
172 173 0.0220045 0 -1.21136 0 0 0 0 -1.18936
173 174 0.00052831 0 -1.1473 0 0 0 0 -1.14677
174 175 0.058504 0 -1.12815 0 0 0 0 -1.06965
175 176 0.0806252 0 -0.796116 0 0 0 0 -0.715491
176 177 0.00394017 0 -1.22589 0 0 0 0 -1.22195
177 178 0.0202139 0 -1.26303 0 0 0 0 -1.24282
178 179 0.0162428 0 0 0 0 0 0 0.0162428
180 181 0.00584244 0 -1.36791 0 0 0 0 -1.36207
181 182 0.183019 0 -0.616012 0 0 0 0 -0.432993
182 183 0.0950831 0 -1.06009 0 0 0 0 -0.965002
183 184 0.116622 0 -1.02409 0 0 0 0 -0.907472
184 185 0.00526936 0 0 0 0 0 0 0.00526936
185 186 0.0247489 0 -1.37099 0 0 0 0 -1.34624
186 187 0.00398167 0 -1.29375 0 0 0 0 -1.28977
187 188 0.0299675 0 -1.3285 0 0 0 0 -1.29854
188 189 0.00552133 0 0 0 0 0 0 0.00552133
189 190 0.0296695 0 -0.804425 0 0 0 0 -0.774756
190 191 0.0165892 0 -1.31209 0 0 0 0 -1.2955
191 192 0.00660301 0 -1.36081 0 0 0 0 -1.35421
192 193 0.0221486 0 -1.08614 0 0 0 0 -1.06399
193 194 0.000642979 0 -1.39252 0 0 0 0 -1.39188
194 195 0.000408585 0 -0.886779 0 0 0 0 -0.886371
195 196 0.00563948 0 -0.466746 0 0 0 0 -0.461107
196 197 0.0386884 0 -1.19547 0 0 0 0 -1.15678
197 198 0.00909973 0 -1.35115 0 0 0 0 -1.34205
198 199 0.00512088 0 -1.07472 0 0 0 0 -1.0696
200 201 0.00245919 0 -0.719093 0 0 0 0 -0.716634
201 202 0.0157599 0 -1.14386 0 0 0 0 -1.1281
202 203 0.00408298 0 -1.39527 0 0 0 0 -1.39119
203 204 0.0164539 0 -1.17383 0 0 0 0 -1.15738
204 205 0.0215849 0 -1.34812 0 0 0 0 -1.32653
205 206 0.0801589 0 -0.988671 0 0 0 0 -0.908512
206 207 0.11571 0 -1.29091 0 0 0 0 -1.1752
207 208 0.00399548 0 -0.946012 0 0 0 0 -0.942017
208 209 0.095397 0 -1.19467 0 0 0 0 -1.09928
209 210 0.0261614 0 -0 0 0 0 0 0.0261614
210 211 0.0462586 0 -1.27464 0 0 0 0 -1.22838
211 212 0.0157945 0 -1.00546 0 0 0 0 -0.989662
212 213 0.00023686 0 0 0 0 0 0 0.00023686
213 214 0.083814 0 -1.11414 0 0 0 0 -1.03033
214 215 0.0762212 0 -1.26149 0 0 0 0 -1.18527
215 216 0.0916586 0 -1.34195 0 0 0 0 -1.25029
216 217 0.0119251 0 -1.24309 0 0 0 0 -1.23117
217 218 0.0140344 0 -1.39422 0 0 0 0 -1.38019
218 219 0.00476782 0 -1.1017 0 0 0 0 -1.09693
220 221 0.0032071 0 0 0 0 0 0 0.0032071
221 222 0.0855335 0 -1.27254 0 0 0 0 -1.18701
222 223 0.000651886 0 -1.14585 0 0 0 0 -1.1452
223 224 0.0489888 0 -1.2074 0 0 0 0 -1.15841
224 225 1.63787e-05 0 -1.27513 0 0 0 0 -1.27511
225 226 0.0153739 0 -0.870962 0 0 0 0 -0.855588
226 227 0.0281903 0 -1.21341 0 0 0 0 -1.18522
227 228 2.68854e-05 0 -1.00423 0 0 0 0 -1.00421
228 229 0.0254376 0 -1.23831 0 0 0 0 -1.21287
229 230 0.00491963 0 -1.30699 0 0 0 0 -1.30207
230 231 0.0242922 0 -1.23106 0 0 0 0 -1.20677
231 232 0.00782303 0 -1.15129 0 0 0 0 -1.14347
232 233 0.000662516 0 0 0 0 0 0 0.000662516
233 234 0.117357 0 -1.23807 0 0 0 0 -1.12071
228 235 0 0 0 0 -0 -0.0112213 0 -0.0112213
229 235 0 0 0 0 0 -0.00212449 0 -0.00212449
234 235 0.102117 0 -1.09419 0 0 0 0 -0.992074
228 236 0 0 0 0 0 -0.000331966 -0 -0.000331966
227 236 0 0 0 0 0 -0.15677 0 -0.15677
235 236 0.0651359 0 -1.12176 0 0 0 0 -1.05663
228 237 0 0 0 0 0 -0.0640039 0 -0.0640039
227 237 0 0 0 0 -0.730826 0 -0 -0.730826
226 237 0 0 0 0 -9.04078e-30 -0.188096 0 -0.188096
236 237 0.00127536 0 -1.18268 0 0 0 0 -1.1814
227 238 0 0 0 0 -0 -0.163856 0 -0.163856
226 238 0 0 0 0 -0.779205 -6.84292e-29 -0 -0.779205
225 238 0 0 0 0 0 -0.145855 0 -0.145855
237 238 0.0570247 0 -1.2531 0 0 0 0 -1.19607
224 239 0 0 0 0 0 -0.134319 0 -0.134319
226 239 0 0 0 0 0 -0.128662 -0 -0.128662
225 239 0 0 0 0 -0.72153 -1.27443e-11 -0 -0.72153
238 239 0.0235433 0 -1.13694 0 0 0 0 -1.11339
240 241 0.132554 0 -0.936716 0 0 0 0 -0.804162
241 242 0.0157542 0 -1.05986 0 0 0 0 -1.0441
242 243 0.0384156 0 -1.24946 0 0 0 0 -1.21104
243 244 0.00379087 0 -1.07863 0 0 0 0 -1.07484
244 245 0.000799286 0 -1.29154 0 0 0 0 -1.29074
245 246 0.0707586 0 -1.0838 0 0 0 0 -1.01304
246 247 0.0100784 0 -0.977533 0 0 0 0 -0.967454
245 248 0 0 0 0 0 -0.124668 0 -0.124668
244 248 0 0 0 0 -0.259344 0 -0 -0.259344
243 248 0 0 0 0 0 -0.167733 0 -0.167733
247 248 0.167178 0 0 0 0 0 0 0.167178
242 249 0 0 0 0 0 -0.155542 0 -0.155542
244 249 0 0 0 0 0 -0.14633 0 -0.14633
243 249 0 0 0 0 -0.718533 0 -0 -0.718533
248 249 0.00549787 0 -1.32997 0 0 0 0 -1.32447
242 250 0 0 0 0 -0.75699 0 -0 -0.75699
241 250 0 0 0 0 -2.40541e-16 -0.130709 0 -0.130709
243 250 0 0 0 0 0 -0.172205 0 -0.172205
249 250 0.06016 0 -1.14825 0 0 0 0 -1.08809
242 251 0 0 0 0 0 -0.138275 0 -0.138275
250 251 0.0749662 0 -1.16894 0 0 0 0 -1.09398
251 252 0.00871229 0 -1.18964 0 0 0 0 -1.18093
252 253 0.0320732 0 -1.37946 0 0 0 0 -1.34739
253 254 0.0388614 0 -1.23058 0 0 0 0 -1.19172
254 255 0.010412 0 -1.2742 0 0 0 0 -1.26379
255 256 0.00674389 0 0 0 0 0 0 0.00674389
256 257 0.0311485 0 -1.33927 0 0 0 0 -1.30812
257 258 0.22737 0 -1.33524 0 0 0 0 -1.10787
258 259 0.0136869 0 -1.28703 0 0 0 0 -1.27334
212 260 0 0 0 0 0 0 -0.457444 -0.457444
260 261 0.0535739 0 -1.30898 0 0 0 0 -1.25541
261 262 0.000288782 0 -1.21539 0 0 0 0 -1.2151
262 263 0.0423331 0 -0.648407 0 0 0 0 -0.606074
263 264 0.0369378 0 -1.27091 0 0 0 0 -1.23397
264 265 0.00540936 0 -1.18071 0 0 0 0 -1.1753
265 266 0.120655 0 -0.839367 0 0 0 0 -0.718713
266 267 0.0162375 0 -0.907423 0 0 0 0 -0.891186
267 268 0.0137911 0 -1.37937 0 0 0 0 -1.36558
268 269 0.00139715 0 -1.36499 0 0 0 0 -1.36359
269 270 0.0340666 0 -1.03017 0 0 0 0 -0.996103
270 271 0.0405131 0 -1.18817 0 0 0 0 -1.14766
271 272 0.00829149 0 -1.24367 0 0 0 0 -1.23537
272 273 0.113281 0 -1.26243 0 0 0 0 -1.14915
273 274 0.0883254 0 -1.07343 0 0 0 0 -0.985102
58 275 0 0 0 0 -0 -0.0855916 0 -0.0855916
274 275 0.036521 0 -1.28289 0 0 0 0 -1.24637
58 276 0 0 0 0 0 -0.000534183 -0 -0.000534183
57 276 0 0 0 0 0 -0.130184 0 -0.130184
275 276 0.00274423 0 -1.18908 0 0 0 0 -1.18634
56 277 0 0 0 0 -3.93219e-29 -0.160544 0 -0.160544
58 277 0 0 0 0 0 -0.0883566 0 -0.0883566
57 277 0 0 0 0 -0.838326 0 -0 -0.838326
276 277 0.0795288 0 -1.21946 0 0 0 0 -1.13993
56 278 0 0 0 0 -0.607041 -3.30743e-21 -0 -0.607041
55 278 0 0 0 0 0 -0.0920541 0 -0.0920541
57 278 0 0 0 0 -0 -0.143832 0 -0.143832
277 278 0.149925 0 -1.32391 0 0 0 0 -1.17399
40 279 0 0 0 0 -0 -0 -0.0926017 -0.0926017
56 279 0 0 0 0 0 -0.145567 0 -0.145567
55 279 0 0 0 0 -0.461321 0 -0 -0.461321
54 279 0 0 0 0 0 -0.0792564 0 -0.0792564
278 279 0.00921136 0 -1.17975 0 0 0 0 -1.17054
280 281 0.0273911 0 -1.36766 0 0 0 0 -1.34027
281 282 0.00106586 0 -1.04876 0 0 0 0 -1.0477
282 283 0.00416294 0 -0.536528 0 0 0 0 -0.532365
283 284 0.0163771 0 -0.813449 0 0 0 0 -0.797072
284 285 0.0019988 0 -1.18669 0 0 0 0 -1.18469
285 286 0.121731 0 -1.17103 0 0 0 0 -1.0493
286 287 0.0359699 0 -1.38191 0 0 0 0 -1.34594
287 288 0.0740249 0 -0.794383 0 0 0 0 -0.720358
288 289 0.100904 0 -1.38205 0 0 0 0 -1.28114
289 290 0.134121 0 -1.1223 0 0 0 0 -0.988177
290 291 0.0187428 0 -1.25761 0 0 0 0 -1.23887
287 292 0 0 0 0 0 -0.00571269 0 -0.00571269
291 292 0.0268646 0 0 0 0 0 0 0.0268646
288 293 0 0 0 0 -0 -0.00689075 0 -0.00689075
286 293 0 0 0 0 0 -0.145206 0 -0.145206
292 293 0.0249602 0 -1.25029 0 0 0 0 -1.22533
287 294 0 0 0 0 -0 -0.10384 -0 -0.10384
286 294 0 0 0 0 -0.760173 0 -0 -0.760173
285 294 0 0 0 0 0 -0.0734169 -0 -0.0734169
293 294 0.00144039 0 -1.10748 0 0 0 0 -1.10604
286 295 0 0 0 0 0 -0.0965219 0 -0.0965219
285 295 0 0 0 0 -0.661664 0 -0 -0.661664
284 295 0 0 0 0 0 -0.0563354 -0 -0.0563354
294 295 0.0309445 0 -1.29334 0 0 0 0 -1.26239
282 296 0 0 0 0 0 -0.0902514 0 -0.0902514
283 296 0 0 0 0 0 -0.000894728 0 -0.000894728
285 296 0 0 0 0 0 -0.111279 0 -0.111279
284 296 0 0 0 0 -0.182833 -0.00145019 0 -0.184283
295 296 0.00304044 0 -0.904565 0 0 0 0 -0.901525
282 297 0 0 0 0 -0.0950738 0 -0 -0.0950738
281 297 0 0 0 0 -0 -0.117978 -0 -0.117978
283 297 0 0 0 0 0 -0.000373048 -0 -0.000373048
284 297 0 0 0 0 0 -9.97796e-05 0 -9.97796e-05
296 297 0.0249268 0 -1.30298 0 0 0 0 -1.27805
282 298 0 0 0 0 -0 -0.0451385 -0 -0.0451385
281 298 0 0 0 0 -0.468701 0 -0 -0.468701
280 298 0 0 0 0 0 -0.102907 -0 -0.102907
297 298 0.00680295 0 -1.38071 0 0 0 0 -1.37391
281 299 0 0 0 0 0 -0.176093 0 -0.176093
280 299 0 0 0 0 -0.821713 0 -0 -0.821713
298 299 0.00101439 0 -1.10844 0 0 0 0 -1.10743
300 301 0.0021415 0 -1.15033 0 0 0 0 -1.14819
301 302 0.00676076 0 -1.23574 0 0 0 0 -1.22898
302 303 0.00426423 0 -1.05005 0 0 0 0 -1.04579
303 304 0.0141893 0 -1.25151 0 0 0 0 -1.23732
304 305 0.02253 0 -0 0 0 0 0 0.02253
305 306 0.000746558 0 -1.11059 0 0 0 0 -1.10984
306 307 0.0645787 0 -1.3236 0 0 0 0 -1.25902
307 308 0.0126324 0 -1.01692 0 0 0 0 -1.00429
308 309 0.0796505 0 -1.27628 0 0 0 0 -1.19663
309 310 0.0130299 0 -1.40049 0 0 0 0 -1.38746
310 311 0.0476806 0 -1.25746 0 0 0 0 -1.20978
309 312 0 0 0 0 0 -6.24185e-09 0 -6.24185e-09
308 312 0 0 0 0 0 -0.0108212 0 -0.0108212
311 312 0.0200121 0 0 0 0 0 0 0.0200121
308 313 0 0 0 0 -0.507929 -2.55802e-07 -0 -0.50793
307 313 0 0 0 0 0 -0.182917 0 -0.182917
312 313 0.0260084 0 -1.04726 0 0 0 0 -1.02125
308 314 0 0 0 0 0 -0.186986 0 -0.186986
307 314 0 0 0 0 -0.834501 0 -0 -0.834501
306 314 0 0 0 0 -9.72911e-29 -0.145807 0 -0.145807
313 314 0.0360018 0 -1.02958 0 0 0 0 -0.993578
307 315 0 0 0 0 -0 -0.14025 0 -0.14025
306 315 0 0 0 0 -0.525425 0 -0 -0.525425
305 315 0 0 0 0 0 -0.135234 -0 -0.135234
303 315 0 0 0 0 0 -0.0713609 0 -0.0713609
314 315 0.0145587 0 -1.13418 0 0 0 0 -1.11963
306 316 0 0 0 0 0 -0.0700112 0 -0.0700112
304 316 0 0 0 0 0 -0.156142 -0 -0.156142
303 316 0 0 0 0 -0.393495 0 -0 -0.393495
302 316 0 0 0 0 0 -0.19237 0 -0.19237
315 316 0.0736885 0 -1.1475 0 0 0 0 -1.07381
303 317 0 0 0 0 0 -0.161815 0 -0.161815
302 317 0 0 0 0 -0.701052 0 -0 -0.701052
301 317 0 0 0 0 -1.53279e-29 -0.171085 0 -0.171085
316 317 0.00153103 0 -1.26935 0 0 0 0 -1.26782
302 318 0 0 0 0 -0 -0.15896 0 -0.15896
301 318 0 0 0 0 -0.810595 0 -0 -0.810595
300 318 0 0 0 0 0 -0.163713 -0 -0.163713
317 318 0.0368104 0 -1.1637 0 0 0 0 -1.12689
301 319 0 0 0 0 0 -0.109513 0 -0.109513
300 319 0 0 0 0 -0.580529 0 -0 -0.580529
318 319 0.000565957 0 -1.0321 0 0 0 0 -1.03154
320 321 0.00398492 0 -1.34901 0 0 0 0 -1.34503
321 322 0.0299216 0 -0.961518 0 0 0 0 -0.931596
322 323 0.0169531 0 -1.06898 0 0 0 0 -1.05203
323 324 0.0958995 0 -1.28545 0 0 0 0 -1.18955
324 325 0.138934 0 -1.23935 0 0 0 0 -1.10041
325 326 0.0236216 0 -1.05798 0 0 0 0 -1.03436
326 327 0.0831288 0 -1.12601 0 0 0 0 -1.04288
327 328 0.00361907 0 -1.1501 0 0 0 0 -1.14648
328 329 0.144188 0 -1.07208 0 0 0 0 -0.927889
329 330 0.0112737 0 -0 0 0 0 0 0.0112737
330 331 0.00170342 0 -1.23056 0 0 0 0 -1.22885
328 332 0 0 0 0 0 -0.105993 -0 -0.105993
331 332 0.0182736 0 -1.07244 0 0 0 0 -1.05417
328 333 0 0 0 0 -0.548045 0 -0 -0.548045
327 333 0 0 0 0 0 -0.13651 0 -0.13651
329 333 0 0 0 0 0 -0.191703 0 -0.191703
332 333 0.0506148 0 -1.13971 0 0 0 0 -1.0891
328 334 0 0 0 0 0 -0.168976 0 -0.168976
327 334 0 0 0 0 -0.837558 0 -0 -0.837558
326 334 0 0 0 0 -0 -0.161 0 -0.161
333 334 0.00981318 0 -1.38597 0 0 0 0 -1.37616
327 335 0 0 0 0 -0 -0.166368 0 -0.166368
326 335 0 0 0 0 -0.74787 0 -0 -0.74787
325 335 0 0 0 0 0 -0.195393 0 -0.195393
334 335 0.126688 0 -1.25014 0 0 0 0 -1.12345
324 336 0 0 0 0 0 -0.15906 0 -0.15906
326 336 0 0 0 0 0 -0.0991404 0 -0.0991404
325 336 0 0 0 0 -0.776877 0 -0 -0.776877
335 336 0.00881592 0 -1.09921 0 0 0 0 -1.0904
323 337 0 0 0 0 0 -0.135252 -0 -0.135252
325 337 0 0 0 0 0 -0.168076 0 -0.168076
336 337 0.0283596 0 -1.23771 0 0 0 0 -1.20935
324 338 0 0 0 0 0 -0.0881973 0 -0.0881973
322 338 0 0 0 0 -0 -0.00178993 -0 -0.00178993
337 338 0.125029 0 -1.33297 0 0 0 0 -1.20794
338 339 0.0853286 0 -1.02719 0 0 0 0 -0.941864
272 340 0 0 0 0 0 -9.002e-07 -0 -9.002e-07
271 340 0 0 0 0 0 -0.0535067 0 -0.0535067
272 341 0 0 0 0 0 -0.102583 -0 -0.102583
270 341 0 0 0 0 -0 -0.151677 -0 -0.151677
340 341 0.0180205 0 -1.20873 0 0 0 0 -1.19071
271 342 0 0 0 0 0 -0.0776461 0 -0.0776461
270 342 0 0 0 0 -0.813976 0 -0 -0.813976
269 342 0 0 0 0 0 -0.180775 0 -0.180775
341 342 0.0346756 0 -1.32934 0 0 0 0 -1.29467
270 343 0 0 0 0 0 -0.106295 0 -0.106295
269 343 0 0 0 0 -0.639829 0 -0 -0.639829
268 343 0 0 0 0 0 -0.139239 0 -0.139239
342 343 0.0119941 0 -1.24758 0 0 0 0 -1.23559
269 344 0 0 0 0 0 -0.139989 0 -0.139989
268 344 0 0 0 0 -0.502291 0 -0 -0.502291
267 344 0 0 0 0 0 -0.0849227 -0 -0.0849227
343 344 0.0299056 0 -1.00688 0 0 0 0 -0.976973
268 345 0 0 0 0 0 -0.108054 -0 -0.108054
266 345 0 0 0 0 0 -0.0206481 0 -0.0206481
344 345 0.443233 0 -1.22652 0 0 0 0 -0.783288
267 346 0 0 0 0 0 -0.00626806 0 -0.00626806
265 346 0 0 0 0 0 -0.124865 0 -0.124865
345 346 0.0647312 0 -0.377479 0 0 0 0 -0.312748
266 347 0 0 0 0 0 -0.0663345 -0 -0.0663345
264 347 0 0 0 0 0 -0.137161 0 -0.137161
346 347 0.024454 0 -1.03526 0 0 0 0 -1.01081
265 348 0 0 0 0 0 -0.146914 -0 -0.146914
264 348 0 0 0 0 -0.735582 0 -0 -0.735582
263 348 0 0 0 0 0 -0.115715 -0 -0.115715
347 348 0.0266369 0 -0.827718 0 0 0 0 -0.801082
264 349 0 0 0 0 0 -0.173435 0 -0.173435
263 349 0 0 0 0 -0.750513 0 -0 -0.750513
262 349 0 0 0 0 0 -0.176985 0 -0.176985
348 349 2.53853e-05 0 -0.96101 0 0 0 0 -0.960984
263 350 0 0 0 0 0 -0.137416 0 -0.137416
262 350 0 0 0 0 -0.883659 0 -0 -0.883659
261 350 0 0 0 0 -0 -0.0716885 0 -0.0716885
349 350 0.00133142 0 -1.18268 0 0 0 0 -1.18135
262 351 0 0 0 0 0 -0.115594 0 -0.115594
261 351 0 0 0 0 0 -0.00221576 0 -0.00221576
350 351 0.0058528 0 -1.37746 0 0 0 0 -1.3716
262 352 0 0 0 0 0 -0.000182423 0 -0.000182423
261 352 0 0 0 0 0 -5.85223e-06 -0 -5.85223e-06
260 352 0 0 0 0 0 -0.170052 0 -0.170052
351 352 0.0298122 0 -0 0 0 0 0 0.0298122
261 353 0 0 0 0 0 -0.185315 0 -0.185315
260 353 0 0 0 0 -0.8137 0 -0 -0.8137
212 353 0 0 0 0 0 -0.150667 -0 -0.150667
352 353 0.0105199 0 -1.25299 0 0 0 0 -1.24247
260 354 0 0 0 0 0 -0.176817 0 -0.176817
212 354 0 0 0 0 -0.817422 0 -0 -0.817422
211 354 0 0 0 0 -5.86889e-30 -0.168941 0 -0.168941
209 354 0 0 0 0 0 -0.000644608 0 -0.000644608
353 354 0.0296506 0 -1.34106 0 0 0 0 -1.31141
212 355 0 0 0 0 -0 -0.176771 0 -0.176771
211 355 0 0 0 0 -0.717241 0 -0 -0.717241
210 355 0 0 0 0 0 -0.144465 0 -0.144465
209 355 0 0 0 0 0 -0.00885916 -0 -0.00885916
208 355 0 0 0 0 0 -0.117715 0 -0.117715
354 355 0.0094203 0 -1.14793 0 0 0 0 -1.13851
211 356 0 0 0 0 0 -0.0565779 0 -0.0565779
210 356 0 0 0 0 0 -0.00385622 -0 -0.00385622
209 356 0 0 0 0 0 -0.192957 0 -0.192957
208 356 0 0 0 0 -0.789748 0 -0 -0.789748
207 356 0 0 0 0 0 -0.188208 0 -0.188208
355 356 0.0018937 0 -1.04282 0 0 0 0 -1.04093
210 357 0 0 0 0 0 -0.0723156 -0 -0.0723156
208 357 0 0 0 0 0 -0.108578 0 -0.108578
207 357 0 0 0 0 -0.743452 0 -0 -0.743452
206 357 0 0 0 0 -0 -0.195034 0 -0.195034
356 357 0.0319673 0 -1.02516 0 0 0 0 -0.993196
205 358 0 0 0 0 0 -0.179453 0 -0.179453
207 358 0 0 0 0 -0 -0.134612 -0 -0.134612
206 358 0 0 0 0 -0.820034 0 -0 -0.820034
357 358 0.015702 0 -1.02092 0 0 0 0 -1.00522
205 359 0 0 0 0 -0.77496 -3.41038e-29 -0 -0.77496
204 359 0 0 0 0 0 -0.169641 0 -0.169641
206 359 0 0 0 0 0 -0.180782 0 -0.180782
358 359 0.179943 0 -1.22931 0 0 0 0 -1.04937
360 361 0.000248701 0 -1.22224 0 0 0 0 -1.22199
361 362 0.040915 0 -1.36822 0 0 0 0 -1.32731
362 363 0.0432813 0 -1.28371 0 0 0 0 -1.24043
363 364 0.00215327 0 -0.870779 0 0 0 0 -0.868626
364 365 0.0374274 0 -1.34027 0 0 0 0 -1.30285
365 366 0.00237877 0 -1.33648 0 0 0 0 -1.3341
366 367 0.000386217 0 0 0 0 0 0 0.000386217
365 368 0 0 0 0 0 -0.143141 -0 -0.143141
364 368 0 0 0 0 -0.687404 0 -0 -0.687404
363 368 0 0 0 0 0 -0.111018 -0 -0.111018
367 368 0.273336 0 0 0 0 0 0 0.273336
364 369 0 0 0 0 0 -0.130951 -0 -0.130951
363 369 0 0 0 0 -0.414638 0 -0 -0.414638
362 369 0 0 0 0 0 -0.154445 0 -0.154445
368 369 0.0215047 0 -0.826487 0 0 0 0 -0.804982
363 370 0 0 0 0 0 -0.158378 -0 -0.158378
362 370 0 0 0 0 -0.584858 0 -0 -0.584858
361 370 0 0 0 0 -0 -0.13153 -0 -0.13153
369 370 0.00569198 0 -1.1951 0 0 0 0 -1.18941
362 371 0 0 0 0 0 -0.166492 0 -0.166492
360 371 0 0 0 0 0 -0.0776913 -0 -0.0776913
370 371 0.00951881 0 -1.20429 0 0 0 0 -1.19478
361 372 0 0 0 0 0 -0.0747803 0 -0.0747803
360 372 0 0 0 0 0 -1.95368e-06 -0 -1.95368e-06
371 372 0.0704834 0 -1.0268 0 0 0 0 -0.956319
372 373 0.0439426 0 -0.501067 0 0 0 0 -0.457124
373 374 0.000288211 0 -1.2524 0 0 0 0 -1.25211
178 375 0 0 0 0 0 -0.0587615 0 -0.0587615
374 375 0.0235877 0 -1.2678 0 0 0 0 -1.24421
178 376 0 0 0 0 -0.643942 0 -0 -0.643942
177 376 0 0 0 0 0 -0.10452 0 -0.10452
375 376 0.0047876 0 -1.39592 0 0 0 0 -1.39114
178 377 0 0 0 0 0 -0.103906 -0 -0.103906
177 377 0 0 0 0 -0.777001 0 -0 -0.777001
176 377 0 0 0 0 -1.13865e-31 -0.119796 -0 -0.119796
376 377 0.165606 0 -1.29323 0 0 0 0 -1.12763
177 378 0 0 0 0 -0 -0.119885 0 -0.119885
176 378 0 0 0 0 -0.614877 0 -0 -0.614877
175 378 0 0 0 0 0 -0.117707 0 -0.117707
377 378 0.0538532 0 -1.22817 0 0 0 0 -1.17432
176 379 0 0 0 0 0 -0.119067 0 -0.119067
175 379 0 0 0 0 -0.693741 0 -0 -0.693741
174 379 0 0 0 0 0 -0.114302 0 -0.114302
378 379 0.161779 0 -0.91756 0 0 0 0 -0.755781
380 381 0.0450174 0 -1.1745 0 0 0 0 -1.12949
381 382 0.0975439 0 -0.951467 0 0 0 0 -0.853923
382 383 0.0062586 0 -0.545529 0 0 0 0 -0.53927
383 384 0.0772492 0 -1.05799 0 0 0 0 -0.980738
384 385 0.000113687 0 -0 0 0 0 0 0.000113687
385 386 0.0338328 0 -1.24129 0 0 0 0 -1.20746
386 387 0.0053539 0 -1.06069 0 0 0 0 -1.05533
387 388 0.0658464 0 -1.29459 0 0 0 0 -1.22874
388 389 0.0970818 0 -1.09815 0 0 0 0 -1.00106
389 390 0.0464692 0 -1.04989 0 0 0 0 -1.00342
390 391 0.0244262 0 -1.35115 0 0 0 0 -1.32673
388 392 0 0 0 0 0 -0.0448488 0 -0.0448488
391 392 0.000655998 0 -0 0 0 0 0 0.000655998
389 393 0 0 0 0 0 -0.106227 0 -0.106227
388 393 0 0 0 0 -0.674103 0 -0 -0.674103
387 393 0 0 0 0 0 -0.182237 0 -0.182237
392 393 0.0786328 0 -0.946249 0 0 0 0 -0.867616
388 394 0 0 0 0 0 -0.172716 0 -0.172716
387 394 0 0 0 0 -0.766406 0 -0 -0.766406
386 394 0 0 0 0 -7.36586e-30 -0.130661 -0 -0.130661
384 394 0 0 0 0 0 -0.000283856 0 -0.000283856
393 394 0.00494875 0 -1.30878 0 0 0 0 -1.30383
387 395 0 0 0 0 -0 -0.178821 -0 -0.178821
386 395 0 0 0 0 -0.674893 0 -0 -0.674893
385 395 0 0 0 0 0 -0.0418731 0 -0.0418731
384 395 0 0 0 0 0 -0.0185724 0 -0.0185724
383 395 0 0 0 0 0 -0.103888 0 -0.103888
394 395 0.000782082 0 -1.36021 0 0 0 0 -1.35943
386 396 0 0 0 0 0 -0.0638824 0 -0.0638824
385 396 0 0 0 0 -0 -0.00581518 -0 -0.00581518
384 396 0 0 0 0 0 -0.0518591 0 -0.0518591
383 396 0 0 0 0 -0.719614 0 -0 -0.719614
382 396 0 0 0 0 0 -0.12544 0 -0.12544
395 396 0.0628059 0 -1.29569 0 0 0 0 -1.23288
383 397 0 0 0 0 0 -0.143968 -0 -0.143968
382 397 0 0 0 0 -0.835246 0 -0 -0.835246
381 397 0 0 0 0 -2.81337e-31 -0.0609503 -0 -0.0609503
396 397 0.185652 0 -1.25729 0 0 0 0 -1.07163
382 398 0 0 0 0 -0 -0.103065 0 -0.103065
381 398 0 0 0 0 -0.836655 0 -0 -0.836655
380 398 0 0 0 0 0 -0.134355 -0 -0.134355
397 398 0.330958 0 -1.11084 0 0 0 0 -0.779887
381 399 0 0 0 0 0 -0.181075 0 -0.181075
380 399 0 0 0 0 -0.770902 0 -0 -0.770902
398 399 0.00478112 0 -1.25053 0 0 0 0 -1.24575
#Total energy per particle is  -1.17197 and should be -1.1719710
