#id1 id2 FENE BEXC STCK NEXC HB CRSTCK CXSTCK total, t = 100000
0 1 0.00234599 0 -1.20096 0 0 0 0 -1.19861
1 2 0.126528 0 -0.947245 0 0 0 0 -0.820718
2 3 0.0315283 0 -1.19651 0 0 0 0 -1.16498
3 4 0.0179825 0 -0.926373 0 0 0 0 -0.90839
4 5 0.0061824 0 -1.3004 0 0 0 0 -1.29422
5 6 0.000497689 0 -1.19187 0 0 0 0 -1.19137
6 7 0.00190227 0 -0.834324 0 0 0 0 -0.832422
7 8 0.0520614 0 -1.00219 0 0 0 0 -0.950132
8 9 0.0523678 0 -0.862323 0 0 0 0 -0.809956
9 10 0.00282496 0 -1.09479 0 0 0 0 -1.09196
10 11 0.00268071 0 -1.28003 0 0 0 0 -1.27734
11 12 0.00748919 0 -1.22902 0 0 0 0 -1.22153
12 13 0.07325 0 -1.23705 0 0 0 0 -1.1638
13 14 0.0106073 0 -0.940265 0 0 0 0 -0.929657
14 15 0.0183447 0 -1.06849 0 0 0 0 -1.05014
15 16 0.00496948 0 0 0 0 0 0 0.00496948
16 17 0.104853 0 -1.19763 0 0 0 0 -1.09278
17 18 0.0014855 0 -1.34127 0 0 0 0 -1.33978
18 19 0.0712837 0 -1.29709 0 0 0 0 -1.22581
20 21 5.97632e-07 0 -1.2193 0 0 0 0 -1.2193
21 22 0.0792104 0 -1.0756 0 0 0 0 -0.996391
22 23 0.0652734 0 -1.08115 0 0 0 0 -1.01588
23 24 0.137022 0 -0.97405 0 0 0 0 -0.837028
24 25 0.054491 0 0 0 0 0 0 0.054491
25 26 0.0239159 0 -1.30873 0 0 0 0 -1.28481
26 27 0.00146049 0 -1.32067 0 0 0 0 -1.31921
27 28 0.0604943 0 -1.27625 0 0 0 0 -1.21575
28 29 0.14929 0 -1.01823 0 0 0 0 -0.86894
29 30 0.019987 0 -1.05936 0 0 0 0 -1.03937
30 31 0.161806 0 0 0 0 0 0 0.161806
31 32 0.0113692 0 -0.829516 0 0 0 0 -0.818147
32 33 0.0032541 0 -1.31601 0 0 0 0 -1.31276
33 34 0.171069 0 -1.31572 0 0 0 0 -1.14465
34 35 0.0391159 0 -1.3625 0 0 0 0 -1.32338
35 36 0.139015 0 -1.24252 0 0 0 0 -1.10351
36 37 0.0292125 0 -1.14024 0 0 0 0 -1.11102
37 38 0.0640295 0 -1.05274 0 0 0 0 -0.988708
38 39 0.00726585 0 -1.2898 0 0 0 0 -1.28253
40 41 0.0099073 0 -1.26773 0 0 0 0 -1.25782
41 42 0.0553119 0 -1.27997 0 0 0 0 -1.22466
42 43 0.131871 0 -1.11427 0 0 0 0 -0.982396
43 44 0.138371 0 -0.901177 0 0 0 0 -0.762806
44 45 0.0410917 0 -1.07296 0 0 0 0 -1.03186
45 46 0.0273652 0 -1.36514 0 0 0 0 -1.33778
46 47 0.000487005 0 -1.24028 0 0 0 0 -1.2398
47 48 0.000629698 0 0 0 0 0 0 0.000629698
48 49 0.000135607 0 -1.16428 0 0 0 0 -1.16414
43 50 0 0 0 0 -0 -5.52143e-08 -0 -5.52143e-08
49 50 0.00610492 0 -1.24597 0 0 0 0 -1.23986
43 51 0 0 0 0 0 -0.000201328 -0 -0.000201328
42 51 0 0 0 0 0 -0.0984203 0 -0.0984203
50 51 0.00231182 0 -1.22124 0 0 0 0 -1.21893
43 52 0 0 0 0 0 -0.0213671 0 -0.0213671
42 52 0 0 0 0 -0.449821 0 -0 -0.449821
41 52 0 0 0 0 -1.07706e-19 -0.124845 0 -0.124845
51 52 0.0199799 0 -1.2204 0 0 0 0 -1.20042
40 53 0 0 0 0 0 -0.14782 0 -0.14782
42 53 0 0 0 0 -0 -0.12319 0 -0.12319
41 53 0 0 0 0 -0.744619 0 -0 -0.744619
52 53 0.132805 0 -1.14795 0 0 0 0 -1.01514
40 54 0 0 0 0 -0.676807 0 -0 -0.676807
41 54 0 0 0 0 0 -0.123295 -0 -0.123295
53 54 0.0217804 0 -1.3654 0 0 0 0 -1.34362
40 55 0 0 0 0 0 -0.118038 0 -0.118038
54 55 0.000365885 0 -1.23262 0 0 0 0 -1.23225
55 56 0.0701006 0 -1.02355 0 0 0 0 -0.953453
56 57 0.0654914 0 -1.26283 0 0 0 0 -1.19733
57 58 0.0383492 0 -1.29014 0 0 0 0 -1.25179
58 59 0.0337273 0 -1.09594 0 0 0 0 -1.06222
60 61 0.000162042 0 -1.02815 0 0 0 0 -1.02799
61 62 0.0934197 0 -1.18221 0 0 0 0 -1.08879
62 63 0.0566466 0 0 0 0 0 0 0.0566466
63 64 0.0223663 0 -1.27595 0 0 0 0 -1.25358
64 65 0.00602029 0 -1.04731 0 0 0 0 -1.04129
65 66 0.037631 0 -1.20032 0 0 0 0 -1.16269
66 67 0.133732 0 -0.682082 0 0 0 0 -0.54835
67 68 0.115231 0 -1.19557 0 0 0 0 -1.08034
68 69 0.00984507 0 -0.868425 0 0 0 0 -0.85858
69 70 0.00443155 0 -1.39782 0 0 0 0 -1.39338
70 71 0.00028124 0 -1.00393 0 0 0 0 -1.00365
68 72 0 0 0 0 0 -0.100723 0 -0.100723
67 72 0 0 0 0 -0.438814 -1.19234e-15 -0 -0.438814
66 72 0 0 0 0 -2.12194e-29 -0.128394 0 -0.128394
71 72 0.0370178 0 0 0 0 0 0 0.0370178
67 73 0 0 0 0 -0 -0.127397 0 -0.127397
66 73 0 0 0 0 -0.833029 0 -0 -0.833029
65 73 0 0 0 0 0 -0.106319 0 -0.106319
72 73 0.0261769 0 -1.10843 0 0 0 0 -1.08225
66 74 0 0 0 0 0 -0.196526 0 -0.196526
65 74 0 0 0 0 -0.669947 0 -0 -0.669947
64 74 0 0 0 0 0 -0.0596244 -0 -0.0596244
73 74 0.00158162 0 -1.32111 0 0 0 0 -1.31952
65 75 0 0 0 0 0 -0.141824 0 -0.141824
64 75 0 0 0 0 -0.75258 0 -0 -0.75258
63 75 0 0 0 0 0 -0.149695 0 -0.149695
74 75 0.00612598 0 -0.876978 0 0 0 0 -0.870852
64 76 0 0 0 0 0 -0.103098 0 -0.103098
63 76 0 0 0 0 0 -6.35689e-05 -0 -6.35689e-05
75 76 0.0099772 0 -1.06582 0 0 0 0 -1.05585
63 77 0 0 0 0 0 -0.0218924 0 -0.0218924
76 77 0.117967 0 -1.1862 0 0 0 0 -1.06823
77 78 0.000197327 0 -1.25295 0 0 0 0 -1.25276
78 79 0.0168572 0 -1.31909 0 0 0 0 -1.30223
80 81 0.00271846 0 -1.17521 0 0 0 0 -1.17249
81 82 0.0055775 0 -1.26425 0 0 0 0 -1.25867
82 83 0.0876604 0 -1.14101 0 0 0 0 -1.05335
83 84 0.00527672 0 0 0 0 0 0 0.00527672
84 85 0.013543 0 -1.30627 0 0 0 0 -1.29273
85 86 0.000525112 0 -1.15682 0 0 0 0 -1.1563
86 87 0.0344858 0 -1.19798 0 0 0 0 -1.16349
87 88 0.0043964 0 -1.26784 0 0 0 0 -1.26344
88 89 0.125833 0 -1.10867 0 0 0 0 -0.982836
89 90 0.0125282 0 -1.19566 0 0 0 0 -1.18314
90 91 0.00324231 0 0 0 0 0 0 0.00324231
88 92 0 0 0 0 0 -0.146475 0 -0.146475
87 92 0 0 0 0 -0.689534 0 -0 -0.689534
86 92 0 0 0 0 -6.75583e-29 -0.151585 0 -0.151585
91 92 0.168981 0 0 0 0 0 0 0.168981
87 93 0 0 0 0 -0 -0.195851 0 -0.195851
86 93 0 0 0 0 -0.824236 0 -0 -0.824236
85 93 0 0 0 0 0 -0.0926785 -0 -0.0926785
92 93 0.0288787 0 -1.18878 0 0 0 0 -1.1599
84 94 0 0 0 0 0 -0.124863 0 -0.124863
86 94 0 0 0 0 0 -0.210324 0 -0.210324
85 94 0 0 0 0 -0.838032 0 -0 -0.838032
93 94 7.74084e-05 0 -1.11738 0 0 0 0 -1.1173
84 95 0 0 0 0 -0.837809 0 -0 -0.837809
85 95 0 0 0 0 0 -0.194265 0 -0.194265
94 95 0.0363277 0 -1.11356 0 0 0 0 -1.07723
84 96 0 0 0 0 0 -0.14666 0 -0.14666
95 96 0.00535649 0 -1.211 0 0 0 0 -1.20564
96 97 0.014337 0 -1.10839 0 0 0 0 -1.09405
97 98 0.016126 0 -1.40581 0 0 0 0 -1.38968
98 99 0.0112485 0 -1.11535 0 0 0 0 -1.1041
100 101 0.0202533 0 -1.34092 0 0 0 0 -1.32066
101 102 0.359058 0 -1.20058 0 0 0 0 -0.841521
102 103 0.00584324 0 -0.794127 0 0 0 0 -0.788284
103 104 0.0318145 0 0 0 0 0 0 0.0318145
104 105 0.124655 0 -1.10973 0 0 0 0 -0.985078
105 106 0.0258592 0 -0.861026 0 0 0 0 -0.835167
106 107 0.00861791 0 -1.09063 0 0 0 0 -1.08201
107 108 0.0153211 0 -1.19166 0 0 0 0 -1.17634
108 109 0.0436768 0 -1.16821 0 0 0 0 -1.12453
109 110 0.00654822 0 -1.09854 0 0 0 0 -1.092
110 111 0.0270673 0 -1.37596 0 0 0 0 -1.34889
111 112 0.0164192 0 -1.38164 0 0 0 0 -1.36522
112 113 0.000153767 0 0 0 0 0 0 0.000153767
113 114 0.0158711 0 -1.13587 0 0 0 0 -1.12
111 115 0 0 0 0 0 -0.00191019 0 -0.00191019
114 115 0.0324522 0 -1.20528 0 0 0 0 -1.17283
111 116 0 0 0 0 0 -0.000668706 -0 -0.000668706
110 116 0 0 0 0 -1.23261e-30 -0.178649 0 -0.178649
115 116 0.035798 0 -1.24914 0 0 0 0 -1.21334
111 117 0 0 0 0 0 -0.131702 0 -0.131702
110 117 0 0 0 0 -0.797405 0 -0 -0.797405
109 117 0 0 0 0 0 -0.194427 0 -0.194427
116 117 0.00535434 0 -1.29676 0 0 0 0 -1.2914
110 118 0 0 0 0 0 -0.175783 0 -0.175783
109 118 0 0 0 0 -0.718818 0 -0 -0.718818
108 118 0 0 0 0 0 -0.10815 0 -0.10815
117 118 0.135043 0 -1.18802 0 0 0 0 -1.05298
109 119 0 0 0 0 0 -0.168526 0 -0.168526
108 119 0 0 0 0 -0.543058 0 -0 -0.543058
107 119 0 0 0 0 0 -0.190487 0 -0.190487
118 119 0.0552927 0 -1.14491 0 0 0 0 -1.08962
120 121 0.0135951 0 -1.01652 0 0 0 0 -1.00292
121 122 0.00211108 0 -1.10068 0 0 0 0 -1.09857
122 123 0.000977814 0 -1.25886 0 0 0 0 -1.25788
123 124 0.0884683 0 -1.01061 0 0 0 0 -0.922138
124 125 0.0241022 0 0 0 0 0 0 0.0241022
125 126 0.00734577 0 -0.786687 0 0 0 0 -0.779341
126 127 0.0134233 0 -1.17187 0 0 0 0 -1.15845
127 128 0.0340945 0 -1.19275 0 0 0 0 -1.15866
128 129 0.0012029 0 -1.3718 0 0 0 0 -1.37059
129 130 0.162564 0 -1.14625 0 0 0 0 -0.983688
130 131 0.0504936 0 -1.26355 0 0 0 0 -1.21305
131 132 0.108258 0 -0.954009 0 0 0 0 -0.845751
132 133 0.0317064 0 -1.36362 0 0 0 0 -1.33191
133 134 0.0289066 0 -1.29111 0 0 0 0 -1.2622
134 135 0.00180606 0 -1.29074 0 0 0 0 -1.28893
135 136 0.00746615 0 -1.18812 0 0 0 0 -1.18065
136 137 0.0374642 0 -0.822866 0 0 0 0 -0.785402
137 138 0.00626747 0 -1.20448 0 0 0 0 -1.19821
138 139 0.0713971 0 -0.534385 0 0 0 0 -0.462988
140 141 0.0178924 0 -1.29581 0 0 0 0 -1.27792
141 142 0.0102247 0 0 0 0 0 0 0.0102247
142 143 0.00107394 0 -1.28494 0 0 0 0 -1.28386
143 144 0.175112 0 -0.829763 0 0 0 0 -0.654651
144 145 0.130861 0 -1.10392 0 0 0 0 -0.973059
145 146 0.000161235 0 -1.30427 0 0 0 0 -1.3041
146 147 0.0803939 0 -1.30892 0 0 0 0 -1.22853
147 148 0.00126354 0 -1.23531 0 0 0 0 -1.23405
148 149 0.00587356 0 -0.967046 0 0 0 0 -0.961172
149 150 0.00707433 0 -0 0 0 0 0 0.00707433
149 151 0 0 0 0 0 -1.86706e-05 -0 -1.86706e-05
150 151 0.00026236 0 -1.2886 0 0 0 0 -1.28834
148 152 0 0 0 0 0 -0.203971 0 -0.203971
151 152 0.104133 0 -1.32773 0 0 0 0 -1.2236
149 153 0 0 0 0 0 -0.0701501 0 -0.0701501
148 153 0 0 0 0 -0.731704 0 -0 -0.731704
147 153 0 0 0 0 0 -0.200014 0 -0.200014
152 153 0.0119821 0 -1.31099 0 0 0 0 -1.299
148 154 0 0 0 0 0 -0.189418 0 -0.189418
147 154 0 0 0 0 -0.79351 0 -0 -0.79351
146 154 0 0 0 0 -0 -0.191636 0 -0.191636
153 154 0.138895 0 -1.24971 0 0 0 0 -1.11082
147 155 0 0 0 0 0 -0.177526 0 -0.177526
146 155 0 0 0 0 0 -1.1762e-06 -0 -1.1762e-06
154 155 0.0501606 0 -1.34755 0 0 0 0 -1.29739
145 156 0 0 0 0 0 -0.0173673 0 -0.0173673
147 156 0 0 0 0 0 -0.000549962 -0 -0.000549962
146 156 0 0 0 0 0 -0.00302844 -0 -0.00302844
155 156 0.035902 0 -0 0 0 0 0 0.035902
144 157 0 0 0 0 0 -0.172508 0 -0.172508
146 157 0 0 0 0 0 -0.145846 -0 -0.145846
156 157 0.0181816 0 -1.01398 0 0 0 0 -0.995799
145 158 0 0 0 0 0 -0.180198 0 -0.180198
144 158 0 0 0 0 -0.745457 0 -0 -0.745457
143 158 0 0 0 0 0 -0.0243771 -0 -0.0243771
157 158 0.00124963 0 -1.18101 0 0 0 0 -1.17976
142 159 0 0 0 0 0 -0.122353 -0 -0.122353
144 159 0 0 0 0 0 -0.196763 0 -0.196763
143 159 0 0 0 0 -0.636386 0 -0 -0.636386
158 159 0.11046 0 -1.22327 0 0 0 0 -1.11281
160 161 0.00768868 0 -1.16935 0 0 0 0 -1.16166
161 162 0.0387614 0 -1.40031 0 0 0 0 -1.36155
162 163 0.160781 0 -0.922739 0 0 0 0 -0.761958
163 164 0.0541956 0 -1.21872 0 0 0 0 -1.16453
164 165 0.0133067 0 -1.07399 0 0 0 0 -1.06068
165 166 3.58787e-05 0 -1.28586 0 0 0 0 -1.28582
166 167 0.20436 0 -1.08151 0 0 0 0 -0.877153
167 168 0.0292092 0 -1.39771 0 0 0 0 -1.3685
168 169 0.0454031 0 -1.28269 0 0 0 0 -1.23729
169 170 0.000778114 0 -1.08526 0 0 0 0 -1.08448
170 171 0.100024 0 -1.20673 0 0 0 0 -1.10671
171 172 0.0122486 0 -1.27138 0 0 0 0 -1.25913
172 173 0.000915617 0 0 0 0 0 0 0.000915617
173 174 0.00404416 0 -1.06224 0 0 0 0 -1.0582
174 175 0.00954453 0 -1.20724 0 0 0 0 -1.1977
175 176 0.00255872 0 -1.29856 0 0 0 0 -1.296
176 177 0.045114 0 -1.15363 0 0 0 0 -1.10852
177 178 0.0250866 0 -1.1569 0 0 0 0 -1.13181
178 179 0.00561215 0 -1.29052 0 0 0 0 -1.28491
180 181 0.00881584 0 -1.33082 0 0 0 0 -1.32201
181 182 0.000101112 0 -0.849951 0 0 0 0 -0.84985
182 183 0.00104152 0 -1.13606 0 0 0 0 -1.13502
183 184 0.061517 0 -0.821429 0 0 0 0 -0.759912
184 185 0.13384 0 -1.1725 0 0 0 0 -1.03866
185 186 0.0120609 0 0 0 0 0 0 0.0120609
186 187 0.0658033 0 -1.05911 0 0 0 0 -0.993311
184 188 0 0 0 0 -0 -0.00857194 -0 -0.00857194
183 188 0 0 0 0 0 -0.135056 -0 -0.135056
187 188 0.153608 0 -1.11359 0 0 0 0 -0.959979
184 189 0 0 0 0 0 -0.0281908 0 -0.0281908
183 189 0 0 0 0 -0.561309 0 -0 -0.561309
182 189 0 0 0 0 0 -0.190297 0 -0.190297
188 189 4.21072e-05 0 -1.25638 0 0 0 0 -1.25634
183 190 0 0 0 0 0 -0.186828 0 -0.186828
182 190 0 0 0 0 -0.719455 0 -0 -0.719455
181 190 0 0 0 0 -0 -0.00215272 0 -0.00215272
189 190 0.000475267 0 -1.21709 0 0 0 0 -1.21661
182 191 0 0 0 0 0 -0.0689763 0 -0.0689763
181 191 0 0 0 0 0 -0.0193329 -0 -0.0193329
190 191 0.000782393 0 -1.29725 0 0 0 0 -1.29646
187 192 0 0 0 0 0 -0.0774744 0 -0.0774744
191 192 0.00252001 0 0 0 0 0 0 0.00252001
186 193 0 0 0 0 0 -0.0341974 0 -0.0341974
192 193 0.000544739 0 -1.13376 0 0 0 0 -1.13321
187 194 0 0 0 0 -0 -0.162501 -0 -0.162501
186 194 0 0 0 0 -0.821089 0 -0 -0.821089
193 194 0.0894749 0 -1.2704 0 0 0 0 -1.18093
186 195 0 0 0 0 0 -0.104925 0 -0.104925
194 195 0.0151114 0 -1.06136 0 0 0 0 -1.04625
195 196 0.0346439 0 -1.33319 0 0 0 0 -1.29854
196 197 0.0164028 0 -1.07432 0 0 0 0 -1.05792
197 198 0.00856064 0 -1.07737 0 0 0 0 -1.06881
198 199 0.00651332 0 -1.18413 0 0 0 0 -1.17762
200 201 0.14627 0 -1.25349 0 0 0 0 -1.10722
201 202 0.00431143 0 -1.30238 0 0 0 0 -1.29807
202 203 0.0139069 0 -0.907491 0 0 0 0 -0.893584
203 204 0.00563536 0 0 0 0 0 0 0.00563536
204 205 0.00133148 0 -0.666842 0 0 0 0 -0.665511
205 206 0.0242608 0 -1.18353 0 0 0 0 -1.15927
206 207 0.030274 0 -1.23706 0 0 0 0 -1.20678
207 208 0.130285 0 -1.17867 0 0 0 0 -1.04839
208 209 0.00224387 0 -0.677715 0 0 0 0 -0.675471
209 210 0.0510683 0 -1.30282 0 0 0 0 -1.25176
210 211 0.0143197 0 -1.14794 0 0 0 0 -1.13362
211 212 0.0543513 0 -1.29879 0 0 0 0 -1.24444
212 213 0.0340607 0 -1.00732 0 0 0 0 -0.973256
213 214 0.0352471 0 -0 0 0 0 0 0.0352471
214 215 0.000605788 0 -1.28046 0 0 0 0 -1.27985
212 216 0 0 0 0 0 -0.177451 0 -0.177451
215 216 0.236453 0 -1.0213 0 0 0 0 -0.784846
211 217 0 0 0 0 -0 -0.12434 -0 -0.12434
213 217 0 0 0 0 0 -0.183773 0 -0.183773
212 217 0 0 0 0 -0.820735 0 -0 -0.820735
216 217 1.16544e-05 0 -1.39904 0 0 0 0 -1.39903
211 218 0 0 0 0 -0.765151 0 -0 -0.765151
210 218 0 0 0 0 0 -0.148279 0 -0.148279
212 218 0 0 0 0 -0 -0.155315 0 -0.155315
217 218 0.12028 0 -0.833343 0 0 0 0 -0.713064
211 219 0 0 0 0 0 -0.0595314 0 -0.0595314
210 219 0 0 0 0 0 -0.00230314 -0 -0.00230314
218 219 0.257421 0 -1.22656 0 0 0 0 -0.96914
220 221 0.103485 0 -1.1963 0 0 0 0 -1.09281
221 222 0.026892 0 -0.619413 0 0 0 0 -0.592521
222 223 0.000633428 0 -1.29463 0 0 0 0 -1.29399
223 224 0.0194478 0 -1.4027 0 0 0 0 -1.38325
224 225 0.0281149 0 -0.777684 0 0 0 0 -0.74957
225 226 0.00522973 0 -1.22472 0 0 0 0 -1.21949
226 227 0.0573462 0 -1.19745 0 0 0 0 -1.1401
227 228 0.0297598 0 -1.25654 0 0 0 0 -1.22678
228 229 0.0329714 0 -1.2701 0 0 0 0 -1.23713
229 230 4.17277e-05 0 -1.13248 0 0 0 0 -1.13243
230 231 0.00639424 0 -1.32799 0 0 0 0 -1.32159
231 232 0.0312403 0 -1.28769 0 0 0 0 -1.25645
232 233 0.00979571 0 -1.35302 0 0 0 0 -1.34322
233 234 0.0115258 0 -0.670055 0 0 0 0 -0.658529
234 235 0.0504773 0 -1.05429 0 0 0 0 -1.00381
235 236 0.0120982 0 -1.20475 0 0 0 0 -1.19265
236 237 0.000676621 0 -1.29122 0 0 0 0 -1.29054
237 238 0.109456 0 -1.08217 0 0 0 0 -0.972712
238 239 0.000194845 0 -1.35165 0 0 0 0 -1.35145
240 241 0.0422215 0 -0.841864 0 0 0 0 -0.799642
241 242 0.0229493 0 -1.38884 0 0 0 0 -1.36589
242 243 0.00849139 0 -1.36908 0 0 0 0 -1.36059
243 244 0.0685735 0 -1.27139 0 0 0 0 -1.20281
244 245 0.00025635 0 -0.350836 0 0 0 0 -0.35058
245 246 0.0117562 0 -1.25418 0 0 0 0 -1.24243
246 247 0.0768868 0 -1.27703 0 0 0 0 -1.20014
247 248 0.26227 0 -1.33848 0 0 0 0 -1.07621
248 249 0.0990828 0 -1.16392 0 0 0 0 -1.06483
249 250 0.0591196 0 -0.955802 0 0 0 0 -0.896682
250 251 0.0149338 0 -1.29057 0 0 0 0 -1.27563
251 252 0.0069953 0 -1.33111 0 0 0 0 -1.32411
252 253 0.00348184 0 0 0 0 0 0 0.00348184
253 254 0.279584 0 -1.41245 0 0 0 0 -1.13286
254 255 0.0136079 0 -1.11951 0 0 0 0 -1.1059
255 256 0.0104783 0 -0.849341 0 0 0 0 -0.838863
256 257 0.00152066 0 -1.20959 0 0 0 0 -1.20807
257 258 0.237166 0 -1.07498 0 0 0 0 -0.837812
258 259 0.000150138 0 0 0 0 0 0 0.000150138
260 261 0.0918464 0 -1.12943 0 0 0 0 -1.03758
261 262 0.00125191 0 -0.979461 0 0 0 0 -0.978209
262 263 0.00411144 0 -0.788349 0 0 0 0 -0.784238
263 264 0.170814 0 -1.2698 0 0 0 0 -1.09899
264 265 0.00275662 0 -1.17864 0 0 0 0 -1.17588
265 266 0.00312874 0 -1.37162 0 0 0 0 -1.36849
266 267 0.0341614 0 -1.33735 0 0 0 0 -1.30319
267 268 0.0107343 0 -1.33256 0 0 0 0 -1.32183
268 269 0.0435891 0 -1.24466 0 0 0 0 -1.20107
269 270 0.0177107 0 -1.04638 0 0 0 0 -1.02867
270 271 0.0334773 0 -1.27597 0 0 0 0 -1.24249
271 272 0.00365376 0 -1.34612 0 0 0 0 -1.34247
272 273 0.0197578 0 0 0 0 0 0 0.0197578
273 274 0.0219886 0 -1.34328 0 0 0 0 -1.32129
274 275 0.0102054 0 -1.08854 0 0 0 0 -1.07834
275 276 0.00401208 0 -0.652099 0 0 0 0 -0.648087
276 277 0.00373349 0 -1.29764 0 0 0 0 -1.2939
277 278 0.000244551 0 -0.969278 0 0 0 0 -0.969034
278 279 0.00994516 0 -1.01265 0 0 0 0 -1.0027
280 281 0.545567 0 -1.07874 0 0 0 0 -0.533176
281 282 0.0264501 0 -1.0977 0 0 0 0 -1.07125
282 283 0.0344437 0 -1.07466 0 0 0 0 -1.04021
283 284 9.413e-05 0 -1.181 0 0 0 0 -1.18091
284 285 0.0536013 0 -1.12974 0 0 0 0 -1.07614
285 286 0.0768764 0 -1.28557 0 0 0 0 -1.20869
286 287 0.0356422 0 -1.23652 0 0 0 0 -1.20088
287 288 0.0172507 0 -1.13211 0 0 0 0 -1.11486
288 289 0.0119248 0 0 0 0 0 0 0.0119248
289 290 0.141021 0 -1.02501 0 0 0 0 -0.88399
290 291 0.0566884 0 0 0 0 0 0 0.0566884
291 292 0.00987764 0 -0.674143 0 0 0 0 -0.664265
292 293 0.0449295 0 -1.01107 0 0 0 0 -0.966136
293 294 0.0020162 0 -1.15513 0 0 0 0 -1.15311
294 295 0.1021 0 -1.21275 0 0 0 0 -1.11065
295 296 0.129617 0 0 0 0 0 0 0.129617
296 297 0.0336059 0 -0.5459 0 0 0 0 -0.512295
297 298 0.0210797 0 -0.758093 0 0 0 0 -0.737014
298 299 0.00137403 0 -0.948004 0 0 0 0 -0.94663
300 301 0.000711207 0 -1.26777 0 0 0 0 -1.26706
301 302 0.0117865 0 -1.18105 0 0 0 0 -1.16927
302 303 0.0749383 0 -1.08089 0 0 0 0 -1.00596
303 304 0.0139046 0 0 0 0 0 0 0.0139046
304 305 0.00188606 0 -1.35721 0 0 0 0 -1.35532
303 306 0 0 0 0 0 0 -0.820164 -0.820164
305 306 1.16933e-05 0 0 0 0 0 0 1.16933e-05
306 307 0.00977544 0 -1.30747 0 0 0 0 -1.29769
307 308 0.131345 0 -1.23004 0 0 0 0 -1.0987
308 309 0.0879388 0 -1.18282 0 0 0 0 -1.09488
309 310 0.0360351 0 -0 0 0 0 0 0.0360351
310 311 0.000297475 0 -1.17971 0 0 0 0 -1.17941
309 312 0 0 0 0 0 -0.000473508 -0 -0.000473508
308 312 0 0 0 0 0 -0.0501236 0 -0.0501236
311 312 0.0840384 0 -0.901892 0 0 0 0 -0.817853
309 313 0 0 0 0 0 -0.142949 0 -0.142949
308 313 0 0 0 0 -0.534286 0 -0 -0.534286
307 313 0 0 0 0 0 -0.1472 -0 -0.1472
312 313 0.0371947 0 -1.04327 0 0 0 0 -1.00607
308 314 0 0 0 0 0 -0.162092 0 -0.162092
307 314 0 0 0 0 -0.57615 0 -0 -0.57615
306 314 0 0 0 0 -7.01515e-30 -0.107084 0 -0.107084
313 314 0.000372215 0 -1.24838 0 0 0 0 -1.24801
307 315 0 0 0 0 -0 -0.148971 -0 -0.148971
306 315 0 0 0 0 -0.720363 0 -0 -0.720363
303 315 0 0 0 0 0 -0.120185 -0 -0.120185
314 315 0.101366 0 -1.23209 0 0 0 0 -1.13072
302 316 0 0 0 0 0 -0.202253 0 -0.202253
306 316 0 0 0 0 0 -0.150529 0 -0.150529
303 316 0 0 0 0 -0.76401 0 -0 -0.76401
315 316 0.00245871 0 -1.12519 0 0 0 0 -1.12274
302 317 0 0 0 0 -0.7525 0 -0 -0.7525
301 317 0 0 0 0 -0 -0.149978 0 -0.149978
303 317 0 0 0 0 0 -0.159204 0 -0.159204
316 317 0.0046255 0 -1.29859 0 0 0 0 -1.29397
302 318 0 0 0 0 -0 -0.188018 0 -0.188018
301 318 0 0 0 0 -0.864235 0 -0 -0.864235
300 318 0 0 0 0 0 -0.199228 0 -0.199228
317 318 0.549186 0 -0.569033 0 0 0 0 -0.0198477
301 319 0 0 0 0 0 -0.148264 -0 -0.148264
300 319 0 0 0 0 -0.700211 0 -0 -0.700211
318 319 0.000345861 0 -0.997839 0 0 0 0 -0.997493
320 321 0.0665064 0 -1.02447 0 0 0 0 -0.957964
321 322 0.00495323 0 -1.40982 0 0 0 0 -1.40487
322 323 0.000880756 0 -0.981533 0 0 0 0 -0.980652
323 324 0.000108108 0 -1.30548 0 0 0 0 -1.30537
324 325 0.029022 0 -1.33345 0 0 0 0 -1.30443
325 326 0.0980171 0 -1.42318 0 0 0 0 -1.32517
326 327 0.0332811 0 -1.32092 0 0 0 0 -1.28764
327 328 0.0543683 0 -1.23339 0 0 0 0 -1.17902
328 329 0.00766008 0 -0.946689 0 0 0 0 -0.939029
329 330 0.00342106 0 -0.79167 0 0 0 0 -0.788249
330 331 0.0484413 0 -1.33108 0 0 0 0 -1.28264
331 332 0.052092 0 -1.40398 0 0 0 0 -1.35189
332 333 0.0633693 0 -1.23551 0 0 0 0 -1.17214
333 334 0.00198308 0 -1.30688 0 0 0 0 -1.3049
334 335 0.173305 0 -1.271 0 0 0 0 -1.0977
332 336 0 0 0 0 0 -0.0421099 -0 -0.0421099
335 336 0.00221669 0 -0 0 0 0 0 0.00221669
331 337 0 0 0 0 -0 -0.161622 0 -0.161622
336 337 0.00319525 0 -1.08884 0 0 0 0 -1.08564
332 338 0 0 0 0 -0 -0.164989 -0 -0.164989
331 338 0 0 0 0 -0.691035 0 -0 -0.691035
330 338 0 0 0 0 0 -0.0741231 0 -0.0741231
337 338 0.0966691 0 -1.26958 0 0 0 0 -1.17291
331 339 0 0 0 0 0 -0.146195 -0 -0.146195
330 339 0 0 0 0 0 -0.00500067 -0 -0.00500067
329 339 0 0 0 0 0 -0.0543115 0 -0.0543115
338 339 0.000902562 0 -1.41287 0 0 0 0 -1.41196
340 341 0.0486584 0 -0.990899 0 0 0 0 -0.942241
341 342 0.0417411 0 -0.937786 0 0 0 0 -0.896045
342 343 9.02777e-05 0 -1.31864 0 0 0 0 -1.31855
343 344 0.0671275 0 -1.28837 0 0 0 0 -1.22124
344 345 0.00632358 0 -1.29191 0 0 0 0 -1.28559
345 346 0.0234004 0 -1.31421 0 0 0 0 -1.29081
346 347 0.00484238 0 0 0 0 0 0 0.00484238
347 348 0.00541723 0 -0 0 0 0 0 0.00541723
348 349 0.133467 0 -1.39498 0 0 0 0 -1.26152
349 350 0.0871238 0 -1.35452 0 0 0 0 -1.2674
350 351 0.0241888 0 -1.18989 0 0 0 0 -1.1657
351 352 0.0205634 0 -1.36096 0 0 0 0 -1.3404
352 353 0.110317 0 0 0 0 0 0 0.110317
353 354 0.0219154 0 -1.1883 0 0 0 0 -1.16639
354 355 0.0183511 0 -1.07195 0 0 0 0 -1.0536
355 356 0.0151213 0 -1.18442 0 0 0 0 -1.1693
356 357 0.0693087 0 -1.18581 0 0 0 0 -1.1165
357 358 0.0404548 0 -1.24506 0 0 0 0 -1.2046
358 359 0.00151901 0 -1.28172 0 0 0 0 -1.2802
360 361 0.00265412 0 -1.32497 0 0 0 0 -1.32232
361 362 0.202058 0 0 0 0 0 0 0.202058
361 363 0 0 0 0 0 0 -0.719426 -0.719426
362 363 0.011455 0 0 0 0 0 0 0.011455
363 364 0.319752 0 -1.33292 0 0 0 0 -1.01317
364 365 0.00792637 0 0 0 0 0 0 0.00792637
362 366 0 0 0 0.0196685 0 0 0 0.0196685
365 366 0.0405992 0 -1.19213 0 0 0 0 -1.15153
364 367 0 0 0 0 0 -0.107405 -0 -0.107405
366 367 0.0534859 0 -0.880621 0 0 0 0 -0.827135
363 368 0 0 0 0 0 -0.101165 -0 -0.101165
364 368 0 0 0 0 -0.603074 0 -0 -0.603074
366 368 0 0 0 0 0 -9.60894e-07 0 -9.60894e-07
367 368 0.034947 0 -1.1011 0 0 0 0 -1.06615
363 369 0 0 0 0 -0.683504 0 -0 -0.683504
361 369 0 0 0 0 0 -0.171043 0 -0.171043
364 369 0 0 0 0 0 -0.193292 0 -0.193292
368 369 0.0420269 0 -0.898294 0 0 0 0 -0.856267
363 370 0 0 0 0 0 -0.107357 0 -0.107357
361 370 0 0 0 0 -0.646057 0 -0 -0.646057
360 370 0 0 0 0 0 -0.159008 0 -0.159008
369 370 0.00354756 0 -1.02366 0 0 0 0 -1.02011
361 371 0 0 0 0 0 -0.0873932 0 -0.0873932
360 371 0 0 0 0 0 -0.00269429 -0 -0.00269429
370 371 0.00508933 0 -1.28725 0 0 0 0 -1.28216
360 372 0 0 0 0 0 -2.02284e-05 -0 -2.02284e-05
371 372 0.0334639 0 -1.36018 0 0 0 0 -1.32671
372 373 1.69492e-05 0 -1.2684 0 0 0 0 -1.26838
373 374 0.0415668 0 -1.3006 0 0 0 0 -1.25903
374 375 0.00401529 0 -1.13803 0 0 0 0 -1.13401
375 376 0.0451638 0 0 0 0 0 0 0.0451638
373 377 0 0 0 0 0 -0.0049808 -0 -0.0049808
372 377 0 0 0 0 -7.91667e-29 -0.153818 0 -0.153818
376 377 0.00224169 0 0 0 0 0 0 0.00224169
371 378 0 0 0 0 -0 -0.176702 0 -0.176702
373 378 0 0 0 0 0 -0.149567 0 -0.149567
372 378 0 0 0 0 -0.836329 0 -0 -0.836329
377 378 0.000550385 0 -1.16235 0 0 0 0 -1.1618
370 379 0 0 0 0 0 -0.00504332 0 -0.00504332
372 379 0 0 0 0 0 -0.200757 0 -0.200757
378 379 0.0486361 0 -1.20228 0 0 0 0 -1.15364
380 381 0.0478207 0 -1.29164 0 0 0 0 -1.24382
381 382 0.245578 0 -1.05736 0 0 0 0 -0.811781
382 383 0.073155 0 -1.37414 0 0 0 0 -1.30099
383 384 0.0358919 0 -1.11379 0 0 0 0 -1.0779
384 385 0.00279739 0 -1.21283 0 0 0 0 -1.21003
385 386 0.000526399 0 -1.37795 0 0 0 0 -1.37743
386 387 0.00227031 0 -1.26469 0 0 0 0 -1.26242
387 388 0.0169911 0 -1.13123 0 0 0 0 -1.11424
388 389 0.00451272 0 0 0 0 0 0 0.00451272
389 390 0.00172363 0 -1.1353 0 0 0 0 -1.13357
390 391 0.000160954 0 -1.24675 0 0 0 0 -1.24658
391 392 0.0254901 0 -1.33712 0 0 0 0 -1.31163
392 393 0.00873046 0 -1.27798 0 0 0 0 -1.26925
393 394 0.0259249 0 -0.00786935 0 0 0 0 0.0180556
394 395 0.0151638 0 -1.37438 0 0 0 0 -1.35921
395 396 0.00173002 0 -1.41456 0 0 0 0 -1.41283
396 397 2.37393e-05 0 -1.08517 0 0 0 0 -1.08515
397 398 0.0220596 0 -1.0983 0 0 0 0 -1.07624
398 399 0.00965296 0 -1.12943 0 0 0 0 -1.11978
#Total energy per particle is  -1.04169 and should be -1.0416910
