#id1 id2 FENE BEXC STCK NEXC HB CRSTCK CXSTCK total, t = 800000
0 1 0.0277894 0 -1.16485 0 0 0 0 -1.13706
1 2 0.0282979 0 -0.932548 0 0 0 0 -0.90425
2 3 0.0391724 0 0 0 0 0 0 0.0391724
2 4 0 0 0 0 0 0 -0.680788 -0.680788
3 4 0.179972 0 0 0 0 0 0 0.179972
4 5 0.204808 0 -1.00741 0 0 0 0 -0.802603
5 6 0.0305281 0 -1.12502 0 0 0 0 -1.09449
6 7 0.0348278 0 -0 0 0 0 0 0.0348278
7 8 0.010699 0 -1.20099 0 0 0 0 -1.19029
6 9 0 0 0 0 0 -0.0125947 -0 -0.0125947
5 9 0 0 0 0 -0 -0.0537977 0 -0.0537977
8 9 0.0156284 0 -1.31571 0 0 0 0 -1.30008
4 10 0 0 0 0 0 -0.1671 0 -0.1671
6 10 0 0 0 0 0 -0.0159121 0 -0.0159121
5 10 0 0 0 0 -0.713431 0 -0 -0.713431
9 10 0.0300389 0 -1.13582 0 0 0 0 -1.10578
4 11 0 0 0 0 -0.63614 0 -0 -0.63614
2 11 0 0 0 0 0 -0.173381 0 -0.173381
5 11 0 0 0 0 0 -0.116412 0 -0.116412
10 11 0.00234668 0 -0.903875 0 0 0 0 -0.901528
4 12 0 0 0 0 0 -0.111978 -0 -0.111978
2 12 0 0 0 0 -0.739062 0 -0 -0.739062
1 12 0 0 0 0 -1.68988e-30 -0.184204 0 -0.184204
11 12 0.0135686 0 -1.2775 0 0 0 0 -1.26393
2 13 0 0 0 0 -0 -0.104311 0 -0.104311
1 13 0 0 0 0 -0.896977 0 -0 -0.896977
0 13 0 0 0 0 0 -0.202019 0 -0.202019
12 13 0.0809785 0 -1.03887 0 0 0 0 -0.957896
1 14 0 0 0 0 0 -0.181877 0 -0.181877
0 14 0 0 0 0 -0.746747 0 -0 -0.746747
13 14 0.0294684 0 -1.21747 0 0 0 0 -1.18801
0 15 0 0 0 0 0 -0.0521777 0 -0.0521777
14 15 0.0536682 0 -1.14148 0 0 0 0 -1.08781
15 16 0.044546 0 0 0 0 0 0 0.044546
16 17 0.0313696 0 -1.19099 0 0 0 0 -1.15962
17 18 1.97525e-06 0 -1.23787 0 0 0 0 -1.23787
18 19 0.00486585 0 -1.14107 0 0 0 0 -1.1362
20 21 0.13346 0 -1.23342 0 0 0 0 -1.09996
21 22 0.1076 0 -0 0 0 0 0 0.1076
22 23 0.126726 0 -1.15245 0 0 0 0 -1.02572
23 24 0.078824 0 -1.20372 0 0 0 0 -1.1249
24 25 0.0150254 0 -1.21544 0 0 0 0 -1.20042
25 26 0.0642479 0 -1.22722 0 0 0 0 -1.16297
26 27 0.016775 0 -1.28401 0 0 0 0 -1.26724
27 28 0.000139542 0 -1.18399 0 0 0 0 -1.18385
28 29 0.177608 0 -1.28784 0 0 0 0 -1.11023
29 30 0.0155534 0 -0.638643 0 0 0 0 -0.623089
27 31 0 0 0 0 0 -0.157403 0 -0.157403
29 31 0 0 0 0 -0 -0.0101046 -0 -0.0101046
30 31 0.0807177 0 -0 0 0 0 0 0.0807177
28 32 0 0 0 0 0 -0.204693 0 -0.204693
27 32 0 0 0 0 -0.729263 0 -0 -0.729263
26 32 0 0 0 0 -5.00407e-28 -0.151649 0 -0.151649
31 32 0.140632 0 -1.37126 0 0 0 0 -1.23062
27 33 0 0 0 0 -0 -0.172154 0 -0.172154
26 33 0 0 0 0 -0.735777 -1.58423e-21 -0 -0.735777
25 33 0 0 0 0 0 -0.152969 0 -0.152969
32 33 0.00253352 0 -1.05893 0 0 0 0 -1.05639
26 34 0 0 0 0 0 -0.0768503 0 -0.0768503
25 34 0 0 0 0 -0.758516 0 -0 -0.758516
24 34 0 0 0 0 0 -0.152464 0 -0.152464
33 34 0.0180128 0 -1.15458 0 0 0 0 -1.13656
25 35 0 0 0 0 0 -0.147189 -0 -0.147189
24 35 0 0 0 0 -0.578823 0 -0 -0.578823
23 35 0 0 0 0 0 -0.0199482 0 -0.0199482
34 35 0.0015396 0 -1.05163 0 0 0 0 -1.05009
24 36 0 0 0 0 0 -0.0857508 0 -0.0857508
23 36 0 0 0 0 0 -0.0118756 0 -0.0118756
22 36 0 0 0 0 0 -0.00219185 0 -0.00219185
35 36 1.53247e-05 0 -0.924784 0 0 0 0 -0.924769
23 37 0 0 0 0 0 -0.0144582 0 -0.0144582
36 37 0.0147587 0 -0.946989 0 0 0 0 -0.93223
21 38 0 0 0 0 0 -0.000147699 -0 -0.000147699
20 38 0 0 0 0 0 -0.145544 0 -0.145544
37 38 0.0163427 0 -1.29166 0 0 0 0 -1.27531
21 39 0 0 0 0 0 -0.16137 0 -0.16137
20 39 0 0 0 0 -0.463729 -1.44459e-16 -0 -0.463729
38 39 0.026163 0 -1.37391 0 0 0 0 -1.34774
40 41 0.0675715 0 -1.05959 0 0 0 0 -0.992017
41 42 0.0172836 0 -1.18969 0 0 0 0 -1.17241
42 43 0.0123179 0 -1.1283 0 0 0 0 -1.11598
43 44 0.0366229 0 -1.29643 0 0 0 0 -1.25981
44 45 0.145905 0 -1.26755 0 0 0 0 -1.12165
45 46 0.00551741 0 -1.30667 0 0 0 0 -1.30115
46 47 0.0633815 0 -1.32429 0 0 0 0 -1.26091
47 48 0.0673667 0 0 0 0 0 0 0.0673667
48 49 0.0414724 0 -1.03769 0 0 0 0 -0.996217
49 50 0.00514561 0 -1.29612 0 0 0 0 -1.29097
43 51 0 0 0 0 0 -0.00161481 -0 -0.00161481
42 51 0 0 0 0 0 -0.158733 0 -0.158733
44 51 0 0 0 0 -0 -0.0458815 0 -0.0458815
50 51 0.164871 0 0 0 0 0 0 0.164871
43 52 0 0 0 0 0 -0.173175 0 -0.173175
42 52 0 0 0 0 -0.733176 0 -0 -0.733176
41 52 0 0 0 0 -2.31882e-29 -0.154065 0 -0.154065
51 52 0.00340734 0 -1.24644 0 0 0 0 -1.24303
42 53 0 0 0 0 -0 -0.0743805 -0 -0.0743805
41 53 0 0 0 0 -0.503453 0 -0 -0.503453
40 53 0 0 0 0 0 -0.129597 0 -0.129597
52 53 0.012993 0 -1.15584 0 0 0 0 -1.14285
41 54 0 0 0 0 0 -0.149036 -0 -0.149036
40 54 0 0 0 0 -0.605873 0 -0 -0.605873
53 54 0.253432 0 -1.08888 0 0 0 0 -0.835445
40 55 0 0 0 0 0 -0.150984 0 -0.150984
54 55 0.055273 0 -0.8445 0 0 0 0 -0.789227
55 56 0.00859857 0 -1.18093 0 0 0 0 -1.17233
56 57 0.00871906 0 -0.874049 0 0 0 0 -0.86533
57 58 0.0825379 0 -1.09805 0 0 0 0 -1.01551
58 59 0.0764455 0 0 0 0 0 0 0.0764455
60 61 0.0337801 0 -0.91763 0 0 0 0 -0.88385
61 62 0.0279262 0 -1.14033 0 0 0 0 -1.1124
62 63 0.0178056 0 -0.938682 0 0 0 0 -0.920876
63 64 0.0316561 0 -1.23009 0 0 0 0 -1.19843
64 65 0.0172691 0 -1.35236 0 0 0 0 -1.33509
65 66 0.0946941 0 -0.863226 0 0 0 0 -0.768532
66 67 0.0453736 0 -1.21726 0 0 0 0 -1.17189
67 68 0.010111 0 0 0 0 0 0 0.010111
68 69 0.0935749 0 0 0 0 0 0 0.0935749
69 70 0.242918 0 -1.40059 0 0 0 0 -1.15767
67 71 0 0 0 0 0 -0.047871 0 -0.047871
70 71 0.0500773 0 -1.03596 0 0 0 0 -0.985884
67 72 0 0 0 0 -0.868992 0 -0 -0.868992
66 72 0 0 0 0 -1.70248e-29 -0.180853 0 -0.180853
71 72 0.0143293 0 -1.15768 0 0 0 0 -1.14336
67 73 0 0 0 0 -0 -0.124813 0 -0.124813
66 73 0 0 0 0 -0.837083 0 -0 -0.837083
65 73 0 0 0 0 0 -0.20707 0 -0.20707
72 73 5.3222e-06 0 -0.998887 0 0 0 0 -0.998881
66 74 0 0 0 0 0 -0.137327 0 -0.137327
65 74 0 0 0 0 -0.838518 0 -0 -0.838518
64 74 0 0 0 0 0 -0.141934 0 -0.141934
73 74 0.0303667 0 -1.21926 0 0 0 0 -1.18889
63 75 0 0 0 0 0 -0.129593 0 -0.129593
65 75 0 0 0 0 0 -0.144941 0 -0.144941
64 75 0 0 0 0 -0.270665 0 -0 -0.270665
74 75 0.0198629 0 -1.25089 0 0 0 0 -1.23103
63 76 0 0 0 0 0 -0.000573945 -0 -0.000573945
62 76 0 0 0 0 0 -0.00694536 0 -0.00694536
64 76 0 0 0 0 0 -0.0378919 0 -0.0378919
75 76 0.00220883 0 -1.08668 0 0 0 0 -1.08447
63 77 0 0 0 0 0 -0.139652 0 -0.139652
62 77 0 0 0 0 0 -0.0138448 -0 -0.0138448
76 77 0.0850154 0 -0.791187 0 0 0 0 -0.706172
62 78 0 0 0 0 0 -0.000524657 0 -0.000524657
77 78 0.0421222 0 -1.14714 0 0 0 0 -1.10502
78 79 0.0010238 0 -0.983236 0 0 0 0 -0.982212
80 81 0.183743 0 -1.08626 0 0 0 0 -0.90252
81 82 0.00733966 0 -1.40401 0 0 0 0 -1.39667
82 83 0.010699 0 -1.00375 0 0 0 0 -0.993048
83 84 0.0279417 0 -1.3482 0 0 0 0 -1.32026
84 85 0.0813992 0 -0.995372 0 0 0 0 -0.913973
85 86 0.0630302 0 -1.40002 0 0 0 0 -1.33699
86 87 0.000596395 0 -1.06368 0 0 0 0 -1.06308
87 88 0.00362732 0 -1.05066 0 0 0 0 -1.04704
88 89 0.00519066 0 -0 0 0 0 0 0.00519066
89 90 0.150528 0 -1.22782 0 0 0 0 -1.07729
87 91 0 0 0 0 0 -0.0789786 -0 -0.0789786
90 91 0.187692 0 -1.40021 0 0 0 0 -1.21252
88 92 0 0 0 0 0 -0.158047 -0 -0.158047
87 92 0 0 0 0 -0.72398 0 -0 -0.72398
86 92 0 0 0 0 -0 -0.145069 -0 -0.145069
91 92 0.000418784 0 -1.08031 0 0 0 0 -1.07989
87 93 0 0 0 0 -0 -0.185365 0 -0.185365
86 93 0 0 0 0 -0.843712 0 -0 -0.843712
85 93 0 0 0 0 0 -0.174618 0 -0.174618
92 93 0.0107956 0 -1.27865 0 0 0 0 -1.26785
86 94 0 0 0 0 0 -0.149835 -0 -0.149835
85 94 0 0 0 0 -0.676288 0 -0 -0.676288
84 94 0 0 0 0 0 -0.114031 0 -0.114031
93 94 0.0300814 0 -1.08388 0 0 0 0 -1.0538
85 95 0 0 0 0 0 -0.11009 0 -0.11009
84 95 0 0 0 0 -0.7061 0 -0 -0.7061
83 95 0 0 0 0 0 -0.0359462 0 -0.0359462
94 95 0.082474 0 -1.31001 0 0 0 0 -1.22753
95 96 0.00035276 0 0 0 0 0 0 0.00035276
96 97 0.173436 0 -1.26784 0 0 0 0 -1.09441
97 98 0.0896249 0 0 0 0 0 0 0.0896249
98 99 0.00442959 0 -0.930078 0 0 0 0 -0.925649
100 101 0.0175666 0 -1.36006 0 0 0 0 -1.34249
101 102 0.00503575 0 -0.844298 0 0 0 0 -0.839262
102 103 0.000224507 0 -0.858412 0 0 0 0 -0.858187
103 104 0.0053748 0 -1.13307 0 0 0 0 -1.12769
104 105 5.19577e-06 0 -1.31458 0 0 0 0 -1.31458
105 106 0.0157479 0 -1.05069 0 0 0 0 -1.03495
106 107 0.000816346 0 -1.25876 0 0 0 0 -1.25795
107 108 0.254631 0 -1.19079 0 0 0 0 -0.936154
108 109 0.000801775 0 -1.31409 0 0 0 0 -1.31329
109 110 0.0968368 0 -1.22852 0 0 0 0 -1.13168
110 111 0.342763 0 -1.26467 0 0 0 0 -0.921906
111 112 0.0167297 0 -0 0 0 0 0 0.0167297
112 113 0.109572 0 0 0 0 0 0 0.109572
113 114 0.0238432 0 -1.25301 0 0 0 0 -1.22917
111 115 0 0 0 0 0 -0.0102559 -0 -0.0102559
114 115 0.0060929 0 -1.21162 0 0 0 0 -1.20553
111 116 0 0 0 0 0 -0.10385 -0 -0.10385
110 116 0 0 0 0 -0.557637 0 -0 -0.557637
109 116 0 0 0 0 0 -0.125331 0 -0.125331
115 116 0.00267621 0 -0.673449 0 0 0 0 -0.670773
110 117 0 0 0 0 -0 -0.209295 0 -0.209295
109 117 0 0 0 0 0 -1.68148e-07 -0 -1.68148e-07
108 117 0 0 0 0 0 -0.012057 0 -0.012057
116 117 2.11853e-05 0 -1.3815 0 0 0 0 -1.38148
109 118 0 0 0 0 -0 -0.100676 0 -0.100676
108 118 0 0 0 0 0 -0.0210226 0 -0.0210226
117 118 0.0539244 0 -1.19296 0 0 0 0 -1.13903
108 119 0 0 0 0 -0 -0.0940866 0 -0.0940866
107 119 0 0 0 0 0 -0.00449829 -0 -0.00449829
118 119 0.0184628 0 -1.09108 0 0 0 0 -1.07262
120 121 0.0014608 0 -0.972486 0 0 0 0 -0.971025
121 122 6.10687e-05 0 -1.30853 0 0 0 0 -1.30847
122 123 0.0237655 0 -1.09934 0 0 0 0 -1.07557
123 124 0.00464829 0 -1.1827 0 0 0 0 -1.17805
124 125 0.00128419 0 -0.31734 0 0 0 0 -0.316056
125 126 0.00655122 0 0 0 0 0 0 0.00655122
126 127 0.13824 0 0 0 0 0 0 0.13824
127 128 3.97428e-07 0 -1.26044 0 0 0 0 -1.26044
128 129 0.00556767 0 -1.31543 0 0 0 0 -1.30986
129 130 8.8195e-06 0 -1.09606 0 0 0 0 -1.09606
130 131 0.0240607 0 -1.13979 0 0 0 0 -1.11573
131 132 0.00805993 0 -1.10539 0 0 0 0 -1.09733
132 133 0.00290064 0 -0.93581 0 0 0 0 -0.93291
133 134 0.113918 0 -1.22802 0 0 0 0 -1.1141
134 135 0.00397409 0 -1.02209 0 0 0 0 -1.01812
135 136 0.0133841 0 -1.24045 0 0 0 0 -1.22706
136 137 0.157296 0 -1.21798 0 0 0 0 -1.06068
137 138 0.0645263 0 -1.00867 0 0 0 0 -0.944147
138 139 0.000502484 0 -1.23372 0 0 0 0 -1.23322
140 141 0.117208 0 -1.21777 0 0 0 0 -1.10057
141 142 0.00135764 0 -1.33518 0 0 0 0 -1.33383
142 143 0.0337987 0 -1.24933 0 0 0 0 -1.21553
143 144 0.113441 0 -1.24296 0 0 0 0 -1.12952
144 145 0.125515 0 0 0 0 0 0 0.125515
145 146 0.000877366 0 -1.16249 0 0 0 0 -1.16162
144 147 0 0 0 0 0 -0.140801 0 -0.140801
146 147 0.0931876 0 -1.18585 0 0 0 0 -1.09266
144 148 0 0 0 0 -0.455867 0 -0 -0.455867
143 148 0 0 0 0 0 -0.170583 0 -0.170583
147 148 0.0175064 0 -1.31301 0 0 0 0 -1.2955
144 149 0 0 0 0 0 -0.155023 0 -0.155023
143 149 0 0 0 0 -0.811816 0 -0 -0.811816
142 149 0 0 0 0 0 -0.140787 -0 -0.140787
148 149 0.0638011 0 -1.06626 0 0 0 0 -1.00246
143 150 0 0 0 0 0 -0.105138 0 -0.105138
142 150 0 0 0 0 -0.7383 0 -0 -0.7383
141 150 0 0 0 0 -0 -0.0105123 0 -0.0105123
149 150 0.0861175 0 -1.27847 0 0 0 0 -1.19235
142 151 0 0 0 0 0 -0.0609961 0 -0.0609961
141 151 0 0 0 0 0 -1.9266e-13 0 -1.9266e-13
150 151 0.000360314 0 -0.77796 0 0 0 0 -0.7776
140 152 0 0 0 0 0 -0.0145325 0 -0.0145325
141 152 0 0 0 0 0 -0.0382386 0 -0.0382386
151 152 0.0175724 0 -1.26419 0 0 0 0 -1.24662
152 153 0.0395156 0 -1.29181 0 0 0 0 -1.25229
153 154 0.0305496 0 -1.34113 0 0 0 0 -1.31058
154 155 0.00495022 0 -0.95423 0 0 0 0 -0.94928
155 156 0.0221595 0 -1.35095 0 0 0 0 -1.32879
156 157 0.00609534 0 -1.36796 0 0 0 0 -1.36187
157 158 0.03533 0 -1.15374 0 0 0 0 -1.11841
158 159 0.000116486 0 -0.825036 0 0 0 0 -0.82492
160 161 0.0782654 0 -1.15022 0 0 0 0 -1.07195
161 162 0.26981 0 -1.12849 0 0 0 0 -0.858683
162 163 0.000519724 0 -0.776245 0 0 0 0 -0.775726
163 164 0.111503 0 -1.23365 0 0 0 0 -1.12215
164 165 8.15337e-06 0 -1.30881 0 0 0 0 -1.3088
165 166 0.00277909 0 -1.25041 0 0 0 0 -1.24763
166 167 0.0205551 0 -1.2973 0 0 0 0 -1.27675
165 168 0 0 0 0 0 -0.10999 -0 -0.10999
164 168 0 0 0 0 -0.164289 0 -0 -0.164289
163 168 0 0 0 0 0 -0.0924356 0 -0.0924356
167 168 0.0225043 0 0 0 0 0 0 0.0225043
164 169 0 0 0 0 0 -0.173128 0 -0.173128
163 169 0 0 0 0 -0.613841 -1.10795e-16 -0 -0.613841
162 169 0 0 0 0 0 -0.133291 0 -0.133291
168 169 0.00195693 0 -1.22292 0 0 0 0 -1.22097
163 170 0 0 0 0 0 -0.153602 0 -0.153602
162 170 0 0 0 0 -0.540434 0 -0 -0.540434
161 170 0 0 0 0 -3.03473e-17 -0.115973 0 -0.115973
169 170 0.01756 0 -0.916946 0 0 0 0 -0.899386
162 171 0 0 0 0 0 -0.132744 0 -0.132744
161 171 0 0 0 0 0 -0.00347648 -0 -0.00347648
160 171 0 0 0 0 0 -0.00380827 0 -0.00380827
170 171 0.0443006 0 -1.24866 0 0 0 0 -1.20436
171 172 0.00499224 0 0 0 0 0 0 0.00499224
172 173 0.0230796 0 -1.27599 0 0 0 0 -1.25291
173 174 0.0692902 0 -1.2256 0 0 0 0 -1.15631
174 175 0.00114199 0 -1.02063 0 0 0 0 -1.01949
175 176 0.0106568 0 -0.965714 0 0 0 0 -0.955057
176 177 0.0216876 0 -1.27012 0 0 0 0 -1.24843
177 178 0.00624644 0 -0.867603 0 0 0 0 -0.861357
178 179 0.0341848 0 -1.28261 0 0 0 0 -1.24843
180 181 0.0266344 0 -1.1642 0 0 0 0 -1.13757
181 182 0.147048 0 -1.12386 0 0 0 0 -0.976815
182 183 0.00173149 0 -1.09867 0 0 0 0 -1.09694
183 184 0.00145494 0 -0.686298 0 0 0 0 -0.684843
184 185 0.00192569 0 -1.09261 0 0 0 0 -1.09069
185 186 0.000197678 0 -1.01672 0 0 0 0 -1.01652
186 187 0.0610685 0 -1.20477 0 0 0 0 -1.1437
187 188 0.108503 0 -1.27541 0 0 0 0 -1.16691
188 189 0.00849029 0 -1.11272 0 0 0 0 -1.10423
189 190 0.28011 0 -1.27927 0 0 0 0 -0.999162
115 191 0 0 0 0 0 -0.0121614 0 -0.0121614
114 191 0 0 0 0 -0 -0.0351611 0 -0.0351611
190 191 0.00632108 0 0 0 0 0 0 0.00632108
113 192 0 0 0 0 0 -0.162496 0 -0.162496
115 192 0 0 0 0 0 -0.167374 0 -0.167374
114 192 0 0 0 0 -0.817604 0 -0 -0.817604
191 192 0.0136412 0 -1.08704 0 0 0 0 -1.0734
114 193 0 0 0 0 0 -0.09644 0 -0.09644
192 193 0.00302892 0 -1.01039 0 0 0 0 -1.00736
113 194 0 0 0 0 0 -0.0536073 -0 -0.0536073
193 194 0.00341703 0 -1.01327 0 0 0 0 -1.00986
194 195 0.0247633 0 0 0 0 0 0 0.0247633
195 196 0.00190625 0 -1.30601 0 0 0 0 -1.30411
196 197 0.00328299 0 -1.10701 0 0 0 0 -1.10373
197 198 0.0314444 0 -1.18198 0 0 0 0 -1.15054
198 199 0.000198404 0 -1.09184 0 0 0 0 -1.09164
200 201 0.0205332 0 -1.32449 0 0 0 0 -1.30395
201 202 0.013774 0 -1.00287 0 0 0 0 -0.989092
202 203 0.00093801 0 -1.33261 0 0 0 0 -1.33167
203 204 0.0242513 0 0 0 0 0 0 0.0242513
204 205 0.0342919 0 -1.33631 0 0 0 0 -1.30202
205 206 0.214154 0 -1.25476 0 0 0 0 -1.04061
206 207 0.185697 0 -1.29058 0 0 0 0 -1.10489
207 208 0.0113671 0 -0.718472 0 0 0 0 -0.707105
208 209 0.171101 0 -0 0 0 0 0 0.171101
209 210 0.00076592 0 -1.17688 0 0 0 0 -1.17612
210 211 0.0072373 0 -1.16376 0 0 0 0 -1.15652
211 212 0.0151536 0 -1.34937 0 0 0 0 -1.33422
212 213 0.000840889 0 -1.30161 0 0 0 0 -1.30077
213 214 0.0106688 0 0 0 0 0 0 0.0106688
214 215 0.026316 0 -1.33115 0 0 0 0 -1.30483
215 216 0.00311301 0 -1.26337 0 0 0 0 -1.26026
216 217 0.0983352 0 -1.07698 0 0 0 0 -0.978643
217 218 0.00486855 0 -1.27796 0 0 0 0 -1.27309
218 219 0.0161978 0 -1.30897 0 0 0 0 -1.29277
220 221 0.179328 0 0 0 0 0 0 0.179328
221 222 0.0216587 0 -1.16973 0 0 0 0 -1.14807
222 223 0.0516892 0 -1.40391 0 0 0 0 -1.35222
223 224 0.00966349 0 -1.2067 0 0 0 0 -1.19704
224 225 0.284691 0 -1.37207 0 0 0 0 -1.08738
225 226 0.00268853 0 -1.07636 0 0 0 0 -1.07367
226 227 0.000935558 0 -0.939723 0 0 0 0 -0.938787
227 228 0.14594 0 -1.05022 0 0 0 0 -0.90428
228 229 0.0313264 0 -1.31984 0 0 0 0 -1.28851
229 230 0.0158609 0 -1.19258 0 0 0 0 -1.17671
230 231 0.00738586 0 -1.30005 0 0 0 0 -1.29267
231 232 0.14062 0 -1.3141 0 0 0 0 -1.17348
232 233 0.0146078 0 0 0 0 0 0 0.0146078
233 234 0.0164248 0 -1.21721 0 0 0 0 -1.20079
234 235 0.00677061 0 -1.19629 0 0 0 0 -1.18952
228 236 0 0 0 0 0 -0.0262195 0 -0.0262195
227 236 0 0 0 0 0 -0.138331 -0 -0.138331
235 236 0.00107788 0 -0.705414 0 0 0 0 -0.704336
227 237 0 0 0 0 -0.734857 0 -0 -0.734857
226 237 0 0 0 0 -0 -0.135826 0 -0.135826
236 237 0.0436666 0 -1.38296 0 0 0 0 -1.3393
227 238 0 0 0 0 -0 -0.108508 -0 -0.108508
226 238 0 0 0 0 -0.689257 0 -0 -0.689257
225 238 0 0 0 0 0 -0.165656 0 -0.165656
237 238 0.0646872 0 -1.17993 0 0 0 0 -1.11524
224 239 0 0 0 0 0 -0.173028 0 -0.173028
226 239 0 0 0 0 0 -0.170957 0 -0.170957
225 239 0 0 0 0 -0.797253 0 -0 -0.797253
238 239 0.00166224 0 -1.16423 0 0 0 0 -1.16256
240 241 0.000175443 0 -1.30903 0 0 0 0 -1.30885
241 242 0.0689517 0 -1.22034 0 0 0 0 -1.15139
242 243 0.00918909 0 -1.18 0 0 0 0 -1.17081
243 244 0.185347 0 -1.18089 0 0 0 0 -0.995547
244 245 0.0737905 0 -1.37956 0 0 0 0 -1.30577
245 246 0.00784403 0 -1.08063 0 0 0 0 -1.07278
246 247 0.130792 0 0 0 0 0 0 0.130792
243 248 0 0 0 0 0 -0.0901954 0 -0.0901954
245 248 0 0 0 0 0 -0.10789 0 -0.10789
244 248 0 0 0 0 -0.741648 0 -0 -0.741648
247 248 0.425772 0 0 0 0 0 0 0.425772
243 249 0 0 0 0 -0.583667 0 -0 -0.583667
242 249 0 0 0 0 0 -0.102821 0 -0.102821
244 249 0 0 0 0 0 -0.0843813 -0 -0.0843813
248 249 0.0626972 0 -1.09441 0 0 0 0 -1.03171
243 250 0 0 0 0 0 -0.0889053 -0 -0.0889053
242 250 0 0 0 0 -0.802389 0 -0 -0.802389
241 250 0 0 0 0 -0 -0.137806 -0 -0.137806
249 250 0.0356187 0 -1.07166 0 0 0 0 -1.03605
242 251 0 0 0 0 0 -0.129544 -0 -0.129544
240 251 0 0 0 0 0 -0.139894 0 -0.139894
250 251 0.000364317 0 -1.21768 0 0 0 0 -1.21731
241 252 0 0 0 0 0 -0.130603 -0 -0.130603
251 252 0.0362531 0 -1.21694 0 0 0 0 -1.18069
252 253 0.0447956 0 0 0 0 0 0 0.0447956
253 254 0.0121942 0 -1.20037 0 0 0 0 -1.18817
254 255 0.0047149 0 -1.17927 0 0 0 0 -1.17456
255 256 0.00152767 0 -1.2361 0 0 0 0 -1.23458
256 257 0.0215891 0 -1.09607 0 0 0 0 -1.07448
257 258 0.0339243 0 -1.30503 0 0 0 0 -1.27111
258 259 0.000639765 0 -1.2395 0 0 0 0 -1.23886
216 260 0 0 0 0 0 -0.153214 0 -0.153214
215 260 0 0 0 0 -0.843517 0 -0 -0.843517
214 260 0 0 0 0 0 -0.173852 0 -0.173852
215 261 0 0 0 0 0 -0.153375 -0 -0.153375
214 261 0 0 0 0 -0.637885 0 -0 -0.637885
260 261 0.0362942 0 -1.34319 0 0 0 0 -1.3069
214 262 0 0 0 0 -0 -0.142182 -0 -0.142182
261 262 0.0087236 0 -1.14134 0 0 0 0 -1.13262
262 263 0.0521086 0 -1.12303 0 0 0 0 -1.07092
263 264 0.0159036 0 -1.01466 0 0 0 0 -0.998752
264 265 0.115238 0 -1.14809 0 0 0 0 -1.03285
265 266 0.00086388 0 -1.25942 0 0 0 0 -1.25855
266 267 0.00218553 0 -1.25074 0 0 0 0 -1.24855
267 268 0.16993 0 -1.19416 0 0 0 0 -1.02423
268 269 0.0314477 0 -1.0245 0 0 0 0 -0.993049
269 270 0.0509259 0 -1.15199 0 0 0 0 -1.10106
270 271 0.00355917 0 -1.1619 0 0 0 0 -1.15834
271 272 2.23307e-05 0 -1.07961 0 0 0 0 -1.07958
272 273 0.113559 0 -1.26848 0 0 0 0 -1.15492
273 274 0.152785 0 -1.19044 0 0 0 0 -1.03766
274 275 0.0522356 0 -1.04938 0 0 0 0 -0.997149
275 276 0.0567629 0 -1.17133 0 0 0 0 -1.11457
57 277 0 0 0 0 -0.131373 -0.00197713 0 -0.13335
56 277 0 0 0 0 -4.95381e-30 -0.114649 0 -0.114649
276 277 0.00518747 0 -1.16049 0 0 0 0 -1.15531
57 278 0 0 0 0 -0 -0.0391418 0 -0.0391418
56 278 0 0 0 0 -0.793344 0 -0 -0.793344
55 278 0 0 0 0 0 -0.0665668 -0 -0.0665668
277 278 0.0963386 0 -1.29403 0 0 0 0 -1.19769
56 279 0 0 0 0 0 -0.169189 0 -0.169189
55 279 0 0 0 0 -0.76775 0 -0 -0.76775
54 279 0 0 0 0 0 -0.119282 0 -0.119282
40 279 0 0 0 0 -0 -0 -0.52812 -0.52812
278 279 0.00414472 0 -0.945139 0 0 0 0 -0.940995
280 281 0.0736001 0 -1.39644 0 0 0 0 -1.32283
281 282 0.00193237 0 -0.949363 0 0 0 0 -0.947431
282 283 0.0142383 0 -1.24906 0 0 0 0 -1.23482
283 284 0.00988696 0 -1.51966e-05 0 0 0 0 0.00987176
284 285 0.0242588 0 -1.18224 0 0 0 0 -1.15798
285 286 0.118133 0 -0.992697 0 0 0 0 -0.874564
286 287 0.021394 0 -1.26533 0 0 0 0 -1.24393
287 288 0.0163926 0 -0.94882 0 0 0 0 -0.932427
288 289 0.219023 0 -1.3377 0 0 0 0 -1.11867
289 290 0.00649377 0 -1.37603 0 0 0 0 -1.36953
290 291 0.0211323 0.00492803 -1.09093 0 0 0 0 -1.06487
287 292 0 0 0 0 0 -0.101124 0 -0.101124
291 292 0.0273938 0 -0 0 0 0 0 0.0273938
288 293 0 0 0 0 -0 -0.00336147 -0 -0.00336147
286 293 0 0 0 0 0 -0.153205 0 -0.153205
292 293 0.0151934 0 -1.29824 0 0 0 0 -1.28305
287 294 0 0 0 0 -0 -0.194443 0 -0.194443
286 294 0 0 0 0 -0.827304 0 -0 -0.827304
285 294 0 0 0 0 0 -0.177281 0 -0.177281
293 294 0.00775215 0 -1.10276 0 0 0 0 -1.09501
286 295 0 0 0 0 0 -0.174991 0 -0.174991
285 295 0 0 0 0 -0.698373 0 -0 -0.698373
284 295 0 0 0 0 0 -0.161152 0 -0.161152
283 295 0 0 0 0 -0 -0.00326738 0 -0.00326738
294 295 1.75197e-06 0 -1.18811 0 0 0 0 -1.18811
285 296 0 0 0 0 0 -0.164597 0 -0.164597
284 296 0 0 0 0 -0.709664 0 -0 -0.709664
283 296 0 0 0 0 0 -0.000732286 -0 -0.000732286
282 296 0 0 0 0 0 -0.11422 0 -0.11422
295 296 0.00425541 0 -1.05298 0 0 0 0 -1.04872
284 297 0 0 0 0 0 -0.0414376 0 -0.0414376
283 297 0 0 0 0 0 -0.116735 0 -0.116735
282 297 0 0 0 0 -0.878841 0 -0 -0.878841
281 297 0 0 0 0 -1.10223e-27 -0.128341 0 -0.128341
296 297 0.0551978 0 -1.18295 0 0 0 0 -1.12775
282 298 0 0 0 0 -0 -0.142728 -0 -0.142728
281 298 0 0 0 0 -0.716444 0 -0 -0.716444
280 298 0 0 0 0 0 -0.153067 0 -0.153067
297 298 0.0846914 0 -1.22509 0 0 0 0 -1.1404
281 299 0 0 0 0 0 -0.12889 -0 -0.12889
280 299 0 0 0 0 -0.683025 0 -0 -0.683025
298 299 0.00316591 0 -1.0008 0 0 0 0 -0.997633
300 301 0.0308376 0 -1.02706 0 0 0 0 -0.996226
301 302 0.0100516 0 -1.03739 0 0 0 0 -1.02734
302 303 0.0951592 0 -0 0 0 0 0 0.0951592
303 304 0.127433 0 -1.19257 0 0 0 0 -1.06514
304 305 0.0234705 0 -1.11267 0 0 0 0 -1.0892
305 306 0.0149355 0 -1.25887 0 0 0 0 -1.24393
306 307 0.0330115 0 -1.16314 0 0 0 0 -1.13013
307 308 0.151925 0 -0.771896 0 0 0 0 -0.619971
308 309 0.00398423 0 -1.14823 0 0 0 0 -1.14425
309 310 0.0322286 0 -0.763858 0 0 0 0 -0.73163
310 311 0.0543604 0 -1.32988 0 0 0 0 -1.27552
308 312 0 0 0 0 0 -0.0519975 0 -0.0519975
309 312 0 0 0 0 0 -0.00440206 -0 -0.00440206
311 312 0.00254 0 -0 0 0 0 0 0.00254
308 313 0 0 0 0 -0.630838 0 -0 -0.630838
307 313 0 0 0 0 0 -0.0866981 -0 -0.0866981
309 313 0 0 0 0 0 -0.0610233 0 -0.0610233
312 313 0.168074 0 -1.29597 0 0 0 0 -1.12789
308 314 0 0 0 0 0 -0.188433 0 -0.188433
307 314 0 0 0 0 -0.885056 0 -0 -0.885056
306 314 0 0 0 0 -0 -0.192128 0 -0.192128
313 314 0.0481492 0 -1.31116 0 0 0 0 -1.26301
307 315 0 0 0 0 -0 -0.137043 -0 -0.137043
306 315 0 0 0 0 -0.568431 0 -0 -0.568431
305 315 0 0 0 0 0 -0.151148 -0 -0.151148
314 315 0.00711534 0 -0.91038 0 0 0 0 -0.903265
306 316 0 0 0 0 0 -0.181414 0 -0.181414
305 316 0 0 0 0 -0.444126 0 -0 -0.444126
304 316 0 0 0 0 0 -0.164675 0 -0.164675
302 316 0 0 0 0 0 -0.0258825 -0 -0.0258825
315 316 0.0036745 0 -1.04921 0 0 0 0 -1.04554
305 317 0 0 0 0 0 -0.149021 0 -0.149021
303 317 0 0 0 0 0 -0.0861297 0 -0.0861297
302 317 0 0 0 0 -0.00100416 -0.00017169 -0 -0.00117585
301 317 0 0 0 0 -1.86832e-22 -0.142594 0 -0.142594
316 317 0.00949217 0 -1.35956 0 0 0 0 -1.35007
304 318 0 0 0 0 0 -0.00161624 -0 -0.00161624
302 318 0 0 0 0 -0 -0.144915 0 -0.144915
301 318 0 0 0 0 -0.563277 0 -0 -0.563277
300 318 0 0 0 0 0 -0.163888 0 -0.163888
317 318 0.00808351 0 -1.13674 0 0 0 0 -1.12866
301 319 0 0 0 0 0 -0.157825 0 -0.157825
300 319 0 0 0 0 -0.785024 0 -0 -0.785024
318 319 0.00174634 0 -1.38609 0 0 0 0 -1.38435
320 321 0.0748625 0 -1.09983 0 0 0 0 -1.02497
321 322 0.259103 0 -1.14692 0 0 0 0 -0.887814
322 323 0.0235343 0 -1.18002 0 0 0 0 -1.15648
323 324 0.0224276 0 -1.31468 0 0 0 0 -1.29226
324 325 0.00495595 0 -0 0 0 0 0 0.00495595
325 326 0.0348988 0 -1.29703 0 0 0 0 -1.26213
326 327 0.112185 0 -1.17273 0 0 0 0 -1.06054
327 328 0.0282533 0 -1.25542 0 0 0 0 -1.22717
328 329 0.0038393 0 -0 0 0 0 0 0.0038393
329 330 0.0286879 0 -0 0 0 0 0 0.0286879
330 331 0.00408477 0 -1.20879 0 0 0 0 -1.20471
328 332 0 0 0 0 0 -0.0309948 0 -0.0309948
331 332 0.0675269 0 -1.2603 0 0 0 0 -1.19278
328 333 0 0 0 0 -0.708154 0 -0 -0.708154
327 333 0 0 0 0 0 -0.104419 -0 -0.104419
332 333 0.0500288 0 -1.25642 0 0 0 0 -1.20639
328 334 0 0 0 0 0 -0.159399 0 -0.159399
327 334 0 0 0 0 -0.600525 0 -0 -0.600525
326 334 0 0 0 0 -8.11271e-17 -0.14225 0 -0.14225
324 334 0 0 0 0 0 -0.052825 -0 -0.052825
333 334 0.0040491 0 -1.21602 0 0 0 0 -1.21197
327 335 0 0 0 0 -0 -0.164039 0 -0.164039
326 335 0 0 0 0 -0.0661421 0 -0 -0.0661421
325 335 0 0 0 0 0 -0.146906 0 -0.146906
324 335 0 0 0 0 0 -1.96965e-05 -0 -1.96965e-05
323 335 0 0 0 0 0 -0.0899881 0 -0.0899881
334 335 0.0657478 0 -1.28528 0 0 0 0 -1.21953
326 336 0 0 0 0 0 -0.0532238 -0 -0.0532238
324 336 0 0 0 0 0 -0.190568 0 -0.190568
323 336 0 0 0 0 -0.792654 0 -0 -0.792654
322 336 0 0 0 0 0 -0.195435 0 -0.195435
335 336 0.00368808 0 -1.02087 0 0 0 0 -1.01718
323 337 0 0 0 0 0 -0.185803 0 -0.185803
322 337 0 0 0 0 -0.787833 0 -0 -0.787833
321 337 0 0 0 0 -4.31952e-29 -0.13566 -0 -0.13566
336 337 0.0270596 0 -1.05738 0 0 0 0 -1.03032
322 338 0 0 0 0 -0 -0.129031 0 -0.129031
321 338 0 0 0 0 -0.867735 0 -0 -0.867735
320 338 0 0 0 0 0 -0.140198 0 -0.140198
337 338 0.0567758 0 -1.24451 0 0 0 0 -1.18774
321 339 0 0 0 0 0 -0.00954706 -0 -0.00954706
320 339 0 0 0 0 -0.559278 0 -0 -0.559278
338 339 0.00412663 0 -1.12829 0 0 0 0 -1.12416
272 340 0 0 0 0 0 -1.149e-06 0 -1.149e-06
272 341 0 0 0 0 0 -0.00126019 0 -0.00126019
270 341 0 0 0 0 -0 -0.14037 0 -0.14037
340 341 0.00816141 0 -1.11102 0 0 0 0 -1.10286
269 342 0 0 0 0 0 -0.152992 0 -0.152992
271 342 0 0 0 0 0 -0.125831 0 -0.125831
270 342 0 0 0 0 -0.84512 0 -0 -0.84512
341 342 0.0118494 0 -1.36496 0 0 0 0 -1.35311
269 343 0 0 0 0 -0.848818 0 -0 -0.848818
268 343 0 0 0 0 0 -0.180653 0 -0.180653
270 343 0 0 0 0 0 -0.187884 0 -0.187884
342 343 0.0112068 0 -1.26104 0 0 0 0 -1.24983
267 344 0 0 0 0 0 -0.0816079 0 -0.0816079
269 344 0 0 0 0 0 -0.113366 0 -0.113366
268 344 0 0 0 0 -0.796635 0 -0 -0.796635
343 344 0.594985 0 -1.30379 0 0 0 0 -0.708808
266 345 0 0 0 0 0 -0.105708 -0 -0.105708
268 345 0 0 0 0 0 -0.141332 0 -0.141332
344 345 0.00392336 0 -1.29527 0 0 0 0 -1.29135
267 346 0 0 0 0 0 -0.0202488 -0 -0.0202488
265 346 0 0 0 0 0 -0.158176 0 -0.158176
345 346 0.0346057 0 -0.969801 0 0 0 0 -0.935196
264 347 0 0 0 0 0 -0.144662 0 -0.144662
266 347 0 0 0 0 0 -2.64445e-05 -0 -2.64445e-05
346 347 0.0945403 0 -1.17536 0 0 0 0 -1.08082
264 348 0 0 0 0 -0.736389 0 -0 -0.736389
263 348 0 0 0 0 0 -0.173511 0 -0.173511
265 348 0 0 0 0 0 -0.0542854 0 -0.0542854
347 348 6.19703e-05 0 -1.14388 0 0 0 0 -1.14382
264 349 0 0 0 0 0 -0.165081 0 -0.165081
263 349 0 0 0 0 -0.792231 0 -0 -0.792231
262 349 0 0 0 0 0 -0.125725 -0 -0.125725
348 349 0.00609916 0 -1.22899 0 0 0 0 -1.22289
263 350 0 0 0 0 0 -0.155837 0 -0.155837
262 350 0 0 0 0 -0.407333 0 -0 -0.407333
261 350 0 0 0 0 -1.64202e-29 -0.0696547 -0 -0.0696547
214 350 0 0 0 0 0 0 -0.570123 -0.570123
349 350 0.000314573 0 -1.02401 0 0 0 0 -1.02369
350 351 0.198323 0 0 0 0 0 0 0.198323
351 352 0.133662 0 -1.25192 0 0 0 0 -1.11826
213 353 0 0 0 0 0 -0.00597184 -0 -0.00597184
212 353 0 0 0 0 0 -0.13884 0 -0.13884
352 353 0.108848 0 -1.23162 0 0 0 0 -1.12277
211 354 0 0 0 0 -3.68817e-29 -0.194344 0 -0.194344
213 354 0 0 0 0 0 -0.205173 0 -0.205173
212 354 0 0 0 0 -0.734303 0 -0 -0.734303
353 354 0.0136079 0 -1.33538 0 0 0 0 -1.32177
211 355 0 0 0 0 -0.733152 0 -0 -0.733152
210 355 0 0 0 0 0 -0.138152 0 -0.138152
212 355 0 0 0 0 -0 -0.15478 -0 -0.15478
208 355 0 0 0 0 0 -0.103676 0 -0.103676
354 355 0.00273579 0 -1.14717 0 0 0 0 -1.14444
211 356 0 0 0 0 0 -0.12838 0 -0.12838
209 356 0 0 0 0 0 -0.0496625 -0 -0.0496625
208 356 0 0 0 0 -0.599859 0 -0 -0.599859
207 356 0 0 0 0 0 -0.145229 0 -0.145229
355 356 0.023545 0 -1.3383 0 0 0 0 -1.31476
210 357 0 0 0 0 0 -0.0307392 0 -0.0307392
208 357 0 0 0 0 0 -0.147388 0 -0.147388
207 357 0 0 0 0 -0.510627 0 -0 -0.510627
206 357 0 0 0 0 -1.74197e-30 -0.166007 0 -0.166007
356 357 0.0591639 0 -1.18585 0 0 0 0 -1.12669
205 358 0 0 0 0 0 -0.136538 0 -0.136538
207 358 0 0 0 0 -0 -0.104665 0 -0.104665
206 358 0 0 0 0 -0.648953 0 -0 -0.648953
357 358 0.0186218 0 -1.17562 0 0 0 0 -1.157
205 359 0 0 0 0 -0.55507 0 -0 -0.55507
204 359 0 0 0 0 0 -0.105188 0 -0.105188
206 359 0 0 0 0 0 -0.0906548 0 -0.0906548
358 359 0.0165368 0 -0.844279 0 0 0 0 -0.827742
360 361 0.0249627 0 0 0 0 0 0 0.0249627
361 362 0.0009954 0 -1.27505 0 0 0 0 -1.27405
362 363 0.000718686 0 -0.743432 0 0 0 0 -0.742713
363 364 0.0271485 0 -1.25023 0 0 0 0 -1.22308
364 365 0.0196235 0 0 0 0 0 0 0.0196235
365 366 0.0015066 0 0 0 0 0 0 0.0015066
364 367 0 0 0 0 0 -0.153459 0 -0.153459
366 367 0.0210573 0 -1.01218 0 0 0 0 -0.991119
364 368 0 0 0 0 -0.731544 0 -0 -0.731544
363 368 0 0 0 0 0 -0.172942 0 -0.172942
367 368 0.0383389 0 -1.21625 0 0 0 0 -1.17791
362 369 0 0 0 0 0 -0.0732625 0 -0.0732625
364 369 0 0 0 0 0 -0.182181 0 -0.182181
363 369 0 0 0 0 -0.822257 0 -0 -0.822257
368 369 0.0154846 0 -0.867489 0 0 0 0 -0.852004
362 370 0 0 0 0 -0.651885 0 -0 -0.651885
361 370 0 0 0 0 -0 -0.123737 0 -0.123737
363 370 0 0 0 0 0 -0.120863 0 -0.120863
369 370 0.0212157 0 -1.03744 0 0 0 0 -1.01622
362 371 0 0 0 0 0 -0.122496 0 -0.122496
370 371 0.0680317 0 -1.27917 0 0 0 0 -1.21114
361 372 0 0 0 0 0 -0.059139 0 -0.059139
371 372 0.0213729 0 -1.32479 0 0 0 0 -1.30342
372 373 0.0558106 0 -1.0412 0 0 0 0 -0.985386
373 374 0.00273247 0 -1.21916 0 0 0 0 -1.21643
374 375 0.00210678 0 -1.17543 0 0 0 0 -1.17332
179 376 0 0 0 0 0 -0.191429 0 -0.191429
178 376 0 0 0 0 -0.79568 0 -0 -0.79568
177 376 0 0 0 0 0 -0.145895 0 -0.145895
375 376 0.0525572 0 0 0 0 0 0 0.0525572
176 377 0 0 0 0 -0 -0.106625 0 -0.106625
178 377 0 0 0 0 0 -0.188848 0 -0.188848
177 377 0 0 0 0 -0.717324 0 -0 -0.717324
376 377 0.00833327 0 -1.39838 0 0 0 0 -1.39005
175 378 0 0 0 0 0 -0.170199 0 -0.170199
176 378 0 0 0 0 -0.83879 0 -0 -0.83879
177 378 0 0 0 0 -0 -0.207403 0 -0.207403
377 378 0.018218 0 -0.968252 0 0 0 0 -0.950034
175 379 0 0 0 0 -0.830189 0 -0 -0.830189
174 379 0 0 0 0 0 -0.0918881 0 -0.0918881
176 379 0 0 0 0 0 -0.144817 0 -0.144817
378 379 0.0763657 0 -1.06139 0 0 0 0 -0.985024
380 381 0.00486099 0 -1.17565 0 0 0 0 -1.17079
381 382 0.0185613 0 -1.38476 0 0 0 0 -1.3662
382 383 0.033381 0 -1.24506 0 0 0 0 -1.21168
383 384 0.00714321 0 -1.22137 0 0 0 0 -1.21422
384 385 0.000540107 0 -0 0 0 0 0 0.000540107
385 386 0.00990693 0 -0.858445 0 0 0 0 -0.848538
386 387 0.00210899 0 -0.995963 0 0 0 0 -0.993854
387 388 0.023291 0 -1.355 0 0 0 0 -1.33171
388 389 0.0178632 0 -1.04727 0 0 0 0 -1.02941
389 390 0.0583374 0 0 0 0 0 0 0.0583374
390 391 0.0614983 0 -1.20206 0 0 0 0 -1.14056
391 392 0.00236105 0 -1.01617 0 0 0 0 -1.01381
389 393 0 0 0 0 0 -0.117143 0 -0.117143
388 393 0 0 0 0 -0.753767 0 -0 -0.753767
387 393 0 0 0 0 0 -0.135274 0 -0.135274
392 393 0.000303464 0 0 0 0 0 0 0.000303464
386 394 0 0 0 0 -0 -0.183718 0 -0.183718
388 394 0 0 0 0 0 -0.164855 0 -0.164855
387 394 0 0 0 0 -0.812559 0 -0 -0.812559
393 394 0.0284705 0 -0.999972 0 0 0 0 -0.971501
386 395 0 0 0 0 -0.724898 0 -0 -0.724898
385 395 0 0 0 0 0 -0.0777225 0 -0.0777225
387 395 0 0 0 0 -0 -0.137939 0 -0.137939
384 395 0 0 0 0 0 -0.000806266 -0 -0.000806266
383 395 0 0 0 0 0 -0.0303176 0 -0.0303176
394 395 0.0897359 0 -1.12212 0 0 0 0 -1.03239
386 396 0 0 0 0 0 -0.142423 -0 -0.142423
385 396 0 0 0 0 -0.61693 0 -0 -0.61693
384 396 0 0 0 0 0 -0.000452815 0 -0.000452815
383 396 0 0 0 0 -0 -0.00897591 0 -0.00897591
382 396 0 0 0 0 0 -0.0169916 0 -0.0169916
395 396 0.037205 0 -1.13131 0 0 0 0 -1.09411
385 397 0 0 0 0 0 -0.0539016 0 -0.0539016
383 397 0 0 0 0 0 -0.106394 0 -0.106394
382 397 0 0 0 0 -0.640168 0 -0 -0.640168
381 397 0 0 0 0 -0 -0.188959 0 -0.188959
396 397 0.0355473 0 -1.2521 0 0 0 0 -1.21655
382 398 0 0 0 0 -0 -0.119909 -0 -0.119909
381 398 0 0 0 0 -0.55785 0 -0 -0.55785
380 398 0 0 0 0 0 -0.181895 0 -0.181895
397 398 0.00191175 0 -0.820713 0 0 0 0 -0.818802
381 399 0 0 0 0 0 -0.122821 0 -0.122821
380 399 0 0 0 0 -0 -0.000124738 -0 -0.000124738
398 399 0.0687409 0 -1.24643 0 0 0 0 -1.17769
#Total energy per particle is  -1.13638 and should be -1.1363810
