#id1 id2 FENE BEXC STCK NEXC HB CRSTCK CXSTCK total, t = 500000
0 1 0.000217223 0 -0.887937 0 0 0 0 -0.88772
1 2 0.00046654 0 -1.22536 0 0 0 0 -1.2249
2 3 0.0213082 0 -0.316795 0 0 0 0 -0.295486
3 4 0.000319262 0 -1.20647 0 0 0 0 -1.20616
4 5 7.2081e-07 0 -1.35371 0 0 0 0 -1.35371
5 6 0.0057058 0 -1.24555 0 0 0 0 -1.23984
6 7 0.285299 0 -1.2358 0 0 0 0 -0.9505
7 8 0.0217233 0 -1.00143 0 0 0 0 -0.979709
6 9 0 0 0 0 0 -0.000768706 -0 -0.000768706
5 9 0 0 0 0 -0 -0.140339 0 -0.140339
8 9 0.0291319 0 -0 0 0 0 0 0.0291319
6 10 0 0 0 0 0 -0.0329677 -0 -0.0329677
5 10 0 0 0 0 -0.466604 0 -0 -0.466604
4 10 0 0 0 0 0 -0.126145 0 -0.126145
9 10 0.00578496 0 -1.1522 0 0 0 0 -1.14642
5 11 0 0 0 0 0 -0.161652 0 -0.161652
4 11 0 0 0 0 -0.832594 0 -0 -0.832594
3 11 0 0 0 0 0 -0.158628 0 -0.158628
10 11 0.109108 0 -1.226 0 0 0 0 -1.1169
4 12 0 0 0 0 0 -0.042721 0 -0.042721
2 12 0 0 0 0 -0.417543 0 -0 -0.417543
1 12 0 0 0 0 -0 -0.186195 0 -0.186195
11 12 0.000700744 0 -0.768657 0 0 0 0 -0.767956
3 13 0 0 0 0 0 -0.0583997 0 -0.0583997
2 13 0 0 0 0 -0 -0.130658 0 -0.130658
1 13 0 0 0 0 -0.857686 0 -0 -0.857686
0 13 0 0 0 0 0 -0.197168 0 -0.197168
12 13 0.0340193 0 -1.08787 0 0 0 0 -1.05385
1 14 0 0 0 0 0 -0.142306 0 -0.142306
0 14 0 0 0 0 -0.85164 0 -0 -0.85164
13 14 0.0161729 0 -1.33906 0 0 0 0 -1.32289
0 15 0 0 0 0 0 -0.173342 0 -0.173342
14 15 0.0112707 0 -1.35322 0 0 0 0 -1.34195
15 16 0.0531445 0 -0.96896 0 0 0 0 -0.915815
16 17 0.101551 0 -1.31724 0 0 0 0 -1.21569
17 18 0.00777775 0 -1.19061 0 0 0 0 -1.18283
18 19 0.0476963 0 -1.34752 0 0 0 0 -1.29982
20 21 0.0481617 0 -1.22794 0 0 0 0 -1.17977
21 22 0.0516501 0 -1.26642 0 0 0 0 -1.21477
22 23 0.200875 0 -1.28834 0 0 0 0 -1.08747
23 24 0.0831535 0 -0.835275 0 0 0 0 -0.752122
24 25 0.0232384 0 -1.39442 0 0 0 0 -1.37118
25 26 0.105933 0 -1.16038 0 0 0 0 -1.05444
26 27 0.0174752 0 -0.923269 0 0 0 0 -0.905794
27 28 0.095113 0 -1.40378 0 0 0 0 -1.30867
28 29 0.0378578 0 -1.16059 0 0 0 0 -1.12274
29 30 0.00546259 0 -1.21011 0 0 0 0 -1.20465
30 31 0.000239934 0 -1.06418 0 0 0 0 -1.06394
31 32 0.034459 0 -1.17489 0 0 0 0 -1.14043
30 33 0 0 0 0 0 -0.0116115 -0 -0.0116115
28 33 0 0 0 0 0 -0.137468 0 -0.137468
32 33 0.000200639 0 0 0 0 0 0 0.000200639
29 34 0 0 0 0 0 -0.185933 0 -0.185933
28 34 0 0 0 0 -0.702982 0 -0 -0.702982
27 34 0 0 0 0 0 -0.166553 0 -0.166553
33 34 0.0421529 0 -1.29727 0 0 0 0 -1.25511
28 35 0 0 0 0 0 -0.143434 0 -0.143434
27 35 0 0 0 0 0 -1.53328e-14 -0 -1.53328e-14
26 35 0 0 0 0 0 -0.000919296 0 -0.000919296
34 35 0.0362716 0 -1.0601 0 0 0 0 -1.02383
27 36 0 0 0 0 0 -0.00112876 0 -0.00112876
26 36 0 0 0 0 0 -0.00593076 0 -0.00593076
25 36 0 0 0 0 0 -0.00354125 0 -0.00354125
35 36 0.00232938 0 -1.21066 0 0 0 0 -1.20833
25 37 0 0 0 0 0 -0.00664614 -0 -0.00664614
24 37 0 0 0 0 0 -0.080363 0 -0.080363
36 37 0.0199429 0 -1.2672 0 0 0 0 -1.24725
25 38 0 0 0 0 0 -0.068882 0 -0.068882
24 38 0 0 0 0 -0.628723 0 -0 -0.628723
23 38 0 0 0 0 0 -0.0968419 0 -0.0968419
37 38 0.0110018 0 -0.350692 0 0 0 0 -0.33969
22 39 0 0 0 0 0 -0.103892 0 -0.103892
24 39 0 0 0 0 0 -0.1049 0 -0.1049
23 39 0 0 0 0 -0.782322 0 -0 -0.782322
38 39 0.00945947 0 -1.09262 0 0 0 0 -1.08316
40 41 0.0164694 0 -1.3698 0 0 0 0 -1.35334
41 42 0.125928 0 -1.30377 0 0 0 0 -1.17784
42 43 0.0210643 0 -1.37941 0 0 0 0 -1.35835
43 44 0.0175455 0 -0 0 0 0 0 0.0175455
44 45 0.00337718 0 -0.963364 0 0 0 0 -0.959987
45 46 0.0089424 0 -0.881296 0 0 0 0 -0.872354
46 47 0.0311317 0 -1.08704 0 0 0 0 -1.05591
47 48 0.00716119 0 -1.27974 0 0 0 0 -1.27258
48 49 0.0107972 0 -0 0 0 0 0 0.0107972
46 50 0 0 0 0 0 -0.160995 0 -0.160995
45 50 0 0 0 0 -0.601249 0 -0 -0.601249
44 50 0 0 0 0 0 -0.171988 0 -0.171988
43 50 0 0 0 0 -0 -0.00543893 0 -0.00543893
49 50 0.0537034 0 0 0 0 0 0 0.0537034
45 51 0 0 0 0 0 -0.1498 0 -0.1498
44 51 0 0 0 0 -0.510686 -2.23514e-06 -0 -0.510688
43 51 0 0 0 0 0 -0.00166935 -0 -0.00166935
42 51 0 0 0 0 0 -0.134077 0 -0.134077
50 51 0.00399046 0 -1.2523 0 0 0 0 -1.24831
44 52 0 0 0 0 0 -0.138538 0 -0.138538
43 52 0 0 0 0 0 -0.132872 0 -0.132872
42 52 0 0 0 0 -0.583385 0 -0 -0.583385
41 52 0 0 0 0 -1.10944e-29 -0.156442 0 -0.156442
51 52 0.0544531 0 -1.28293 0 0 0 0 -1.22847
42 53 0 0 0 0 -0 -0.0998291 0 -0.0998291
41 53 0 0 0 0 -0.759214 0 -0 -0.759214
40 53 0 0 0 0 0 -0.0862065 0 -0.0862065
52 53 0.0519664 0 -1.13533 0 0 0 0 -1.08336
41 54 0 0 0 0 0 -0.0966394 0 -0.0966394
40 54 0 0 0 0 -0.214575 -9.64103e-07 -0 -0.214576
53 54 0.0996586 0 -1.1371 0 0 0 0 -1.03744
40 55 0 0 0 0 0 -0.0066276 0 -0.0066276
54 55 0.00110539 0 -1.29258 0 0 0 0 -1.29148
55 56 0.103819 0 -1.31722 0 0 0 0 -1.2134
56 57 0.005271 0 -1.26815 0 0 0 0 -1.26288
57 58 0.0649282 0 -1.36524 0 0 0 0 -1.30031
58 59 0.0494204 0 -1.14491 0 0 0 0 -1.09549
60 61 0.000778326 0 -0.710537 0 0 0 0 -0.709759
61 62 0.00010636 0 -1.33866 0 0 0 0 -1.33856
62 63 0.00110933 0 -1.35165 0 0 0 0 -1.35054
63 64 0.0173449 0 -1.16527 0 0 0 0 -1.14792
64 65 0.0264789 0 -1.19041 0 0 0 0 -1.16393
65 66 0.0913973 0 -1.15746 0 0 0 0 -1.06607
66 67 0.000184087 0 -1.00624 0 0 0 0 -1.00606
67 68 0.00446246 0 -1.3191 0 0 0 0 -1.31463
68 69 0.00911876 0 -0.993485 0 0 0 0 -0.984367
69 70 4.68243e-05 0 -1.13776 0 0 0 0 -1.13771
67 71 0 0 0 0 0 -0.149974 -0 -0.149974
70 71 0.0885095 0 -0 0 0 0 0 0.0885095
68 72 0 0 0 0 0 -0.0302987 -0 -0.0302987
67 72 0 0 0 0 -0.136961 0 -0 -0.136961
66 72 0 0 0 0 -0 -0.174661 0 -0.174661
71 72 1.40984e-05 0 -1.28379 0 0 0 0 -1.28377
67 73 0 0 0 0 -0 -0.0593029 -0 -0.0593029
66 73 0 0 0 0 -0.703888 0 -0 -0.703888
65 73 0 0 0 0 0 -0.129569 0 -0.129569
72 73 0.0122201 0 -1.33754 0 0 0 0 -1.32532
66 74 0 0 0 0 0 -0.09733 0 -0.09733
65 74 0 0 0 0 -0.684306 0 -0 -0.684306
64 74 0 0 0 0 0 -0.183161 0 -0.183161
73 74 0.0505503 0 -0.954473 0 0 0 0 -0.903923
65 75 0 0 0 0 0 -0.154827 0 -0.154827
64 75 0 0 0 0 -0.84853 0 -0 -0.84853
63 75 0 0 0 0 0 -0.0384744 0 -0.0384744
74 75 0.0162595 0 -1.38244 0 0 0 0 -1.36618
75 76 0.0119866 0 0 0 0 0 0 0.0119866
76 77 0.00540557 0 -1.12185 0 0 0 0 -1.11645
77 78 0.0892691 0 -1.35291 0 0 0 0 -1.26365
78 79 0.00242971 0 0 0 0 0 0 0.00242971
80 81 0.000665893 0 0 0 0 0 0 0.000665893
81 82 0.0234005 0 -0.975411 0 0 0 0 -0.952011
82 83 0.0276436 0 -0.832332 0 0 0 0 -0.804689
83 84 0.0732522 0 -1.14137 0 0 0 0 -1.06812
84 85 0.178672 0 -1.25621 0 0 0 0 -1.07754
85 86 0.000110247 0 -1.31341 0 0 0 0 -1.3133
86 87 0.134013 0 -0.618796 0 0 0 0 -0.484782
87 88 0.000993267 0 -1.18689 0 0 0 0 -1.1859
88 89 0.000406778 0 -0 0 0 0 0 0.000406778
89 90 0.0166495 0 -1.24295 0 0 0 0 -1.2263
87 91 0 0 0 0 0 -0.141267 0 -0.141267
90 91 0.00478537 0 -1.33173 0 0 0 0 -1.32694
88 92 0 0 0 0 0 -0.169509 0 -0.169509
87 92 0 0 0 0 -0.899511 0 -0 -0.899511
86 92 0 0 0 0 -0 -0.171565 0 -0.171565
91 92 0.00145935 0 -1.37122 0 0 0 0 -1.36976
85 93 0 0 0 0 0 -0.182473 0 -0.182473
87 93 0 0 0 0 -0 -0.178913 0 -0.178913
86 93 0 0 0 0 -0.817252 0 -0 -0.817252
92 93 0.231767 0 -1.28988 0 0 0 0 -1.05811
85 94 0 0 0 0 -0.759879 0 -0 -0.759879
84 94 0 0 0 0 0 -0.197555 0 -0.197555
86 94 0 0 0 0 0 -0.120498 0 -0.120498
93 94 0.00103473 0 -0.984278 0 0 0 0 -0.983244
85 95 0 0 0 0 0 -0.11884 0 -0.11884
84 95 0 0 0 0 -0.729583 0 -0 -0.729583
83 95 0 0 0 0 0 -0.0319902 -0 -0.0319902
94 95 0.0351685 0 -1.15789 0 0 0 0 -1.12272
84 96 0 0 0 0 0 -0.145051 -0 -0.145051
83 96 0 0 0 0.00285594 0 0 -0 0.00285594
95 96 0.0352214 0 -1.31623 0 0 0 0 -1.28101
96 97 0.0385849 0 -1.39241 0 0 0 0 -1.35382
97 98 0.0349867 0 -1.08775 0 0 0 0 -1.05276
98 99 0.00220278 0 -1.06026 0 0 0 0 -1.05806
100 101 0.00509919 0 -1.20433 0 0 0 0 -1.19923
101 102 0.0545706 0 -1.1928 0 0 0 0 -1.13823
102 103 4.34433e-07 0 -1.21824 0 0 0 0 -1.21824
103 104 0.0339926 0 -1.29873 0 0 0 0 -1.26474
104 105 0.00350653 0 -1.00244 0 0 0 0 -0.998931
105 106 0.0149351 0 -1.2728 0 0 0 0 -1.25787
106 107 3.61289e-05 0 -1.14826 0 0 0 0 -1.14822
107 108 0.00667023 0 -1.27534 0 0 0 0 -1.26867
108 109 0.0503664 0 -1.17571 0 0 0 0 -1.12534
109 110 0.00026402 0 -0.983244 0 0 0 0 -0.98298
110 111 0.121741 0 -1.17573 0 0 0 0 -1.05399
111 112 0.00763804 0 -1.33454 0 0 0 0 -1.3269
112 113 0.0145103 0 -1.30075 0 0 0 0 -1.28624
113 114 0.165279 0 -1.26263 0 0 0 0 -1.09735
111 115 0 0 0 0 0 -0.0671119 0 -0.0671119
114 115 0.23095 0 -0 0 0 0 0 0.23095
111 116 0 0 0 0 0 -2.75158e-05 -0 -2.75158e-05
110 116 0 0 0 0 -0 -0.197418 0 -0.197418
115 116 0.087437 0 -1.17329 0 0 0 0 -1.08585
111 117 0 0 0 0 0 -0.120225 -0 -0.120225
110 117 0 0 0 0 -0.644737 0 -0 -0.644737
109 117 0 0 0 0 0 -0.0401884 -0 -0.0401884
116 117 0.0174806 0 -1.34905 0 0 0 0 -1.33157
110 118 0 0 0 0 0 -0.152847 0 -0.152847
109 118 0 0 0 0 -0.777285 0 -0 -0.777285
108 118 0 0 0 0 0 -0.0966933 0 -0.0966933
117 118 0.00438646 0 -1.10775 0 0 0 0 -1.10337
109 119 0 0 0 0 0 -0.160313 -0 -0.160313
108 119 0 0 0 0 -0.75582 0 -0 -0.75582
107 119 0 0 0 0 0 -0.00193578 0 -0.00193578
118 119 0.0940713 0 -1.21594 0 0 0 0 -1.12186
120 121 0.00414978 0 -1.17544 0 0 0 0 -1.17129
121 122 0.0136704 0 -1.27593 0 0 0 0 -1.26226
122 123 0.0264356 0 -1.34272 0 0 0 0 -1.31628
123 124 0.00176568 0 -1.06764 0 0 0 0 -1.06588
124 125 0.015131 0 0 0 0 0 0 0.015131
125 126 0.0840289 0 -1.03175 0 0 0 0 -0.947721
126 127 0.00196634 0 -0.944226 0 0 0 0 -0.94226
127 128 0.00450878 0 -1.1416 0 0 0 0 -1.13709
128 129 0.000727913 0 -1.16374 0 0 0 0 -1.16301
129 130 0.0438225 0 -1.06446 0 0 0 0 -1.02063
130 131 0.000959116 0 -1.11723 0 0 0 0 -1.11627
131 132 0.00153174 0 0 0 0 0 0 0.00153174
132 133 0.000118955 0 -1.01974 0 0 0 0 -1.01963
133 134 0.0152919 0 -1.2231 0 0 0 0 -1.20781
134 135 0.000250302 0 -1.16273 0 0 0 0 -1.16248
135 136 0.178613 0 -0.933105 0 0 0 0 -0.754493
136 137 0.0379942 0 -1.36707 0 0 0 0 -1.32907
137 138 0.168999 0 0 0 0 0 0 0.168999
138 139 0.340303 0 -1.15207 0 0 0 0 -0.811763
140 141 0.0171923 0 -1.09007 0 0 0 0 -1.07288
141 142 0.000588205 0 -1.24956 0 0 0 0 -1.24897
142 143 0.0638882 0 -1.33802 0 0 0 0 -1.27414
143 144 0.00314324 0 -1.31788 0 0 0 0 -1.31474
144 145 0.0576174 0 -1.005 0 0 0 0 -0.947378
145 146 0.000832949 0 -1.32728 0 0 0 0 -1.32645
146 147 2.96124e-07 0 -1.28276 0 0 0 0 -1.28276
147 148 0.0773943 0 -0.906716 0 0 0 0 -0.829322
148 149 0.00689243 0 -0.655641 0 0 0 0 -0.648748
149 150 0.00526018 0 -0 0 0 0 0 0.00526018
150 151 0.0882726 0 -1.1318 0 0 0 0 -1.04353
148 152 0 0 0 0 0 -0.0747884 -0 -0.0747884
151 152 0.00149733 0 -1.17306 0 0 0 0 -1.17156
148 153 0 0 0 0 -0.852079 0 -0 -0.852079
147 153 0 0 0 0 0 -0.149269 -0 -0.149269
149 153 0 0 0 0 0 -0.0502873 0 -0.0502873
152 153 0.0110785 0 -1.24667 0 0 0 0 -1.23559
148 154 0 0 0 0 0 -0.187793 0 -0.187793
147 154 0 0 0 0 -0.567207 0 -0 -0.567207
146 154 0 0 0 0 -0 -0.0628459 -0 -0.0628459
153 154 0.0123983 0 -1.39237 0 0 0 0 -1.37997
147 155 0 0 0 0 0 -0.00109553 0 -0.00109553
146 155 0 0 0 0 0 -0.000386922 0 -0.000386922
154 155 0.0055958 0 -0 0 0 0 0 0.0055958
146 156 0 0 0 0 0 -0.00040196 0 -0.00040196
145 156 0 0 0 0 0 -0.0172676 0 -0.0172676
155 156 0.0486676 0 -1.28317 0 0 0 0 -1.2345
146 157 0 0 0 0 0 -0.042505 0 -0.042505
145 157 0 0 0 0 0 -2.64927e-21 0 -2.64927e-21
144 157 0 0 0 0 0 -0.0343207 0 -0.0343207
156 157 0.0747194 0 -1.30972 0 0 0 0 -1.235
145 158 0 0 0 0 0 -0.165537 0 -0.165537
144 158 0 0 0 0 -0.709845 0 -0 -0.709845
143 158 0 0 0 0 0 -0.143202 0 -0.143202
157 158 0.00395536 0 -1.16691 0 0 0 0 -1.16296
144 159 0 0 0 0 0 -0.139666 0 -0.139666
143 159 0 0 0 0 -0.568874 0 -0 -0.568874
158 159 0.0644742 0 -1.19375 0 0 0 0 -1.12928
160 161 0.0904209 0 -1.41727 0 0 0 0 -1.32685
161 162 0.0368971 0 -0.810385 0 0 0 0 -0.773488
162 163 0.0772763 0 -1.18054 0 0 0 0 -1.10326
163 164 7.11418e-07 0 -1.18046 0 0 0 0 -1.18045
164 165 0.120236 0 -1.32586 0 0 0 0 -1.20563
165 166 0.0105005 0 -0.84385 0 0 0 0 -0.833349
166 167 0.00147656 0 -1.05719 0 0 0 0 -1.05571
165 168 0 0 0 0 0 -0.11042 -0 -0.11042
164 168 0 0 0 0 -0.657448 0 -0 -0.657448
163 168 0 0 0 0 0 -0.196073 0 -0.196073
167 168 0.0235264 0 0 0 0 0 0 0.0235264
164 169 0 0 0 0 0 -0.132186 -0 -0.132186
163 169 0 0 0 0 -0.794003 0 -0 -0.794003
162 169 0 0 0 0 0 -0.183298 0 -0.183298
168 169 0.000146111 0 -1.08599 0 0 0 0 -1.08584
163 170 0 0 0 0 0 -0.167771 -0 -0.167771
162 170 0 0 0 0 -0.844337 0 -0 -0.844337
161 170 0 0 0 0 -7.33478e-16 -0.06544 0 -0.06544
169 170 0.0068822 0 -1.27094 0 0 0 0 -1.26406
162 171 0 0 0 0 0 -0.182246 0 -0.182246
161 171 0 0 0 0 0 -0.015395 -0 -0.015395
160 171 0 0 0 0 0 -0.0988146 0 -0.0988146
170 171 0.00762974 0 -1.32175 0 0 0 0 -1.31412
161 172 0 0 0 0 0 -0.0352574 0 -0.0352574
171 172 0.0440949 0 -1.15457 0 0 0 0 -1.11048
172 173 0.0132252 0 -1.1205 0 0 0 0 -1.10727
173 174 0.0760443 0 -0.930514 0 0 0 0 -0.85447
174 175 0.0522671 0 -1.16517 0 0 0 0 -1.1129
175 176 0.0137276 0 -0.731757 0 0 0 0 -0.71803
176 177 2.51734e-05 0 -1.36354 0 0 0 0 -1.36352
177 178 0.00504846 0 -1.08081 0 0 0 0 -1.07577
178 179 0.0167904 0 -1.31273 0 0 0 0 -1.29594
180 181 1.92367e-05 0 -1.22371 0 0 0 0 -1.22369
181 182 0.0125441 0 -1.35163 0 0 0 0 -1.33909
182 183 0.112708 0 -1.40022 0 0 0 0 -1.28751
183 184 0.0887771 0 -1.19323 0 0 0 0 -1.10445
184 185 0.0395551 0 -1.06653 0 0 0 0 -1.02697
185 186 0.0821644 0 0 0 0 0 0 0.0821644
186 187 0.00589601 0 0 0 0 0 0 0.00589601
187 188 0.239953 0 -1.14465 0 0 0 0 -0.904692
188 189 0.0711893 0 -1.22594 0 0 0 0 -1.15475
189 190 0.00906795 0 -1.25932 0 0 0 0 -1.25026
190 191 0.113184 0 -1.15033 0 0 0 0 -1.03715
191 192 0.00138397 0 -1.01489 0 0 0 0 -1.01351
192 193 0.0357043 0 -1.34585 0 0 0 0 -1.31015
193 194 0.000786325 0 -1.01914 0 0 0 0 -1.01835
194 195 0.0156416 0 -1.36507 0 0 0 0 -1.34943
195 196 0.00924375 0 0 0 0 0 0 0.00924375
196 197 0.00521695 0 -1.39407 0 0 0 0 -1.38885
197 198 0.000490486 0 0 0 0 0 0 0.000490486
198 199 3.27779e-05 0 -1.31696 0 0 0 0 -1.31693
200 201 0.00515681 0 -1.15589 0 0 0 0 -1.15074
201 202 0.114843 0 -1.11301 0 0 0 0 -0.998163
202 203 0.0206749 0 -1.14609 0 0 0 0 -1.12542
203 204 0.0101137 0 -1.24626 0 0 0 0 -1.23614
204 205 0.0589816 0 -1.31654 0 0 0 0 -1.25756
205 206 0.0164108 0 -0.926018 0 0 0 0 -0.909608
206 207 0.0470735 0 -1.23903 0 0 0 0 -1.19196
207 208 0.00255868 0 -1.09509 0 0 0 0 -1.09253
208 209 0.0431844 0 -1.33417 0 0 0 0 -1.29099
209 210 0.0296168 0 0 0 0 0 0 0.0296168
210 211 0.0661257 0 0 0 0 0 0 0.0661257
211 212 0.0485101 0 0 0 0 0 0 0.0485101
212 213 0.278163 0 -1.14569 0 0 0 0 -0.867528
213 214 0.151287 0 -1.29874 0 0 0 0 -1.14745
214 215 0.100311 0 -1.29133 0 0 0 0 -1.19102
215 216 0.170888 0 -1.33396 0 0 0 0 -1.16307
216 217 0.00204059 0 -1.15497 0 0 0 0 -1.15292
217 218 0.0265578 0 -0.566696 0 0 0 0 -0.540139
218 219 0.139376 0 0 0 0 0 0 0.139376
220 221 0.00171827 0 -0.748614 0 0 0 0 -0.746896
221 222 0.0132141 0 -1.40449 0 0 0 0 -1.39128
222 223 0.0205402 0 -1.38739 0 0 0 0 -1.36685
223 224 0.0130616 0 -1.03328 0 0 0 0 -1.02022
224 225 0.160761 0 -1.11489 0 0 0 0 -0.954132
225 226 1.84554e-05 0 -0.773149 0 0 0 0 -0.773131
226 227 0.0373891 0 -1.05253 0 0 0 0 -1.01515
227 228 0.000938059 0 -0.609114 0 0 0 0 -0.608175
228 229 0.012337 0 -1.09983 0 0 0 0 -1.08749
229 230 0.173909 0 -1.04559 0 0 0 0 -0.871681
230 231 0.0109533 0 -1.08299 0 0 0 0 -1.07204
231 232 0.067901 0 -0 0 0 0 0 0.067901
232 233 0.016032 0 -1.27567 0 0 0 0 -1.25964
231 234 0 0 0 0 -0 -0.127811 0 -0.127811
230 234 0 0 0 0 0 -4.72975e-14 -0 -4.72975e-14
229 234 0 0 0 0 0 -0.00517447 -0 -0.00517447
233 234 0.0745276 0 -1.24568 0 0 0 0 -1.17115
230 235 0 0 0 0 0 -0.0639396 0 -0.0639396
234 235 0.00668686 0 -1.19408 0 0 0 0 -1.18739
229 236 0 0 0 0 -0 -0.105461 0 -0.105461
227 236 0 0 0 0 0 -0.105084 0 -0.105084
235 236 0.0430359 0 -0.838442 0 0 0 0 -0.795406
228 237 0 0 0 0 0 -0.0921079 0 -0.0921079
227 237 0 0 0 0 -0.656169 0 -0 -0.656169
226 237 0 0 0 0 -0 -0.0892495 0 -0.0892495
236 237 0.00498454 0 -1.33387 0 0 0 0 -1.32888
227 238 0 0 0 0 -0 -0.124987 0 -0.124987
226 238 0 0 0 0 -0.593017 0 -0 -0.593017
225 238 0 0 0 0 0 -0.191318 0 -0.191318
237 238 0.106636 0 -1.05997 0 0 0 0 -0.953338
226 239 0 0 0 0 0 -0.11318 0 -0.11318
225 239 0 0 0 0 -0.39154 0 -0 -0.39154
224 239 0 0 0 0 0 -0.0649678 0 -0.0649678
238 239 0.0742607 0 -1.12485 0 0 0 0 -1.05059
240 241 0.00821937 0 -1.08913 0 0 0 0 -1.08091
241 242 0.0644279 0 -1.24978 0 0 0 0 -1.18535
242 243 0.0184547 0 -1.13493 0 0 0 0 -1.11648
243 244 0.00800858 0 -1.25363 0 0 0 0 -1.24562
244 245 0.00158803 0 0 0 0 0 0 0.00158803
245 246 0.00387697 0 -1.29672 0 0 0 0 -1.29284
246 247 5.10993e-05 0 -1.34224 0 0 0 0 -1.34219
243 248 0 0 0 0 0 -0.0858552 -0 -0.0858552
247 248 0.137349 0 -1.08836 0 0 0 0 -0.951011
244 249 0 0 0 0 0 -0.198109 0 -0.198109
243 249 0 0 0 0 -0.776849 0 -0 -0.776849
242 249 0 0 0 0 0 -0.140619 -0 -0.140619
248 249 0.00710465 0 -1.06657 0 0 0 0 -1.05946
243 250 0 0 0 0 0 -0.114696 0 -0.114696
242 250 0 0 0 0 -0.577862 0 -0 -0.577862
241 250 0 0 0 0 -1.4036e-29 -0.168701 0 -0.168701
249 250 0.0621806 0 -1.05421 0 0 0 0 -0.992033
242 251 0 0 0 0 0 -0.160037 -0 -0.160037
240 251 0 0 0 0 0 -0.057221 -0 -0.057221
250 251 0.0161812 0 -1.2927 0 0 0 0 -1.27651
249 252 0 0 0 0 0 -2.97129e-05 -0 -2.97129e-05
248 252 0 0 0 0 0 -0.00394858 -0 -0.00394858
247 252 0 0 0 0 0 -0.123721 -0 -0.123721
251 252 0.1016 0 0 0 0 0 0 0.1016
248 253 0 0 0 0 -0 -0.118847 0 -0.118847
246 253 0 0 0 0 0 -0.157902 0 -0.157902
252 253 0.00057811 0 -1.3009 0 0 0 0 -1.30033
247 254 0 0 0 0 -0 -0.172053 0 -0.172053
246 254 0 0 0 0 -0.834937 0 -0 -0.834937
245 254 0 0 0 0 0 -0.177538 0 -0.177538
253 254 0.0278532 0 -1.22503 0 0 0 0 -1.19717
246 255 0 0 0 0 0 -0.203529 0 -0.203529
245 255 0 0 0 0 -0.805464 0 -0 -0.805464
254 255 0.128437 0 -1.08665 0 0 0 0 -0.958209
255 256 0.0155878 0 0 0 0 0 0 0.0155878
256 257 0.12565 0 -1.08651 0 0 0 0 -0.960855
257 258 0.00954756 0 -1.32413 0 0 0 0 -1.31458
258 259 0.0676962 0 -1.12658 0 0 0 0 -1.05889
260 261 0.00316458 0 -1.1115 0 0 0 0 -1.10834
261 262 0.011414 0 -0.872545 0 0 0 0 -0.861131
262 263 0.0118622 0 -1.05274 0 0 0 0 -1.04087
263 264 0.00893098 0 -1.18601 0 0 0 0 -1.17708
264 265 0.0842252 0 -1.00364 0 0 0 0 -0.91941
265 266 0.00108968 0 -1.27511 0 0 0 0 -1.27402
266 267 0.355056 0 -0 0 0 0 0 0.355056
267 268 0.00617333 0 -1.28919 0 0 0 0 -1.28301
268 269 0.0211868 0 -1.27285 0 0 0 0 -1.25167
269 270 0.0339795 0 -1.08183 0 0 0 0 -1.04785
270 271 0.000609229 0 -1.10218 0 0 0 0 -1.10157
271 272 0.0205338 0 -1.23771 0 0 0 0 -1.21717
272 273 0.118927 0 -1.37902 0 0 0 0 -1.26009
273 274 0.00275542 0 -1.26952 0 0 0 0 -1.26676
274 275 0.00173912 0 -1.12851 0 0 0 0 -1.12677
275 276 0.00352343 0 -1.05547 0 0 0 0 -1.05195
276 277 0.00456065 0 -0 0 0 0 0 0.00456065
277 278 9.57963e-05 0 -1.33943 0 0 0 0 -1.33934
278 279 0.00178369 0 -1.30824 0 0 0 0 -1.30645
280 281 0.0294614 0 -0.844093 0 0 0 0 -0.814632
281 282 0.00415796 0 -1.24411 0 0 0 0 -1.23995
282 283 0.0113117 0 -1.20228 0 0 0 0 -1.19097
283 284 0.0123867 0 -0 0 0 0 0 0.0123867
284 285 0.160553 0 -1.24768 0 0 0 0 -1.08712
285 286 0.0521882 0 -1.15407 0 0 0 0 -1.10188
286 287 0.0115547 0 -1.1969 0 0 0 0 -1.18534
287 288 0.0320581 0 -0.721022 0 0 0 0 -0.688964
288 289 0.00660628 0 -1.18062 0 0 0 0 -1.17401
289 290 3.13901e-05 0 -1.04393 0 0 0 0 -1.04389
290 291 0.269597 0 -0.732668 0 0 0 0 -0.46307
289 292 0 0 0 0 0 -1.19939e-05 -0 -1.19939e-05
288 292 0 0 0 0 0 -0.00742346 -0 -0.00742346
287 292 0 0 0 0 0 -0.085473 0 -0.085473
291 292 0.000377511 0 0 0 0 0 0 0.000377511
288 293 0 0 0 0 -0 -0.0116697 0 -0.0116697
286 293 0 0 0 0 0 -0.0828411 0 -0.0828411
292 293 0.0403037 0 -1.2485 0 0 0 0 -1.20819
287 294 0 0 0 0 -0 -0.164853 0 -0.164853
286 294 0 0 0 0 -0.471265 -1.87231e-07 -0 -0.471265
285 294 0 0 0 0 0 -0.140549 0 -0.140549
293 294 0.00181779 0 -1.15845 0 0 0 0 -1.15663
283 295 0 0 0 0 -0 -0.10541 0 -0.10541
286 295 0 0 0 0 0 -0.153564 -0 -0.153564
285 295 0 0 0 0 -0.626161 0 -0 -0.626161
284 295 0 0 0 0 0 -0.112832 0 -0.112832
294 295 0.0898212 0 -1.14833 0 0 0 0 -1.05851
282 296 0 0 0 0 0 -0.142852 0 -0.142852
285 296 0 0 0 0 0 -0.0704263 -0 -0.0704263
284 296 0 0 0 0 -0.642278 0 -0 -0.642278
295 296 0.00334862 0 -1.22365 0 0 0 0 -1.2203
283 297 0 0 0 0 0 -0.1433 0 -0.1433
282 297 0 0 0 0 -0.556288 0 -0 -0.556288
281 297 0 0 0 0 -0 -0.156048 0 -0.156048
284 297 0 0 0 0 0 -0.133923 0 -0.133923
296 297 0.012576 0 -1.35022 0 0 0 0 -1.33765
282 298 0 0 0 0 -0 -0.134833 0 -0.134833
281 298 0 0 0 0 -0.835283 0 -0 -0.835283
280 298 0 0 0 0 0 -0.185945 0 -0.185945
297 298 0.144317 0 -1.27401 0 0 0 0 -1.12969
281 299 0 0 0 0 0 -0.137222 0 -0.137222
280 299 0 0 0 0 -0.705156 0 -0 -0.705156
298 299 0.12724 0 -1.38069 0 0 0 0 -1.25345
300 301 0.0348818 0 -1.17361 0 0 0 0 -1.13873
301 302 0.00402091 0 -0.892667 0 0 0 0 -0.888646
302 303 0.165985 0 -1.34717 0 0 0 0 -1.18119
303 304 0.102955 0 -1.32199 0 0 0 0 -1.21903
304 305 0.000423472 0 -0 0 0 0 0 0.000423472
305 306 0.0392739 0 -1.41347 0 0 0 0 -1.37419
306 307 0.00125886 0 -1.25472 0 0 0 0 -1.25346
307 308 0.000875773 0 -0.827678 0 0 0 0 -0.826802
308 309 0.0280504 0 -0.920465 0 0 0 0 -0.892414
309 310 0.094385 0 -0 0 0 0 0 0.094385
310 311 0.00025926 0 -1.28817 0 0 0 0 -1.28791
308 312 0 0 0 0 0 -0.0863119 0 -0.0863119
311 312 0.0225062 0 -1.24873 0 0 0 0 -1.22622
309 313 0 0 0 0 0 -0.0696487 0 -0.0696487
308 313 0 0 0 0 -0.702762 0 -0 -0.702762
307 313 0 0 0 0 0 -0.135937 0 -0.135937
312 313 0.0372674 0 -1.37338 0 0 0 0 -1.33611
308 314 0 0 0 0 0 -0.117728 -0 -0.117728
307 314 0 0 0 0 -0.737464 0 -0 -0.737464
306 314 0 0 0 0 -4.89237e-29 -0.135641 0 -0.135641
313 314 0.0556229 0 -1.21985 0 0 0 0 -1.16423
307 315 0 0 0 0 -0 -0.11719 0 -0.11719
306 315 0 0 0 0 -0.57785 0 -0 -0.57785
305 315 0 0 0 0 0 -0.120949 0 -0.120949
314 315 0.0304988 0 -1.35884 0 0 0 0 -1.32834
306 316 0 0 0 0 0 -0.085689 0 -0.085689
305 316 0 0 0 0 -0.0579254 -0.000392121 -0 -0.0583176
303 316 0 0 0 0 -0 -0.0176074 0 -0.0176074
315 316 0.00065135 0 -1.13214 0 0 0 0 -1.13149
305 317 0 0 0 0 0 -0.0454192 0 -0.0454192
303 317 0 0 0 0 0 -0.099785 0 -0.099785
302 317 0 0 0 0 -0.513297 -8.80532e-17 -0 -0.513297
301 317 0 0 0 0 -0 -0.173685 0 -0.173685
316 317 0.00148011 0 -1.34776 0 0 0 0 -1.34628
302 318 0 0 0 0 -0 -0.152949 0 -0.152949
301 318 0 0 0 0 -0.719473 0 -0 -0.719473
300 318 0 0 0 0 0 -0.110196 -0 -0.110196
317 318 6.61983e-05 0 -1.28202 0 0 0 0 -1.28196
301 319 0 0 0 0 0 -0.113996 0 -0.113996
300 319 0 0 0 0 -0.617041 0 -0 -0.617041
318 319 0.0857175 0 -0.833243 0 0 0 0 -0.747526
320 321 0.192318 0 -1.12943 0 0 0 0 -0.937111
321 322 0.0300862 0 -1.33323 0 0 0 0 -1.30314
322 323 0.078744 0 -1.26778 0 0 0 0 -1.18904
323 324 0.00938021 0 -1.03745 0 0 0 0 -1.02807
324 325 0.000484266 0 0 0 0 0 0 0.000484266
325 326 0.00239133 0 -0.969666 0 0 0 0 -0.967275
326 327 0.0177692 0 -1.19826 0 0 0 0 -1.18049
327 328 0.000309971 0 -1.28915 0 0 0 0 -1.28884
328 329 0.0284327 0 -0.590399 0 0 0 0 -0.561966
329 330 0.00163297 0 0 0 0 0 0 0.00163297
330 331 0.0740496 0 -1.15881 0 0 0 0 -1.08476
329 332 0 0 0 0 0 -0.0191686 -0 -0.0191686
328 332 0 0 0 0 0 -0.102417 -0 -0.102417
331 332 0.118648 0 -1.28231 0 0 0 0 -1.16366
327 333 0 0 0 0 0 -0.168358 -0 -0.168358
329 333 0 0 0 0 0 -0.0502344 0 -0.0502344
328 333 0 0 0 0.00901338 -0.172026 0 -0 -0.163013
332 333 0.0853522 0 -1.24945 0 0 0 0 -1.1641
327 334 0 0 0 0 -0.879209 0 -0 -0.879209
326 334 0 0 0 0 -0 -0.193091 0 -0.193091
328 334 0 0 0 0 0 -0.16147 -0 -0.16147
333 334 0.148195 0 -1.19517 0 0 0 0 -1.04697
325 335 0 0 0 0 0 -0.127468 -0 -0.127468
327 335 0 0 0 0 -0 -0.158892 0 -0.158892
326 335 0 0 0 0 -0.835622 0 -0 -0.835622
334 335 0.0139877 0 -1.14502 0 0 0 0 -1.13103
325 336 0 0 0 0 -0.754253 0 -0 -0.754253
326 336 0 0 0 0 0 -0.166724 0 -0.166724
335 336 0.00826242 0 -1.32864 0 0 0 0 -1.32038
325 337 0 0 0 0 0 -0.16907 0 -0.16907
336 337 0.0185315 0 -1.15359 0 0 0 0 -1.13506
337 338 0.00750938 0 -0.76145 0 0 0 0 -0.75394
338 339 0.155685 0 -1.13627 0 0 0 0 -0.98059
270 341 0 0 0 0 -0 -0.0874073 -0 -0.0874073
340 341 0.0387944 0 0 0 0 0 0 0.0387944
271 342 0 0 0 0 0 -0.0128459 0 -0.0128459
270 342 0 0 0 0 -0.509466 0 -0 -0.509466
269 342 0 0 0 0 0 -0.157037 0 -0.157037
341 342 0.0027768 0 -1.34162 0 0 0 0 -1.33884
270 343 0 0 0 0 0 -0.170845 0 -0.170845
269 343 0 0 0 0 -0.823373 0 -0 -0.823373
268 343 0 0 0 0 0 -0.147945 0 -0.147945
342 343 0.00354016 0 -1.14741 0 0 0 0 -1.14387
267 344 0 0 0 0 0 -0.195499 0 -0.195499
269 344 0 0 0 0 0 -0.193253 0 -0.193253
268 344 0 0 0 0 -0.940011 0 -0 -0.940011
343 344 0.135826 0 -1.08751 0 0 0 0 -0.951682
266 345 0 0 0 0 0 -0.0460134 -0 -0.0460134
268 345 0 0 0 0 0 -0.19255 0 -0.19255
344 345 0.161141 0 -1.36645 0 0 0 0 -1.20531
267 346 0 0 0 0 0 -0.0345041 -0 -0.0345041
266 346 0 0 0 0 0 -1.42236e-13 -0 -1.42236e-13
265 346 0 0 0 0 0 -0.154692 0 -0.154692
345 346 0.118579 0 -1.01547 0 0 0 0 -0.896895
266 347 0 0 0 0 0 -0.176011 0 -0.176011
264 347 0 0 0 0 0 -0.144141 0 -0.144141
346 347 0.0357589 0 -1.38621 0 0 0 0 -1.35046
265 348 0 0 0 0 0 -0.173807 0 -0.173807
264 348 0 0 0 0 -0.749678 0 -0 -0.749678
263 348 0 0 0 0 0 -0.193019 0 -0.193019
347 348 0.00202302 0 -1.05696 0 0 0 0 -1.05494
264 349 0 0 0 0 0 -0.148515 0 -0.148515
263 349 0 0 0 0 -0.799778 0 -0 -0.799778
262 349 0 0 0 0 0 -0.207387 0 -0.207387
348 349 0.100695 0 -1.3569 0 0 0 0 -1.25621
261 350 0 0 0 0 -0 -0.132347 -0 -0.132347
263 350 0 0 0 0 0 -0.0643748 -0 -0.0643748
262 350 0 0 0 0 -0.322785 0 -0 -0.322785
349 350 0.000831397 0 -1.09159 0 0 0 0 -1.09076
261 351 0 0 0 0.0357863 0 0 -0 0.0357863
260 351 0 0 0 0 0 -0.0924166 -0 -0.0924166
262 351 0 0 0 0 0 -0.149805 -0 -0.149805
350 351 0.0977115 0 -0.945919 0 0 0 0 -0.848207
261 352 0 0 0 0 0 -0.0597726 -0 -0.0597726
351 352 0.153794 0 -1.33574 0 0 0 0 -1.18195
260 353 0 0 0 0 -0 -0.0693425 -0 -0.0693425
352 353 0.0271693 0 -1.18476 0 0 0 0 -1.15759
209 354 0 0 0 0 0 -0.0856508 0 -0.0856508
353 354 0.0309734 0 -1.1908 0 0 0 0 -1.15983
209 355 0 0 0 0 0 -0.0014352 -0 -0.0014352
208 355 0 0 0 0 0 -0.0926005 0 -0.0926005
354 355 0.160333 0 -1.34826 0 0 0 0 -1.18793
209 356 0 0 0 0 0 -0.104738 0 -0.104738
208 356 0 0 0 0 -0.853144 0 -0 -0.853144
207 356 0 0 0 0 0 -0.146584 0 -0.146584
355 356 0.00720114 0 -1.22462 0 0 0 0 -1.21742
208 357 0 0 0 0 0 -0.18335 0 -0.18335
207 357 0 0 0 0 -0.850099 0 -0 -0.850099
206 357 0 0 0 0 -0 -0.179659 0 -0.179659
356 357 0.0406578 0 -1.0404 0 0 0 0 -0.99974
207 358 0 0 0 0 -0 -0.133367 0 -0.133367
206 358 0 0 0 0 -0.72903 0 -0 -0.72903
205 358 0 0 0 0 0 -0.175993 0 -0.175993
357 358 0.0139696 0 -0.861521 0 0 0 0 -0.847552
206 359 0 0 0 0 0 -0.0751032 -0 -0.0751032
205 359 0 0 0 0 -0.70374 0 -0 -0.70374
204 359 0 0 0 0 0 -0.123934 0 -0.123934
358 359 0.0584953 0 -1.09553 0 0 0 0 -1.03704
360 361 0.0014843 0 -0.992397 0 0 0 0 -0.990912
361 362 0.14547 0 -1.33599 0 0 0 0 -1.19052
362 363 0.00103472 0 -1.26884 0 0 0 0 -1.26781
363 364 0.00147593 0 -1.24534 0 0 0 0 -1.24387
364 365 0.00413204 0 -1.29364 0 0 0 0 -1.28951
365 366 0.000543683 0 -1.04013 0 0 0 0 -1.03959
366 367 0.0597308 0 -0 0 0 0 0 0.0597308
365 368 0 0 0 0 0 -0.0929422 -0 -0.0929422
364 368 0 0 0 0 -0.620818 0 -0 -0.620818
363 368 0 0 0 0 0 -0.0421672 -0 -0.0421672
367 368 0.0351484 0 -0 0 0 0 0 0.0351484
364 369 0 0 0 0 0 -0.0864209 -0 -0.0864209
363 369 0 0 0 0 -0.533987 0 -0 -0.533987
362 369 0 0 0 0 0 -0.160661 0 -0.160661
368 369 0.321186 0 -1.32585 0 0 0 0 -1.00467
363 370 0 0 0 0 0 -0.100942 -0 -0.100942
362 370 0 0 0 0 -0.735511 0 -0 -0.735511
361 370 0 0 0 0 -0 -0.0206733 0 -0.0206733
369 370 0.000826914 0 -1.27866 0 0 0 0 -1.27784
362 371 0 0 0 0 0 -0.137562 0 -0.137562
361 371 0 0 0 0 0 -0.0370885 0 -0.0370885
370 371 0.127217 0 -1.11102 0 0 0 0 -0.983807
361 372 0 0 0 0 0 -0.016624 0 -0.016624
371 372 0.00542287 0 -1.40197 0 0 0 0 -1.39654
372 373 9.44047e-06 0 0 0 0 0 0 9.44047e-06
373 374 0.000566624 0 -1.23454 0 0 0 0 -1.23398
179 375 0 0 0 0 0 -0.0101878 0 -0.0101878
178 375 0 0 0 0 0 -0.132385 0 -0.132385
374 375 0.0400758 0 -1.28175 0 0 0 0 -1.24168
177 376 0 0 0 0 0 -0.0722622 -0 -0.0722622
179 376 0 0 0 0 0 -0.0232671 0 -0.0232671
178 376 0 0 0 0 -0.72143 0 -0 -0.72143
375 376 0.267218 0 -1.24641 0 0 0 0 -0.979195
177 377 0 0 0 0 -0.735611 0 -0 -0.735611
176 377 0 0 0 0 -0 -0.0675429 -0 -0.0675429
178 377 0 0 0 0 0 -0.100869 -0 -0.100869
376 377 0.00742797 0 -1.20662 0 0 0 0 -1.1992
177 378 0 0 0 0 -0 -0.138341 0 -0.138341
176 378 0 0 0 0 -0.593032 0 -0 -0.593032
175 378 0 0 0 0 0 -0.0126383 0 -0.0126383
377 378 0.0198928 0 -1.19794 0 0 0 0 -1.17805
176 379 0 0 0 0 0 -0.135679 0 -0.135679
175 379 0 0 0 0 -0.24713 -6.95241e-07 -0 -0.247131
174 379 0 0 0 0 0 -0.0334149 0 -0.0334149
378 379 0.00249597 0 -1.29127 0 0 0 0 -1.28878
380 381 0.0219001 0 -0.908162 0 0 0 0 -0.886262
381 382 0.00921253 0 -0.485904 0 0 0 0 -0.476692
382 383 0.0420335 0 -1.35672 0 0 0 0 -1.31469
383 384 0.00139553 0 -1.20819 0 0 0 0 -1.20679
384 385 0.117715 0 -1.054 0 0 0 0 -0.936283
385 386 0.00632822 0 -0 0 0 0 0 0.00632822
386 387 0.0481338 0 -1.22945 0 0 0 0 -1.18132
387 388 0.0197885 0 -1.2121 0 0 0 0 -1.19231
388 389 8.56446e-05 0 -0.979287 0 0 0 0 -0.979201
389 390 0.0385762 0 -0 0 0 0 0 0.0385762
390 391 0.00279782 0 -1.27406 0 0 0 0 -1.27126
389 392 0 0 0 0 0 -0.00940161 -0 -0.00940161
388 392 0 0 0 0 0 -0.148731 0 -0.148731
391 392 0.142861 0 -1.22967 0 0 0 0 -1.08681
389 393 0 0 0 0 0 -0.140162 0 -0.140162
388 393 0 0 0 0 -0.416701 0 -0 -0.416701
387 393 0 0 0 0 0 -0.15809 0 -0.15809
392 393 0.0262705 0 -0.999303 0 0 0 0 -0.973033
388 394 0 0 0 0 0 -0.15204 0 -0.15204
387 394 0 0 0 0 -0.529116 0 -0 -0.529116
386 394 0 0 0 0 -5.08371e-28 -0.0976333 0 -0.0976333
384 394 0 0 0 0 0 -0.172855 0 -0.172855
393 394 0.018443 0 -1.25564 0 0 0 0 -1.2372
387 395 0 0 0 0 -0 -0.182728 0 -0.182728
386 395 0 0 0 0 -0.484073 0 -0 -0.484073
385 395 0 0 0 0 0 -0.0684371 0 -0.0684371
384 395 0 0 0 0 0 -0.000714937 -0 -0.000714937
383 395 0 0 0 0 0 -0.15403 0 -0.15403
394 395 0.000892531 0 -1.08644 0 0 0 0 -1.08555
386 396 0 0 0 0 0 -0.168136 0 -0.168136
384 396 0 0 0 0 0 -0.0925976 0 -0.0925976
383 396 0 0 0 0 -0.68516 0 -0 -0.68516
382 396 0 0 0 0 0 -0.196281 0 -0.196281
395 396 0.0558401 0 -1.30062 0 0 0 0 -1.24478
381 397 0 0 0 0 -4.72259e-29 -0.126886 0 -0.126886
383 397 0 0 0 0 0 -0.162666 0 -0.162666
382 397 0 0 0 0 -0.536803 0 -0 -0.536803
396 397 0.0532143 0 -1.17329 0 0 0 0 -1.12007
381 398 0 0 0 0 -0.875682 0 -0 -0.875682
380 398 0 0 0 0 0 -0.158218 0 -0.158218
382 398 0 0 0 0 -0 -0.113039 0 -0.113039
397 398 0.000305196 0 -1.06391 0 0 0 0 -1.06361
381 399 0 0 0 0 0 -0.000461723 0 -0.000461723
380 399 0 0 0 0 -0.72062 0 -0 -0.72062
398 399 0.00934159 0 -0.804585 0 0 0 0 -0.795243
#Total energy per particle is  -1.1293 and should be -1.129310
