#id1 id2 FENE BEXC STCK NEXC HB CRSTCK CXSTCK total, t = 200000
0 1 0.229818 0 -1.32053 0 0 0 0 -1.09071
1 2 0.0653875 0 -1.23671 0 0 0 0 -1.17132
2 3 0.089895 0 -0 0 0 0 0 0.089895
3 4 0.00434021 0 -1.24383 0 0 0 0 -1.23949
4 5 0.0503147 0 -0.92881 0 0 0 0 -0.878495
5 6 0.0146391 0 -1.24555 0 0 0 0 -1.23091
6 7 0.0389141 0 0 0 0 0 0 0.0389141
7 8 0.427161 0 -1.1942 0 0 0 0 -0.767043
6 9 0 0 0 0 0 -8.56805e-05 -0 -8.56805e-05
5 9 0 0 0 0 -0 -0.161305 0 -0.161305
8 9 0.0430339 0 -1.36173 0 0 0 0 -1.31869
6 10 0 0 0 0 0 -0.120208 0 -0.120208
5 10 0 0 0 0 -0.806369 0 -0 -0.806369
4 10 0 0 0 0 0 -0.161167 0 -0.161167
9 10 0.00263598 0 -1.11526 0 0 0 0 -1.11263
5 11 0 0 0 0 0 -0.1413 0 -0.1413
4 11 0 0 0 0 -0.805494 0 -0 -0.805494
3 11 0 0 0 0 0 -0.124115 0 -0.124115
2 11 0 0 0 0 0 -0.116266 -0 -0.116266
10 11 0.117783 0 -1.37337 0 0 0 0 -1.25559
4 12 0 0 0 0 0 -0.15176 0 -0.15176
3 12 0 0 0 0 0 -0.000601356 -0 -0.000601356
2 12 0 0 0 0 -0.687482 0 -0 -0.687482
1 12 0 0 0 0 -0 -0.00133825 -0 -0.00133825
11 12 0.00422179 0 -1.27413 0 0 0 0 -1.2699
3 13 0 0 0 0 0 -0.130377 0 -0.130377
2 13 0 0 0 0 -0 -0.108888 0 -0.108888
1 13 0 0 0 0 -0.588703 0 -0 -0.588703
0 13 0 0 0 0 0 -0.0200819 -0 -0.0200819
12 13 0.0373413 0 -1.05905 0 0 0 0 -1.0217
1 14 0 0 0 0 0 -0.110237 -0 -0.110237
0 14 0 0 0 0 -0.749487 0 -0 -0.749487
13 14 0.0112504 0 -1.17286 0 0 0 0 -1.16161
0 15 0 0 0 0 0 -0.0898418 0 -0.0898418
14 15 0.00313472 0 -1.32298 0 0 0 0 -1.31984
15 16 0.00352095 0 -0.622515 0 0 0 0 -0.618994
16 17 0.00123388 0 -1.15725 0 0 0 0 -1.15601
17 18 0.00564795 0 -1.23301 0 0 0 0 -1.22736
18 19 0.000399398 0 -1.15191 0 0 0 0 -1.15151
20 21 0.0173506 0 -1.15366 0 0 0 0 -1.13631
21 22 0.0632223 0 -0.931706 0 0 0 0 -0.868484
22 23 0.00429426 0 -0.816 0 0 0 0 -0.811706
23 24 0.0193338 0 -1.24783 0 0 0 0 -1.2285
24 25 0.00652196 0 -1.13092 0 0 0 0 -1.12439
25 26 0.00357238 0 0 0 0 0 0 0.00357238
26 27 0.0862482 0 -0.616053 0 0 0 0 -0.529805
27 28 0.000874675 0 -1.3839 0 0 0 0 -1.38303
28 29 0.00243478 0 -1.35457 0 0 0 0 -1.35213
29 30 0.00135492 0 0 0 0 0 0 0.00135492
30 31 0.00383974 0 -1.22264 0 0 0 0 -1.2188
28 32 0 0 0 0.00100689 0 0 -0 0.00100689
31 32 0.0563107 0 -1.30278 0 0 0 0 -1.24647
29 33 0 0 0 0 0 -0.000128488 0 -0.000128488
28 33 0 0 0 0 0 -0.00346707 0 -0.00346707
32 33 0.00778081 0 -1.01077 0 0 0 0 -1.00299
33 34 0.00352322 0 -1.39096 0 0 0 0 -1.38744
34 35 0.00306115 0.00186661 -0.830019 0 0 0 0 -0.825092
35 36 0.00391332 0 -1.27574 0 0 0 0 -1.27183
36 37 0.0171016 0 -1.19932 0 0 0 0 -1.18222
37 38 0.04214 0 -1.1602 0 0 0 0 -1.11806
38 39 0.0458987 0 -1.09351 0 0 0 0 -1.04761
40 41 0.0298818 0 -1.27183 0 0 0 0 -1.24195
41 42 0.000273529 0 -0.755309 0 0 0 0 -0.755036
42 43 0.12711 0 -0 0 0 0 0 0.12711
42 44 0 0 0 0 0 -0 -0.54698 -0.54698
43 44 0.0302958 0 -0.461061 0 0 0 0 -0.430766
44 45 0.0382559 0 -1.33426 0 0 0 0 -1.29601
45 46 0.0223393 0 -1.26039 0 0 0 0 -1.23805
46 47 0.0338624 0 -1.22903 0 0 0 0 -1.19517
47 48 0.0261455 0 -1.28992 0 0 0 0 -1.26377
45 49 0 0 0 0 -0 -0.0867909 -0 -0.0867909
48 49 0.0702451 0 -0 0 0 0 0 0.0702451
46 50 0 0 0 0 0 -0.0775131 0 -0.0775131
45 50 0 0 0 0 -0.550656 0 -0 -0.550656
44 50 0 0 0 0 0 -0.128123 0 -0.128123
49 50 0.00438965 0 -1.27553 0 0 0 0 -1.27114
42 51 0 0 0 0 0 -0.00449725 -0 -0.00449725
45 51 0 0 0 0 0 -0.166491 0 -0.166491
44 51 0 0 0 0 -0.373038 0 -0 -0.373038
43 51 0 0 0 0 0 -0.00341654 0 -0.00341654
50 51 0.0492413 0 -1.12926 0 0 0 0 -1.08002
42 52 0 0 0 0 -0.446898 0 -0 -0.446898
41 52 0 0 0 0 -0 -0.0778889 -0 -0.0778889
44 52 0 0 0 0 0 -0.0785134 0 -0.0785134
43 52 0 0 0 0 0 -1.58389e-16 0 -1.58389e-16
51 52 0.0162222 0 -0.821312 0 0 0 0 -0.80509
42 53 0 0 0 0 -0 -0.143538 0 -0.143538
41 53 0 0 0 0 -0.672798 0 -0 -0.672798
40 53 0 0 0 0 0 -0.113325 0 -0.113325
52 53 0.0233937 0 -1.12701 0 0 0 0 -1.10362
41 54 0 0 0 0 0 -0.179693 0 -0.179693
40 54 0 0 0 0 -0.858961 0 -0 -0.858961
53 54 0.0213116 0 -1.03475 0 0 0 0 -1.01343
40 55 0 0 0 0 0 -0.159005 0 -0.159005
54 55 0.0201714 0 -1.38448 0 0 0 0 -1.36431
55 56 0.0524706 0 -0.972103 0 0 0 0 -0.919632
56 57 0.0195998 0 -1.11094 0 0 0 0 -1.09134
57 58 0.00499414 0 -1.16745 0 0 0 0 -1.16245
58 59 0.0154561 0 0 0 0 0 0 0.0154561
60 61 0.0177394 0 -0.922516 0 0 0 0 -0.904776
61 62 0.000855781 0 -1.16997 0 0 0 0 -1.16911
62 63 0.00113818 0 -1.41301 0 0 0 0 -1.41187
63 64 0.0888596 0 -1.41278 0 0 0 0 -1.32392
64 65 0.00152341 0 -0.689356 0 0 0 0 -0.687832
65 66 0.0150806 0 -1.0287 0 0 0 0 -1.01362
66 67 0.0238617 0 -1.18492 0 0 0 0 -1.16106
67 68 0.000673614 0 -0 0 0 0 0 0.000673614
68 69 0.00124907 0 0 0 0 0 0 0.00124907
69 70 0.0751732 0 -1.39234 0 0 0 0 -1.31716
67 71 0 0 0 0 0 -0.175868 0 -0.175868
70 71 0.0140943 0 -0.910102 0 0 0 0 -0.896008
67 72 0 0 0 0 -0.633118 0 -0 -0.633118
66 72 0 0 0 0 -1.00156e-29 -0.190875 0 -0.190875
71 72 1.23411e-05 0 -1.36446 0 0 0 0 -1.36445
67 73 0 0 0 0 -0 -0.147823 0 -0.147823
66 73 0 0 0 0 -0.784472 0 -0 -0.784472
65 73 0 0 0 0 0 -0.110999 0 -0.110999
72 73 0.150216 0 -1.37405 0 0 0 0 -1.22383
66 74 0 0 0 0 0 -0.0857257 -0 -0.0857257
65 74 0 0 0 0 -0.693132 0 -0 -0.693132
64 74 0 0 0 0 0 -0.154414 -0 -0.154414
73 74 0.000420822 0 -0.846373 0 0 0 0 -0.845952
65 75 0 0 0 0 0 -0.114607 0 -0.114607
64 75 0 0 0 0 -0.826225 0 -0 -0.826225
63 75 0 0 0 0 0 -0.174021 -0 -0.174021
74 75 0.0438207 0 -1.29252 0 0 0 0 -1.2487
64 76 0 0 0 0 0 -0.198734 0 -0.198734
62 76 0 0 0 0 0 -0.101806 0 -0.101806
75 76 0.0732219 0 -1.41586 0 0 0 0 -1.34263
63 77 0 0 0 0 0 -0.00110119 0 -0.00110119
62 77 0 0 0 0 0 -0.0150904 0 -0.0150904
76 77 0.125957 0 -0.637996 0 0 0 0 -0.512039
77 78 0.0042373 0 -1.28166 0 0 0 0 -1.27742
78 79 0.00985203 0 -1.11635 0 0 0 0 -1.10649
80 81 0.0355861 0 -0.756473 0 0 0 0 -0.720887
81 82 0.000791495 0 0 0 0 0 0 0.000791495
82 83 0.0681579 0 -0.881485 0 0 0 0 -0.813327
83 84 0.0239831 0 -1.31125 0 0 0 0 -1.28727
84 85 0.00548584 0 -1.20205 0 0 0 0 -1.19656
85 86 0.00747866 0 -1.0203 0 0 0 0 -1.01282
86 87 1.18763e-06 0 -1.02914 0 0 0 0 -1.02914
87 88 0.0249467 0 -1.32114 0 0 0 0 -1.2962
88 89 0.00350365 0 -1.16575 0 0 0 0 -1.16224
89 90 0.0779513 0 0 0 0 0 0 0.0779513
90 91 0.0454612 0 -1.22604 0 0 0 0 -1.18058
86 92 0 0 0 0 -2.45998e-17 -0.126406 0 -0.126406
88 92 0 0 0 0 0 -0.158371 0 -0.158371
87 92 0 0 0 0 -0.528326 0 -0 -0.528326
91 92 0.0811803 0 0 0 0 0 0 0.0811803
86 93 0 0 0 0 -0.780681 0 -0 -0.780681
85 93 0 0 0 0 0 -0.17879 0 -0.17879
87 93 0 0 0 0 -0 -0.00593654 -0 -0.00593654
92 93 0.0354925 0 -0.838714 0 0 0 0 -0.803221
86 94 0 0 0 0 0 -0.139042 0 -0.139042
85 94 0 0 0 0 -0.791414 0 -0 -0.791414
84 94 0 0 0 0 0 -0.152198 0 -0.152198
93 94 0.0127716 0 -1.38981 0 0 0 0 -1.37703
85 95 0 0 0 0 0 -0.144191 0 -0.144191
84 95 0 0 0 0 -0.778126 0 -0 -0.778126
83 95 0 0 0 0 0 -0.164534 0 -0.164534
94 95 0.0173546 0 -0.963207 0 0 0 0 -0.945852
84 96 0 0 0 0 0 -0.084286 -0 -0.084286
82 96 0 0 0 0 0 -0.13635 0 -0.13635
95 96 2.74427e-05 0 -1.20181 0 0 0 0 -1.20178
83 97 0 0 0 0 0 -0.0577113 -0 -0.0577113
82 97 0 0 0 0 0 -0.000912898 -0 -0.000912898
96 97 0.0267579 0 -1.31231 0 0 0 0 -1.28555
97 98 0.0591493 0 -0.87145 0 0 0 0 -0.812301
98 99 0.0310903 0 0 0 0 0 0 0.0310903
100 101 0.00699227 0 -0.898201 0 0 0 0 -0.891209
101 102 0.0310573 0 -0.971439 0 0 0 0 -0.940382
102 103 0.049086 0 -0.910793 0 0 0 0 -0.861707
102 104 0 0 0 0 0 -0 -3.58785e-17 -3.58785e-17
103 104 0.00472906 0 -0 0 0 0 0 0.00472906
104 105 0.00534989 0 -1.07607 0 0 0 0 -1.07072
105 106 0.0273473 0 -1.01574 0 0 0 0 -0.988397
106 107 0.0151785 0 -1.29526 0 0 0 0 -1.28008
107 108 0.0781889 0 -1.36237 0 0 0 0 -1.28418
108 109 0.0626151 0 -1.23792 0 0 0 0 -1.17531
109 110 0.0238587 0 -1.23746 0 0 0 0 -1.2136
110 111 8.4444e-05 0 -1.20962 0 0 0 0 -1.20954
111 112 0.0621121 0 -1.05125 0 0 0 0 -0.989135
112 113 0.0142247 0 -0.971407 0 0 0 0 -0.957183
113 114 0.0164638 0 -1.35306 0 0 0 0 -1.3366
112 115 0 0 0 0 0 -1.4489e-05 -0 -1.4489e-05
111 115 0 0 0 0 0 -0.0345189 0 -0.0345189
114 115 0.00923809 0 -0 0 0 0 0 0.00923809
112 116 0 0 0 0 0 -0.0460712 0 -0.0460712
110 116 0 0 0 0 -0 -0.199054 0 -0.199054
115 116 0.146772 0 -1.2145 0 0 0 0 -1.06773
111 117 0 0 0 0 0 -0.152466 0 -0.152466
110 117 0 0 0 0 -0.686586 0 -0 -0.686586
109 117 0 0 0 0 0 -0.178779 0 -0.178779
116 117 0.0344708 0 -1.19628 0 0 0 0 -1.16181
110 118 0 0 0 0 0 -0.184886 0 -0.184886
109 118 0 0 0 0 -0.81351 0 -0 -0.81351
108 118 0 0 0 0 0 -0.0667913 -0 -0.0667913
117 118 0.122645 0 -1.22521 0 0 0 0 -1.10257
109 119 0 0 0 0 0 -0.173752 0 -0.173752
108 119 0 0 0 0 -0.741406 0 -0 -0.741406
107 119 0 0 0 0 0 -0.157952 0 -0.157952
118 119 0.034684 0 -1.05768 0 0 0 0 -1.023
120 121 0.104786 0 -1.22493 0 0 0 0 -1.12014
121 122 0.0903848 0 -1.16829 0 0 0 0 -1.07791
122 123 0.302932 0 -1.18412 0 0 0 0 -0.881187
123 124 0.0922823 0 0 0 0 0 0 0.0922823
124 125 0.0784902 0 -1.37505 0 0 0 0 -1.29656
125 126 0.014227 0 -1.09388 0 0 0 0 -1.07965
126 127 0.000734864 0 -1.37634 0 0 0 0 -1.37561
127 128 0.0928619 0 -1.36472 0 0 0 0 -1.27186
128 129 0.00956324 0 -1.2079 0 0 0 0 -1.19834
129 130 0.0464288 0 -1.0502 0 0 0 0 -1.00377
130 131 0.160417 0 -1.1777 0 0 0 0 -1.01728
131 132 0.0178635 0 -0.799801 0 0 0 0 -0.781938
132 133 0.00475404 0 -1.28283 0 0 0 0 -1.27807
133 134 0.0667688 0 -1.37729 0 0 0 0 -1.31052
134 135 0.00150161 0 -1.19567 0 0 0 0 -1.19417
135 136 0.00279352 0 -1.18063 0 0 0 0 -1.17784
136 137 0.133472 0 -1.23509 0 0 0 0 -1.10161
137 138 0.00196117 0 -1.12375 0 0 0 0 -1.12179
138 139 0.00110491 0 -1.33362 0 0 0 0 -1.33252
140 141 0.000460908 0 -1.12386 0 0 0 0 -1.1234
141 142 0.0217927 0 -1.16326 0 0 0 0 -1.14146
142 143 0.0120087 0 -1.34042 0 0 0 0 -1.32841
143 144 3.22333e-05 0 -1.06068 0 0 0 0 -1.06065
144 145 0.0535306 0 -1.20608 0 0 0 0 -1.15255
145 146 0.0465543 0 -1.07837 0 0 0 0 -1.03182
146 147 0.0125641 0 -1.02348 0 0 0 0 -1.01091
147 148 0.188357 0 -1.24091 0 0 0 0 -1.05256
148 149 0.0432671 0 -1.25328 0 0 0 0 -1.21002
149 150 0.00617668 0 -0 0 0 0 0 0.00617668
150 151 0.0668964 0 -0.985364 0 0 0 0 -0.918467
148 152 0 0 0 0 0 -0.104376 0 -0.104376
151 152 0.0338927 0 -1.22217 0 0 0 0 -1.18827
147 153 0 0 0 0 0 -0.17126 -0 -0.17126
148 153 0 0 0 0 -0.332477 0 -0 -0.332477
149 153 0 0 0 0 0 -0.0914295 -0 -0.0914295
152 153 0.00580348 0 -1.1267 0 0 0 0 -1.1209
147 154 0 0 0 0 -0.487676 -1.12207e-17 -0 -0.487676
146 154 0 0 0 0 -2.40752e-08 -0.0102948 0 -0.0102949
148 154 0 0 0 0 0 -0.0767728 0 -0.0767728
153 154 0.00134913 0 -1.2102 0 0 0 0 -1.20885
147 155 0 0 0 0 0 -0.0718377 0 -0.0718377
145 155 0 0 0 0 0 -0.0630497 -0 -0.0630497
154 155 0.0188226 0 -0.756611 0 0 0 0 -0.737789
146 156 0 0 0 0 0 -0.0561731 0 -0.0561731
155 156 0.11061 0 -1.33053 0 0 0 0 -1.21992
146 157 0 0 0 0 0 -0.00560012 0 -0.00560012
144 157 0 0 0 0 0 -0.175392 0 -0.175392
156 157 0.04454 0 -0 0 0 0 0 0.04454
145 158 0 0 0 0 0 -0.0876184 0 -0.0876184
144 158 0 0 0 0 -0.890831 0 -0 -0.890831
143 158 0 0 0 0 0 -0.14476 0 -0.14476
157 158 0.00949442 0 -1.17335 0 0 0 0 -1.16386
144 159 0 0 0 0 0 -0.172501 0 -0.172501
143 159 0 0 0 0 -0.530701 0 -0 -0.530701
142 159 0 0 0 0 0 -0.10606 0 -0.10606
158 159 0.139523 0 -1.30932 0 0 0 0 -1.16979
160 161 0.00144781 0 -1.19996 0 0 0 0 -1.19851
161 162 0.0430827 0 -1.12952 0 0 0 0 -1.08644
162 163 0.238247 0 -1.3997 0 0 0 0 -1.16146
163 164 0.0639707 0 -1.14927 0 0 0 0 -1.0853
164 165 0.041954 0 -1.13445 0 0 0 0 -1.0925
165 166 0.0010242 0 -1.29754 0 0 0 0 -1.29652
166 167 0.00507647 0 -1.10728 0 0 0 0 -1.10221
167 168 0.000253925 0 -1.31057 0 0 0 0 -1.31032
168 169 0.135618 0 -1.18438 0 0 0 0 -1.04876
169 170 0.137976 0 -1.12606 0 0 0 0 -0.988083
170 171 0.0725684 0 -1.18224 0 0 0 0 -1.10967
171 172 0.000637603 0 -0.393769 0 0 0 0 -0.393131
172 173 0.130144 0 -1.40332 0 0 0 0 -1.27317
173 174 0.0256661 0 -0.943737 0 0 0 0 -0.918071
174 175 0.00834136 0 -1.00153 0 0 0 0 -0.993192
175 176 0.0443414 0 -1.28191 0 0 0 0 -1.23757
176 177 0.0118023 0 -1.28713 0 0 0 0 -1.27532
177 178 0.131582 0 -0.918216 0 0 0 0 -0.786634
178 179 0.00921525 0 -1.1256 0 0 0 0 -1.11638
180 181 0.0133803 0 -1.35131 0 0 0 0 -1.33793
181 182 0.239476 0 -1.25957 0 0 0 0 -1.02009
182 183 0.00074387 0 -1.11329 0 0 0 0 -1.11254
183 184 0.017235 0 -1.3376 0 0 0 0 -1.32036
184 185 0.00012611 0 0 0 0 0 0 0.00012611
185 186 0.0432262 0 0 0 0 0 0 0.0432262
184 187 0 0 0 0 0 -0.0543381 0 -0.0543381
186 187 4.86106e-05 0 -1.41344 0 0 0 0 -1.41339
184 188 0 0 0 0 -0.583997 0 -0 -0.583997
183 188 0 0 0 0 0 -0.14936 0 -0.14936
187 188 0.00188956 0 -1.30607 0 0 0 0 -1.30418
184 189 0 0 0 0 0 -0.18342 -0 -0.18342
183 189 0 0 0 0 -0.885471 0 -0 -0.885471
182 189 0 0 0 0 0 -0.122198 -0 -0.122198
188 189 0.00177158 0 -1.19363 0 0 0 0 -1.19185
183 190 0 0 0 0 0 -0.18386 0 -0.18386
182 190 0 0 0 0 -0.854022 0 -0 -0.854022
181 190 0 0 0 0 -1.90933e-29 -0.129443 0 -0.129443
189 190 0.0561292 0 -1.22762 0 0 0 0 -1.1715
180 191 0 0 0 0 0 -0.148009 0 -0.148009
182 191 0 0 0 0 0 -0.179247 -0 -0.179247
190 191 0.00169254 0 -1.17362 0 0 0 0 -1.17193
181 192 0 0 0 0 0 -0.117345 0 -0.117345
191 192 0.0388754 0 -0.982766 0 0 0 0 -0.94389
180 193 0 0 0 0 -0 -0.0846883 0 -0.0846883
192 193 0.134396 0 -1.39131 0 0 0 0 -1.25691
193 194 0.14126 0 -1.1148 0 0 0 0 -0.973543
194 195 0.0215926 0 -1.18613 0 0 0 0 -1.16454
195 196 0.143973 0 -1.39184 0 0 0 0 -1.24786
196 197 0.0355969 0 0 0 0 0 0 0.0355969
197 198 3.68006e-06 0 -1.15236 0 0 0 0 -1.15235
198 199 0.0258913 0 -0.987682 0 0 0 0 -0.961791
200 201 0.000227956 0 -1.23277 0 0 0 0 -1.23255
201 202 0.103041 0 -1.28322 0 0 0 0 -1.18018
202 203 0.0328358 0 -1.21824 0 0 0 0 -1.18541
203 204 0.0041141 0 -1.3095 0 0 0 0 -1.30539
204 205 0.0011676 0 -1.3244 0 0 0 0 -1.32323
205 206 0.286453 0 0 0 0 0 0 0.286453
206 207 0.206833 0 -0.0492972 0 0 0 0 0.157535
207 208 0.052292 0 -1.21101 0 0 0 0 -1.15871
208 209 0.0161731 0 -1.35105 0 0 0 0 -1.33487
209 210 0.00251333 0 -1.20028 0 0 0 0 -1.19777
210 211 0.00238177 0 -1.16015 0 0 0 0 -1.15777
211 212 0.0158179 0 -1.07333 0 0 0 0 -1.05751
212 213 3.2869e-05 0 -1.05306 0 0 0 0 -1.05302
213 214 0.0117562 0 0 0 0 0 0 0.0117562
214 215 0.0379875 0 -1.05352 0 0 0 0 -1.01553
212 216 0 0 0 0 0 -0.0571669 0 -0.0571669
215 216 0.0717296 0 -1.20763 0 0 0 0 -1.1359
213 217 0 0 0 0 0 -0.0903362 -0 -0.0903362
212 217 0 0 0 0 -0.891442 0 -0 -0.891442
211 217 0 0 0 0 -1.79835e-28 -0.174075 0 -0.174075
216 217 0.0178886 0 -1.15884 0 0 0 0 -1.14095
212 218 0 0 0 0 -0 -0.178132 -0 -0.178132
211 218 0 0 0 0 -0.358825 0 -0 -0.358825
210 218 0 0 0 0 0 -0.172179 0 -0.172179
217 218 0.00925399 0 -1.33638 0 0 0 0 -1.32713
211 219 0 0 0 0 0 -0.153166 0 -0.153166
209 219 0 0 0 0 0 -0.130565 -0 -0.130565
218 219 0.0333774 0 -0.589626 0 0 0 0 -0.556249
220 221 0.0604551 0 -0.930898 0 0 0 0 -0.870443
221 222 9.99522e-05 0 -1.1796 0 0 0 0 -1.1795
222 223 0.0819757 0 -1.23678 0 0 0 0 -1.1548
223 224 0.113002 0 -1.31627 0 0 0 0 -1.20327
224 225 0.0132295 0 -1.25207 0 0 0 0 -1.23884
225 226 0.0382538 0 -1.31118 0 0 0 0 -1.27292
226 227 0.0412431 0 -0.960994 0 0 0 0 -0.919751
227 228 0.0430425 0 -1.29801 0 0 0 0 -1.25496
228 229 0.0590803 0 -1.2647 0 0 0 0 -1.20562
229 230 0.000146566 0 -1.11396 0 0 0 0 -1.11381
230 231 0.00441474 0 -1.12313 0 0 0 0 -1.11871
231 232 0.00306098 0 0 0 0 0 0 0.00306098
232 233 0.00651487 0 -1.20451 0 0 0 0 -1.198
233 234 0.00789106 0 -1.37037 0 0 0 0 -1.36248
234 235 0.0143099 0 -1.36297 0 0 0 0 -1.34866
229 236 0 0 0 0 -0 -0.0069049 0 -0.0069049
228 236 0 0 0 0 0 -0.000142183 -0 -0.000142183
227 236 0 0 0 0 0 -0.126409 0 -0.126409
235 236 0.115879 0 -0 0 0 0 0 0.115879
228 237 0 0 0 0 0 -0.202689 0 -0.202689
227 237 0 0 0 0 -0.822953 0 -0 -0.822953
226 237 0 0 0 0 -0 -0.0948133 -0 -0.0948133
236 237 0.0190984 0 -1.2188 0 0 0 0 -1.1997
227 238 0 0 0 0 -0 -0.13459 0 -0.13459
226 238 0 0 0 0 -0.610311 0 -0 -0.610311
225 238 0 0 0 0 0 -0.154539 0 -0.154539
237 238 0.208359 0 -1.17158 0 0 0 0 -0.963222
226 239 0 0 0 0 0 -0.14007 -0 -0.14007
225 239 0 0 0 0 -0.773204 0 -0 -0.773204
224 239 0 0 0 0 0 -0.124581 0 -0.124581
238 239 0.00493326 0 -1.34182 0 0 0 0 -1.33689
240 241 0.000533337 0 -0.862104 0 0 0 0 -0.861571
241 242 0.0519792 0 -1.12426 0 0 0 0 -1.07228
242 243 0.0181402 0 -1.15343 0 0 0 0 -1.13529
243 244 0.100649 0 -0.918739 0 0 0 0 -0.81809
244 245 0.0373776 0 0 0 0 0 0 0.0373776
245 246 0.00674719 0 -1.19184 0 0 0 0 -1.1851
244 247 0 0 0 0 0 -0.124873 0 -0.124873
246 247 0.531467 0 -1.05823 0 0 0 0 -0.526761
244 248 0 0 0 0 -0.808155 0 -0 -0.808155
243 248 0 0 0 0 0 -0.113076 0 -0.113076
247 248 0.0958544 0.0092877 -1.02741 0 0 0 0 -0.922264
244 249 0 0 0 0 0 -0.118509 0 -0.118509
243 249 0 0 0 0 -0.589141 0 -0 -0.589141
242 249 0 0 0 0 0 -0.127673 -0 -0.127673
248 249 0.0523752 0 -1.41333 0 0 0 0 -1.36096
243 250 0 0 0 0 0 -0.0778782 0 -0.0778782
242 250 0 0 0 0 -0.55975 -2.45677e-17 -0 -0.55975
241 250 0 0 0 0 -6.44992e-30 -0.17974 0 -0.17974
249 250 0.117832 0 -0.970352 0 0 0 0 -0.852519
242 251 0 0 0 0 0 -0.0855872 0 -0.0855872
250 251 0.0037197 0 -1.27328 0 0 0 0 -1.26956
241 252 0 0 0 0 0 -0.128067 -0 -0.128067
240 252 0 0 0 0 0 -0.00659696 -0 -0.00659696
251 252 0.0264349 0 -1.18597 0 0 0 0 -1.15953
252 253 0.137607 0 -1.17982 0 0 0 0 -1.04221
253 254 0.00911259 0 -0.835929 0 0 0 0 -0.826816
254 255 0.000821849 0 -1.23912 0 0 0 0 -1.2383
255 256 0.0297185 0 -1.34082 0 0 0 0 -1.31111
256 257 0.0130305 0 -1.25791 0 0 0 0 -1.24488
257 258 0.0503903 0 0 0 0 0 0 0.0503903
258 259 2.71998e-05 0 -1.14807 0 0 0 0 -1.14805
260 261 0.0298632 0 -1.07459 0 0 0 0 -1.04473
261 262 0.0109182 0 -0.922236 0 0 0 0 -0.911317
262 263 0.000604131 0 0 0 0 0 0 0.000604131
263 264 0.00606977 0 -1.23708 0 0 0 0 -1.23101
264 265 0.00354456 0 -1.22008 0 0 0 0 -1.21654
265 266 0.00892221 0 -0.943003 0 0 0 0 -0.934081
266 267 0.0504986 0 -1.04467 0 0 0 0 -0.994171
267 268 0.152917 0 -1.13324 0 0 0 0 -0.980321
268 269 0.169285 0 0 0 0 0 0 0.169285
269 270 0.175125 0 -0.264554 0 0 0 0 -0.0894294
270 271 0.00933467 0 -0.961963 0 0 0 0 -0.952629
271 272 0.0146742 0 -1.21434 0 0 0 0 -1.19967
272 273 0.00965773 0 -1.2783 0 0 0 0 -1.26864
273 274 0.0768337 0 -1.26659 0 0 0 0 -1.18976
274 275 0.0161152 0 -1.07817 0 0 0 0 -1.06206
275 276 0.00336324 0 -1.12839 0 0 0 0 -1.12503
276 277 0.0167765 0 -0.772495 0 0 0 0 -0.755718
277 278 0.0793966 0 -1.16685 0 0 0 0 -1.08746
278 279 0.0885281 0 -0.946139 0 0 0 0 -0.857611
280 281 0.00284606 0 -1.37918 0 0 0 0 -1.37633
281 282 0.159024 0 -1.1995 0 0 0 0 -1.04047
282 283 0.018905 0 -1.08933 0 0 0 0 -1.07042
283 284 0.0115394 0 -1.16125 0 0 0 0 -1.14971
284 285 0.00293459 0 -1.15937 0 0 0 0 -1.15644
285 286 0.0530818 0 -0.947181 0 0 0 0 -0.894099
286 287 0.0299756 0 -1.09948 0 0 0 0 -1.0695
287 288 0.023957 0 -0.880934 0 0 0 0 -0.856977
288 289 0.0274531 0 -1.22746 0 0 0 0 -1.20001
289 290 0.0610331 0 -1.28193 0 0 0 0 -1.2209
290 291 0.0830637 0 -1.18465 0 0 0 0 -1.10159
291 292 0.00349571 0 -0.58978 0 0 0 0 -0.586285
292 293 0.00202566 0 -1.25921 0 0 0 0 -1.25718
293 294 0.00791052 0 -1.01655 0 0 0 0 -1.00864
294 295 0.00972224 0 -1.35747 0 0 0 0 -1.34775
295 296 0.0985724 0 0 0 0 0 0 0.0985724
296 297 0.0157342 0 -1.09121 0 0 0 0 -1.07547
297 298 0.000485977 0 -1.30671 0 0 0 0 -1.30622
298 299 0.00944621 0 -1.25868 0 0 0 0 -1.24924
300 301 0.00785356 0 0 0 0 0 0 0.00785356
301 302 0.0299604 0 -1.00614 0 0 0 0 -0.976184
302 303 0.00350274 0 -1.30721 0 0 0 0 -1.3037
303 304 0.0479279 0 -0 0 0 0 0 0.0479279
304 305 0.00040503 0 -1.34441 0 0 0 0 -1.344
305 306 0.0329002 0 -0.86457 0 0 0 0 -0.83167
306 307 0.0176454 0 -1.03311 0 0 0 0 -1.01547
307 308 0.0131545 0 -1.15455 0 0 0 0 -1.1414
308 309 0.0414037 0 -0.97567 0 0 0 0 -0.934266
309 310 0.0395196 0 -0 0 0 0 0 0.0395196
310 311 0.00817019 0 -1.18004 0 0 0 0 -1.17187
308 312 0 0 0 0 0 -0.170246 0 -0.170246
311 312 0.000879251 0 -1.09293 0 0 0 0 -1.09205
309 313 0 0 0 0 0 -0.10703 -0 -0.10703
308 313 0 0 0 0 -0.695501 0 -0 -0.695501
307 313 0 0 0 0 0 -0.147341 0 -0.147341
312 313 0.0281416 0 -1.26994 0 0 0 0 -1.2418
308 314 0 0 0 0 0 -0.189461 0 -0.189461
307 314 0 0 0 0 -0.61156 0 -0 -0.61156
306 314 0 0 0 0 -0 -0.137631 0 -0.137631
313 314 0.102858 0 -1.2511 0 0 0 0 -1.14824
307 315 0 0 0 0 -0 -0.102502 -0 -0.102502
306 315 0 0 0 0 -0.612042 0 -0 -0.612042
305 315 0 0 0 0 0 -0.207372 0 -0.207372
314 315 0.0126805 0 -1.13002 0 0 0 0 -1.11734
306 316 0 0 0 0 0 -0.127886 0 -0.127886
305 316 0 0 0 0 -0.816753 0 -0 -0.816753
304 316 0 0 0 0 0 -0.197457 0 -0.197457
302 316 0 0 0 0 0 -0.0704282 -0 -0.0704282
315 316 0.0408826 0 -1.35669 0 0 0 0 -1.31581
305 317 0 0 0 0 0 -0.0353925 0 -0.0353925
304 317 0 0 0 0 0 -0.012816 -0 -0.012816
303 317 0 0 0 0 0 -0.180082 0 -0.180082
302 317 0 0 0 0 -0.633218 0 -0 -0.633218
301 317 0 0 0 0 -0 -0.168906 0 -0.168906
316 317 0.0241364 0 -0.926583 0 0 0 0 -0.902446
302 318 0 0 0 0 -0 -0.1369 0 -0.1369
301 318 0 0 0 0 -0.629433 0 -0 -0.629433
317 318 0.158361 0 -1.29712 0 0 0 0 -1.13876
301 319 0 0 0 0 0 -0.142825 0 -0.142825
318 319 0.00235478 0 -1.19308 0 0 0 0 -1.19073
320 321 0.0368448 0 -1.19766 0 0 0 0 -1.16082
321 322 0.00737824 0 -1.26254 0 0 0 0 -1.25516
322 323 0.0622917 0 -1.09397 0 0 0 0 -1.03168
323 324 2.57639e-05 0 -1.17302 0 0 0 0 -1.17299
324 325 0.0620035 0 -1.33529 0 0 0 0 -1.27329
325 326 0.00289049 0 -1.25836 0 0 0 0 -1.25547
326 327 0.0253941 0 -0.91301 0 0 0 0 -0.887616
327 328 0.0263938 0 -0.992038 0 0 0 0 -0.965644
328 329 0.000861955 0 -1.31224 0 0 0 0 -1.31138
329 330 0.00238733 0 -1.25078 0 0 0 0 -1.24839
330 331 0.28252 0 -1.0811 0 0 0 0 -0.79858
331 332 0.0175945 0 -1.31394 0 0 0 0 -1.29634
332 333 0.0393735 0 -1.22403 0 0 0 0 -1.18465
333 334 0.0476298 0 -1.43008 0 0 0 0 -1.38245
334 335 0.140064 0 -1.39935 0 0 0 0 -1.25929
333 336 0 0 0 0 0 -0.00217265 -0 -0.00217265
332 336 0 0 0 0 0 -0.0917352 0 -0.0917352
335 336 0.000127334 0 -0 0 0 0 0 0.000127334
333 337 0 0 0 0 0 -0.126593 0 -0.126593
332 337 0 0 0 0 -0.480905 0 -0 -0.480905
331 337 0 0 0 0 -3.03317e-28 -0.0838339 0 -0.0838339
336 337 0.0382366 0 -1.32665 0 0 0 0 -1.28842
332 338 0 0 0 0 -0 -0.194257 0 -0.194257
331 338 0 0 0 0 -0.673558 0 -0 -0.673558
330 338 0 0 0 0 0 -0.12817 -0 -0.12817
337 338 0.00139919 0 -1.04453 0 0 0 0 -1.04314
331 339 0 0 0 0 0 -0.197498 0 -0.197498
329 339 0 0 0 0 0 -0.000689581 -0 -0.000689581
338 339 0.0458223 0 -1.36657 0 0 0 0 -1.32075
340 341 0.0269584 0 -1.00318 0 0 0 0 -0.976226
268 342 0 0 0 0 0 -0.00168725 0 -0.00168725
267 342 0 0 0 0 0 -0.0408524 0 -0.0408524
266 342 0 0 0 0 0 -0.01609 0 -0.01609
341 342 0.00427798 0 -1.37782 0 0 0 0 -1.37354
267 343 0 0 0 0 0 -0.178742 0 -0.178742
265 343 0 0 0 0 0 -0.102682 -0 -0.102682
342 343 0.00125052 0 -1.1311 0 0 0 0 -1.12985
266 344 0 0 0 0 0 -0.170091 0 -0.170091
265 344 0 0 0 0 -0.855474 0 -0 -0.855474
264 344 0 0 0 0 0 -0.181842 0 -0.181842
343 344 0.238377 0 -1.36276 0 0 0 0 -1.12438
265 345 0 0 0 0 0 -0.189514 0 -0.189514
264 345 0 0 0 0 -0.71429 0 -0 -0.71429
263 345 0 0 0 0 0 -0.0683474 0 -0.0683474
344 345 0.00674456 0 -1.15103 0 0 0 0 -1.14428
264 346 0 0 0 0 0 -0.16623 0 -0.16623
345 346 0.021042 0 -1.09956 0 0 0 0 -1.07851
263 347 0 0 0 0 0 -0.0573018 -0 -0.0573018
346 347 1.7335e-05 0 -1.19752 0 0 0 0 -1.1975
347 348 0.00159193 0 -0.946481 0 0 0 0 -0.944889
348 349 0.00138081 0 -1.29214 0 0 0 0 -1.29076
349 350 0.0558896 0 -1.2783 0 0 0 0 -1.22241
350 351 0.00474336 0 -0.668456 0 0 0 0 -0.663713
351 352 0.0130499 0 -1.23496 0 0 0 0 -1.22191
352 353 0.0848529 0 -1.38914 0 0 0 0 -1.30429
353 354 0.0403871 0 0 0 0 0 0 0.0403871
354 355 0.000271873 0 0 0 0 0 0 0.000271873
353 356 0 0 0 0 0 -0.000243234 -0 -0.000243234
352 356 0 0 0 0 0 -0.167616 0 -0.167616
355 356 0.0176371 0 -0.93121 0 0 0 0 -0.913573
353 357 0 0 0 0 0 -0.177683 0 -0.177683
352 357 0 0 0 0 -0.789477 0 -0 -0.789477
351 357 0 0 0 0 -5.11047e-31 -0.183571 0 -0.183571
356 357 0.110276 0 -1.38934 0 0 0 0 -1.27907
352 358 0 0 0 0 -0 -0.19476 0 -0.19476
351 358 0 0 0 0 -0.789668 0 -0 -0.789668
350 358 0 0 0 0 0 -0.07212 -0 -0.07212
357 358 0.00233209 0 -1.11315 0 0 0 0 -1.11081
351 359 0 0 0 0 0 -0.111467 -0 -0.111467
349 359 0 0 0 0 0 -0.134825 0 -0.134825
358 359 0.0189974 0 -1.19251 0 0 0 0 -1.17352
360 361 0.0788256 0 -0.77064 0 0 0 0 -0.691814
361 362 0.0131874 0 -1.25553 0 0 0 0 -1.24234
362 363 0.317292 0 -1.15151 0 0 0 0 -0.834216
363 364 0.00062901 0 -1.01482 0 0 0 0 -1.01419
364 365 0.0232977 0 -1.28116 0 0 0 0 -1.25787
365 366 0.013036 0 -1.26372 0 0 0 0 -1.25069
366 367 0.00206769 0 -0.724704 0 0 0 0 -0.722636
365 368 0 0 0 0 0 -0.106943 0 -0.106943
364 368 0 0 0 0 -0.787963 0 -0 -0.787963
363 368 0 0 0 0 0 -0.137077 0 -0.137077
367 368 0.0391436 0 0 0 0 0 0 0.0391436
364 369 0 0 0 0 0 -0.0752278 0 -0.0752278
363 369 0 0 0 0 -0.601043 -2.53761e-19 -0 -0.601043
362 369 0 0 0 0 0 -0.106907 0 -0.106907
368 369 0.0123056 0 -1.20923 0 0 0 0 -1.19692
363 370 0 0 0 0 0 -0.0916512 0 -0.0916512
362 370 0 0 0 0 -0.606116 0 -0 -0.606116
361 370 0 0 0 0 -0 -0.112105 0 -0.112105
369 370 0.0633526 0 -1.35286 0 0 0 0 -1.2895
362 371 0 0 0 0 0 -0.0352986 0 -0.0352986
360 371 0 0 0 0 0 -0.0265293 -0 -0.0265293
370 371 5.2673e-05 0 -1.24403 0 0 0 0 -1.24398
361 372 0 0 0 0 0 -0.00530468 0 -0.00530468
360 372 0 0 0 0 0 -0.0172164 0 -0.0172164
371 372 0.095082 0 -0.918354 0 0 0 0 -0.823272
372 373 0.00168456 0 -1.32383 0 0 0 0 -1.32214
179 374 0 0 0 0 0 -0.0462674 0 -0.0462674
373 374 0.0967705 0 -1.33378 0 0 0 0 -1.23701
179 375 0 0 0 0 0 -0.0100555 -0 -0.0100555
178 375 0 0 0 0 0 -0.071559 0 -0.071559
374 375 0.00313801 0 -1.15551 0 0 0 0 -1.15237
179 376 0 0 0 0 0 -0.0731601 0 -0.0731601
178 376 0 0 0 0 -0.421247 0 -0 -0.421247
177 376 0 0 0 0 0 -0.145439 0 -0.145439
375 376 0.0119708 0 -1.25788 0 0 0 0 -1.24591
178 377 0 0 0 0 0 -0.0132521 0 -0.0132521
177 377 0 0 0 0 -0.732213 0 -0 -0.732213
176 377 0 0 0 0 -7.24528e-36 -0.0385837 -0 -0.0385837
376 377 0.187032 0 -1.35896 0 0 0 0 -1.17193
177 378 0 0 0 0 -0 -0.185991 0 -0.185991
176 378 0 0 0 0 -0.565948 0 -0 -0.565948
175 378 0 0 0 0 0 -0.0599912 -0 -0.0599912
377 378 0.0551993 0 -1.18188 0 0 0 0 -1.12668
176 379 0 0 0 0 0 -0.190387 0 -0.190387
175 379 0 0 0 0 -0.650242 0 -0 -0.650242
174 379 0 0 0 0 0 -0.135455 -0 -0.135455
378 379 0.05572 0 -0.878122 0 0 0 0 -0.822402
380 381 0.000650963 0 -1.03858 0 0 0 0 -1.03793
381 382 0.0454791 0 -1.078 0 0 0 0 -1.03252
382 383 0.00017178 0 -1.11347 0 0 0 0 -1.1133
383 384 0.119123 0 -1.16545 0 0 0 0 -1.04633
384 385 7.99818e-06 0 -1.22655 0 0 0 0 -1.22654
385 386 0.0979321 0 -0.938551 0 0 0 0 -0.840619
386 387 0.00239765 0 0 0 0 0 0 0.00239765
387 388 0.183109 0 0 0 0 0 0 0.183109
388 389 0.000503363 0 -1.35408 0 0 0 0 -1.35358
386 390 0 0 0 0 -0 -0.00010602 -0 -0.00010602
385 390 0 0 0 0 0 -0.0399829 0 -0.0399829
389 390 0.108206 0 -1.16518 0 0 0 0 -1.05697
386 391 0 0 0 0 0 -0.0329384 -0 -0.0329384
384 391 0 0 0 0 0 -0.0641489 -0 -0.0641489
390 391 0.0335222 0 -0.69783 0 0 0 0 -0.664308
385 392 0 0 0 0 0 -0.137218 0 -0.137218
384 392 0 0 0 0.00123824 0 0 -0 0.00123824
383 392 0 0 0 0 0 -0.0754598 -0 -0.0754598
391 392 0.000782518 0 -1.31235 0 0 0 0 -1.31157
384 393 0 0 0 0 0 -0.174806 0 -0.174806
383 393 0 0 0 0 -0.783339 0 -0 -0.783339
382 393 0 0 0 0 0 -0.0664654 -0 -0.0664654
392 393 0.00527948 0 -1.30894 0 0 0 0 -1.30366
393 394 0.0711191 0 0 0 0 0 0 0.0711191
394 395 0.0748773 0 -0.737008 0 0 0 0 -0.662131
395 396 0.0158917 0 -1.40578 0 0 0 0 -1.38989
393 397 0 0 0 0 0 0 -0.789761 -0.789761
383 397 0 0 0 0 0 -0.199455 0 -0.199455
382 397 0 0 0 0 -0.665542 0 -0 -0.665542
381 397 0 0 0 0 -7.82322e-28 -0.0858875 0 -0.0858875
396 397 0.000768641 0 0 0 0 0 0 0.000768641
382 398 0 0 0 0 -0 -0.179028 0 -0.179028
381 398 0 0 0 0 -0.828832 0 -0 -0.828832
380 398 0 0 0 0 0 -0.11701 0 -0.11701
397 398 0.23131 0 -1.31889 0 0 0 0 -1.08758
381 399 0 0 0 0 0 -0.187793 0 -0.187793
380 399 0 0 0 0 -0.580608 0 -0 -0.580608
398 399 0.000857821 0 -1.07571 0 0 0 0 -1.07485
#Total energy per particle is  -1.08512 and should be -1.0851210
