#id1 id2 FENE BEXC STCK NEXC HB CRSTCK CXSTCK total, t = 700000
0 1 0.0230557 0 -0.684579 0 0 0 0 -0.661523
1 2 0.0306243 0 -1.13174 0 0 0 0 -1.10112
2 3 0.142217 0 -1.32209 0 0 0 0 -1.17987
3 4 0.00818299 0 -1.24221 0 0 0 0 -1.23403
4 5 3.68301e-05 0 -1.20969 0 0 0 0 -1.20965
5 6 0.00109481 0 0 0 0 0 0 0.00109481
6 7 0.307594 0 -1.3048 0 0 0 0 -0.99721
7 8 0.0273448 0 -1.26261 0 0 0 0 -1.23526
8 9 0.0380044 0 -0.968345 0 0 0 0 -0.930341
3 10 0 0 0 0 -0 -0.172544 0 -0.172544
5 10 0 0 0 0 -0 -0.0494469 -0 -0.0494469
9 10 0.00690446 0 -1.03393 0 0 0 0 -1.02703
2 11 0 0 0 0 0 -0.167861 0 -0.167861
4 11 0 0 0 0 -0 -0.0598065 0 -0.0598065
10 11 0.0377145 0 -0.864255 0 0 0 0 -0.82654
1 12 0 0 0 0 -7.71629e-29 -0.199523 0 -0.199523
3 12 0 0 0 0 0 -0.0875327 0 -0.0875327
2 12 0 0 0 0 -0.610259 -1.0127e-08 -0 -0.610259
11 12 0.00823335 0 -1.2137 0 0 0 0 -1.20547
1 13 0 0 0 0 -0.688659 0 -0 -0.688659
0 13 0 0 0 0 0 -0.201362 0 -0.201362
2 13 0 0 0 0 -0 -0.103376 0 -0.103376
12 13 0.191223 0 -1.21754 0 0 0 0 -1.02632
1 14 0 0 0 0 0 -0.135124 0 -0.135124
0 14 0 0 0 0 -0.833566 0 -0 -0.833566
13 14 0.0123024 0 -1.30415 0 0 0 0 -1.29184
0 15 0 0 0 0 0 -0.127576 -0 -0.127576
14 15 0.00399259 0 -1.2351 0 0 0 0 -1.23111
15 16 0.000111419 0 0 0 0 0 0 0.000111419
16 17 0.132693 0 -1.25613 0 0 0 0 -1.12344
17 18 4.13881e-05 0 -1.35218 0 0 0 0 -1.35214
18 19 0.0704356 0 -1.42139 0 0 0 0 -1.35095
20 21 0.162947 0 -1.21622 0 0 0 0 -1.05328
21 22 0.00968365 0 -1.10329 0 0 0 0 -1.09361
22 23 0.0766141 0 0 0 0 0 0 0.0766141
23 24 0.143958 0 -1.23206 0 0 0 0 -1.0881
24 25 0.183585 0 -1.17285 0 0 0 0 -0.989268
25 26 0.025809 0 -1.03541 0 0 0 0 -1.0096
26 27 0.0305568 0 -0.93639 0 0 0 0 -0.905833
27 28 0.0172082 0 -1.19687 0 0 0 0 -1.17966
28 29 0.0991367 0 -1.16071 0 0 0 0 -1.06158
29 30 0.0880381 0 -1.22033 0 0 0 0 -1.1323
28 31 0 0 0 0 0 -0.00465632 -0 -0.00465632
27 31 0 0 0 0 0 -0.182924 0 -0.182924
30 31 0.0165746 0 -0 0 0 0 0 0.0165746
28 32 0 0 0 0 0 -0.00385949 0 -0.00385949
27 32 0 0 0 0 -0.585833 -7.08068e-17 -0 -0.585833
26 32 0 0 0 0 -9.2391e-29 -0.0956163 -0 -0.0956163
31 32 0.013822 0 -1.36389 0 0 0 0 -1.35007
27 33 0 0 0 0 -0 -0.141667 0 -0.141667
26 33 0 0 0 0 -0.781151 0 -0 -0.781151
25 33 0 0 0 0 0 -0.094526 0 -0.094526
32 33 0.484781 0 -1.0888 0 0 0 0 -0.604022
26 34 0 0 0 0 0 -0.126914 -0 -0.126914
25 34 0 0 0 0 -0.657235 0 -0 -0.657235
24 34 0 0 0 0 0 -0.104562 0 -0.104562
33 34 0.047594 0 -1.2622 0 0 0 0 -1.21461
25 35 0 0 0 0 0 -0.160712 0 -0.160712
24 35 0 0 0 0 -0.709098 -4.20837e-37 -0 -0.709098
23 35 0 0 0 0 0 -0.146196 0 -0.146196
34 35 0.0235611 0 -1.02235 0 0 0 0 -0.998793
23 36 0 0 0 0 0 -0.00439694 -0 -0.00439694
35 36 0.0352179 0 -1.2398 0 0 0 0 -1.20458
23 37 0 0 0 0 0 -0.11232 0 -0.11232
36 37 0.405398 0 -1.25482 0 0 0 0 -0.849424
37 38 0.133606 0 -1.3133 0 0 0 0 -1.17969
38 39 0.0187577 0 -1.27223 0 0 0 0 -1.25347
40 41 0.00328211 0 -1.21457 0 0 0 0 -1.21128
41 42 0.0642051 0 -1.27219 0 0 0 0 -1.20798
42 43 0.00513165 0 -1.29332 0 0 0 0 -1.28819
43 44 0.00387465 0 -0 0 0 0 0 0.00387465
44 45 0.0581302 0 -1.29614 0 0 0 0 -1.23801
45 46 0.00488822 0 -1.0625 0 0 0 0 -1.05761
46 47 0.00780385 0 -1.17733 0 0 0 0 -1.16952
47 48 0.0382186 0 -1.29462 0 0 0 0 -1.2564
46 49 0 0 0 0 0 -0.00558995 -0 -0.00558995
45 49 0 0 0 0 -0 -0.0112985 0 -0.0112985
48 49 0.0217526 0 -0 0 0 0 0 0.0217526
46 50 0 0 0 0 0 -0.118995 0 -0.118995
45 50 0 0 0 0 -0.84653 0 -0 -0.84653
44 50 0 0 0 0 0 -0.176163 0 -0.176163
49 50 4.52329e-05 0 -1.18487 0 0 0 0 -1.18482
45 51 0 0 0 0 0 -0.164644 0 -0.164644
44 51 0 0 0 0 -0.612706 0 -0 -0.612706
42 51 0 0 0 0 0 -0.136109 0 -0.136109
50 51 0.0563213 0 -1.14777 0 0 0 0 -1.09145
44 52 0 0 0 0 0 -0.0744582 0 -0.0744582
43 52 0 0 0 0 0 -0.189034 0 -0.189034
42 52 0 0 0 0 -0.632054 0 -0 -0.632054
41 52 0 0 0 0 -5.5259e-18 -0.145808 0 -0.145808
51 52 0.114708 0 -1.24576 0 0 0 0 -1.13105
42 53 0 0 0 0 -0 -0.168324 0 -0.168324
41 53 0 0 0 0 -0.794736 0 -0 -0.794736
40 53 0 0 0 0 0 -0.0891966 -0 -0.0891966
52 53 4.65414e-07 0 -0.817656 0 0 0 0 -0.817656
41 54 0 0 0 0 0 -0.156608 0 -0.156608
40 54 0 0 0 0 -0.659153 0 -0 -0.659153
53 54 0.0577156 0 -1.14935 0 0 0 0 -1.09163
40 55 0 0 0 0 0 -0.141791 -0 -0.141791
54 55 0.00698996 0 -1.40011 0 0 0 0 -1.39313
55 56 0.00357738 0 -1.19632 0 0 0 0 -1.19274
56 57 0.0394082 0 -1.14032 0 0 0 0 -1.10091
57 58 0.0416145 0 -1.117 0 0 0 0 -1.07538
58 59 0.00276996 0 -1.31439 0 0 0 0 -1.31162
60 61 0.0825132 0 -1.30455 0 0 0 0 -1.22204
61 62 0.0144473 0 -1.06048 0 0 0 0 -1.04603
62 63 0.00696589 0 -1.29461 0 0 0 0 -1.28764
63 64 9.22921e-08 0 -1.30671 0 0 0 0 -1.30671
64 65 0.00500325 0 -0.920377 0 0 0 0 -0.915374
65 66 2.44787e-06 0 -1.09478 0 0 0 0 -1.09478
66 67 0.0326417 0 -1.20285 0 0 0 0 -1.17021
67 68 0.0517564 0 -0.947841 0 0 0 0 -0.896084
68 69 0.011558 0 0 0 0 0 0 0.011558
69 70 0.0577305 0 -1.27634 0 0 0 0 -1.21861
68 71 0 0 0 0 0 -0.0021784 -0 -0.0021784
67 71 0 0 0 0 0 -0.153811 0 -0.153811
70 71 0.0224422 0 -1.21775 0 0 0 0 -1.1953
68 72 0 0 0 0 0 -0.081917 0 -0.081917
67 72 0 0 0 0 -0.826766 0 -0 -0.826766
66 72 0 0 0 0 -0 -0.107694 -0 -0.107694
71 72 0.0745626 0 -1.32068 0 0 0 0 -1.24611
67 73 0 0 0 0 -0 -0.142699 0 -0.142699
66 73 0 0 0 0 -0.7462 0 -0 -0.7462
65 73 0 0 0 0 0 -0.185955 0 -0.185955
72 73 0.0153465 0 -1.01886 0 0 0 0 -1.00351
66 74 0 0 0 0 0 -0.0900918 0 -0.0900918
65 74 0 0 0 0 -0.671258 0 -0 -0.671258
64 74 0 0 0 0 0 -0.149486 -0 -0.149486
73 74 0.0672262 0 -1.14199 0 0 0 0 -1.07477
65 75 0 0 0 0 0 -0.0931759 0 -0.0931759
64 75 0 0 0 0 -0.71476 0 -0 -0.71476
63 75 0 0 0 0 0 -0.141761 0 -0.141761
74 75 0.0290434 0 -1.28224 0 0 0 0 -1.2532
64 76 0 0 0 0 0 -0.0918755 -0 -0.0918755
62 76 0 0 0 0 0 -0.102537 -0 -0.102537
75 76 0.0175801 0 -1.30746 0 0 0 0 -1.28988
63 77 0 0 0 0 0 -0.0794773 -0 -0.0794773
61 77 0 0 0 0 0 -0.140903 0 -0.140903
76 77 0.000922422 0 -0.972333 0 0 0 0 -0.97141
62 78 0 0 0 0 0 -0.0513211 -0 -0.0513211
61 78 0 0 0 0 0 -0.0107718 -0 -0.0107718
60 78 0 0 0 0 0 -0.0133871 0 -0.0133871
77 78 0.130606 0 -0.959198 0 0 0 0 -0.828592
78 79 0.0186193 0 -1.16576 0 0 0 0 -1.14714
80 81 0.0180147 0 -1.33081 0 0 0 0 -1.3128
81 82 0.0230253 0 -1.32693 0 0 0 0 -1.30391
82 83 0.000627251 0 -0.939493 0 0 0 0 -0.938866
83 84 0.0350871 0 -1.21413 0 0 0 0 -1.17904
84 85 0.0811969 0 -0.632629 0 0 0 0 -0.551432
85 86 0.0823546 0 -1.03345 0 0 0 0 -0.951091
86 87 0.00379889 0 -1.25397 0 0 0 0 -1.25018
87 88 0.010361 0 -0.865105 0 0 0 0 -0.854744
88 89 0.00267941 0 0 0 0 0 0 0.00267941
89 90 0.000301653 0 0 0 0 0 0 0.000301653
87 91 0 0 0 0 0 -0.0792812 -0 -0.0792812
90 91 0.00145348 0 -1.25772 0 0 0 0 -1.25627
86 92 0 0 0 0 -0 -0.138233 -0 -0.138233
88 92 0 0 0 0 0 -0.0602987 0 -0.0602987
87 92 0 0 0 0 -0.255146 0 -0 -0.255146
91 92 0.0252338 0 -1.36545 0 0 0 0 -1.34022
86 93 0 0 0 0 -0.748458 0 -0 -0.748458
87 93 0 0 0 0 -0 -0.182681 0 -0.182681
85 93 0 0 0 0 0 -0.108171 0 -0.108171
92 93 0.0180985 0 -1.36709 0 0 0 0 -1.34899
86 94 0 0 0 0 0 -0.0417707 -0 -0.0417707
85 94 0 0 0 0 -0.898274 0 -0 -0.898274
84 94 0 0 0 0 0 -0.175076 0 -0.175076
93 94 0.0824764 0 -1.13413 0 0 0 0 -1.05165
85 95 0 0 0 0 0 -0.188871 0 -0.188871
84 95 0 0 0 0 -0.726663 0 -0 -0.726663
83 95 0 0 0 0 0 -0.133775 0 -0.133775
94 95 0.00988933 0 -1.2108 0 0 0 0 -1.20091
84 96 0 0 0 0 0 -0.106704 -0 -0.106704
82 96 0 0 0 0 0 -0.0643502 0 -0.0643502
95 96 0.02702 0 -1.11151 0 0 0 0 -1.08449
83 97 0 0 0 0 0 -0.10375 -0 -0.10375
81 97 0 0 0 0 0 -0.0318926 0 -0.0318926
96 97 0.0343337 0 -1.40354 0 0 0 0 -1.36921
80 98 0 0 0 0 0 -3.38039e-06 0 -3.38039e-06
97 98 0.000213966 0 -0.999462 0 0 0 0 -0.999248
82 99 0 0 0 0 0 -0.0544224 0 -0.0544224
80 99 0 0 0 0 -0 -0.0324773 -0 -0.0324773
98 99 0.00465961 0 -1.02652 0 0 0 0 -1.02186
100 101 0.00723125 0 -1.20249 0 0 0 0 -1.19526
101 102 0.0881217 0 -1.09042 0 0 0 0 -1.0023
102 103 0.0183593 0 -1.3042 0 0 0 0 -1.28584
103 104 0.0104582 0 -1.19104 0 0 0 0 -1.18058
104 105 0.00173222 0 0 0 0 0 0 0.00173222
105 106 0.00825788 0 -1.31663 0 0 0 0 -1.30838
106 107 0.000486757 0 -1.32068 0 0 0 0 -1.32019
107 108 0.117709 0 -1.33348 0 0 0 0 -1.21577
108 109 0.0101187 0 -1.20425 0 0 0 0 -1.19413
109 110 0.0522256 0 -1.40055 0 0 0 0 -1.34833
110 111 0.0184164 0 -1.21006 0 0 0 0 -1.19165
111 112 0.0186534 0 -1.39986 0 0 0 0 -1.38121
112 113 0.0126959 0 -1.23129 0 0 0 0 -1.21859
113 114 0.0655543 0 -0.975136 0 0 0 0 -0.909582
111 115 0 0 0 0 0 -0.0999469 0 -0.0999469
114 115 0.00250326 0 -0 0 0 0 0 0.00250326
112 116 0 0 0 0 0 -1.38018e-06 0 -1.38018e-06
110 116 0 0 0 0 -1.3668e-28 -0.149249 0 -0.149249
115 116 7.99029e-07 0 -0.86048 0 0 0 0 -0.860479
111 117 0 0 0 0 0 -0.0419844 0 -0.0419844
110 117 0 0 0 0 -0.896536 0 -0 -0.896536
109 117 0 0 0 0 0 -0.199383 0 -0.199383
116 117 0.00485914 0 -0.967262 0 0 0 0 -0.962402
110 118 0 0 0 0 0 -0.162243 0 -0.162243
109 118 0 0 0 0 -0.809855 0 -0 -0.809855
108 118 0 0 0 0 0 -0.189829 0 -0.189829
117 118 0.0183489 0 -0.973396 0 0 0 0 -0.955047
109 119 0 0 0 0 0 -0.143943 0 -0.143943
108 119 0 0 0 0 -0.620627 0 -0 -0.620627
107 119 0 0 0 0 0 -0.0893777 0 -0.0893777
118 119 0.0332502 0 -1.18206 0 0 0 0 -1.14881
120 121 0.00113379 0 -1.26987 0 0 0 0 -1.26874
121 122 0.0152029 0 -0.932621 0 0 0 0 -0.917418
122 123 0.124703 0 -1.22621 0 0 0 0 -1.10151
123 124 0.126914 0 -1.2714 0 0 0 0 -1.14448
124 125 0.245338 0 -1.15201 0 0 0 0 -0.906673
125 126 0.0337817 0 -1.32866 0 0 0 0 -1.29488
126 127 0.0213556 0 0 0 0 0 0 0.0213556
127 128 0.0957026 0 0 0 0 0 0 0.0957026
128 129 0.0004584 0 -1.0679 0 0 0 0 -1.06744
129 130 0.00557981 0 -1.10103 0 0 0 0 -1.09545
130 131 0.0330315 0 -1.31088 0 0 0 0 -1.27785
131 132 0.0258034 0 -1.05942 0 0 0 0 -1.03361
132 133 1.64769e-05 0 -1.18483 0 0 0 0 -1.18481
133 134 0.0349917 0 -1.35113 0 0 0 0 -1.31614
134 135 0.240544 0 0 0 0 0 0 0.240544
135 136 0.00137499 0 -0.905334 0 0 0 0 -0.903959
136 137 0.00541278 0 -1.31583 0 0 0 0 -1.31042
137 138 0.0212577 0 -1.15543 0 0 0 0 -1.13418
138 139 0.0421443 0 -1.34645 0 0 0 0 -1.3043
140 141 6.1287e-05 0 -1.36858 0 0 0 0 -1.36852
141 142 0.00643657 0.101014 -0.718629 0 0 0 0 -0.611178
142 143 0.000574365 0 -1.00852 0 0 0 0 -1.00794
143 144 1.17171e-06 0 -0.89563 0 0 0 0 -0.895629
144 145 0.000935672 0 0 0 0 0 0 0.000935672
145 146 0.00862853 0 -1.07681 0 0 0 0 -1.06818
144 147 0 0 0 0 0 -0.0056138 0 -0.0056138
146 147 0.052115 0 -1.28544 0 0 0 0 -1.23333
144 148 0 0 0 0 -0.350555 0 -0 -0.350555
143 148 0 0 0 0 0 -0.12755 0 -0.12755
147 148 0.0182868 0 -1.17876 0 0 0 0 -1.16047
142 149 0 0 0 0 0 -0.00325632 -0 -0.00325632
144 149 0 0 0 0 0 -0.0693004 0 -0.0693004
143 149 0 0 0 0 -0.514529 0 -0 -0.514529
148 149 0.0287991 0 -1.2673 0 0 0 0 -1.2385
142 150 0 0 0 0 -0.820855 0 -0 -0.820855
141 150 0 0 0 0 -0 -0.10926 0 -0.10926
143 150 0 0 0 0 0 -0.0453668 -0 -0.0453668
149 150 0.00716671 0 -1.08974 0 0 0 0 -1.08258
142 151 0 0 0 0 0 -0.122705 0 -0.122705
141 151 0 0 0 0 0 -0.0294106 0 -0.0294106
150 151 0.0749725 0 -1.36636 0 0 0 0 -1.29138
151 152 0.121336 0 -1.12972 0 0 0 0 -1.00839
152 153 0.0427603 0 -0.97387 0 0 0 0 -0.93111
153 154 0.0469618 0 -1.19637 0 0 0 0 -1.14941
154 155 0.0044042 0 -1.40964 0 0 0 0 -1.40524
155 156 0.0270886 0 -0.945173 0 0 0 0 -0.918085
156 157 0.0672109 0 -1.29602 0 0 0 0 -1.22881
157 158 0.0245038 0 -1.06386 0 0 0 0 -1.03936
158 159 0.00205623 0 -0.800883 0 0 0 0 -0.798827
160 161 0.0159315 0 -1.26518 0 0 0 0 -1.24924
161 162 0.00126624 0 -0.92716 0 0 0 0 -0.925893
162 163 0.00612257 0 -1.39717 0 0 0 0 -1.39105
163 164 0.00455797 0 -1.18388 0 0 0 0 -1.17932
164 165 0.00650447 0 -1.02288 0 0 0 0 -1.01637
165 166 0.137644 0 -1.21973 0 0 0 0 -1.08209
166 167 0.00179645 0 -1.22823 0 0 0 0 -1.22643
165 168 0 0 0 0 0 -0.00258602 -0 -0.00258602
164 168 0 0 0 0 -0.512511 0 -0 -0.512511
163 168 0 0 0 0 0 -0.0631558 -0 -0.0631558
167 168 0.0592956 0 0 0 0 0 0 0.0592956
164 169 0 0 0 0 0 -0.037834 -0 -0.037834
163 169 0 0 0 0 -0.598147 0 -0 -0.598147
162 169 0 0 0 0 0 -0.147596 0 -0.147596
168 169 0.0404103 0 -0.959358 0 0 0 0 -0.918948
163 170 0 0 0 0 0 -0.15829 0 -0.15829
162 170 0 0 0 0 -0.778753 0 -0 -0.778753
161 170 0 0 0 0 -0 -0.0015227 0 -0.0015227
169 170 0.0236022 0 -1.0961 0 0 0 0 -1.0725
162 171 0 0 0 0 0 -8.33179e-05 -0 -8.33179e-05
161 171 0 0 0 0 0 -0.0996468 0 -0.0996468
170 171 0.00479975 0 -0 0 0 0 0 0.00479975
162 172 0 0 0 0 0 -0.000236697 0 -0.000236697
160 172 0 0 0 0 0 -0.109204 -0 -0.109204
171 172 0.00038085 0 -1.37771 0 0 0 0 -1.37733
161 173 0 0 0 0 0 -0.187642 0 -0.187642
160 173 0 0 0 0 -0.901733 0 -0 -0.901733
172 173 0.000908413 0 -0.93623 0 0 0 0 -0.935321
160 174 0 0 0 0 0 -0.159797 0 -0.159797
173 174 0.109762 0 -1.31226 0 0 0 0 -1.2025
174 175 0.0127444 0 -1.28647 0 0 0 0 -1.27373
175 176 0.00118417 0 -1.19781 0 0 0 0 -1.19663
176 177 0.0104691 0 -1.06258 0 0 0 0 -1.05211
177 178 0.00500731 0 -1.27437 0 0 0 0 -1.26936
178 179 0.1151 0 -1.01023 0 0 0 0 -0.895125
180 181 0.0124762 0 -1.21352 0 0 0 0 -1.20104
181 182 0.00229342 0 -1.16739 0 0 0 0 -1.1651
182 183 0.0687839 0 -1.05406 0 0 0 0 -0.985277
183 184 0.0337531 0 -0.974529 0 0 0 0 -0.940776
184 185 0.0955097 0 -1.37077 0 0 0 0 -1.27526
185 186 0.024384 0 -1.04421 0 0 0 0 -1.01983
186 187 0.240813 0 -1.34304 0 0 0 0 -1.10222
187 188 0.00851992 0 -1.05441 0 0 0 0 -1.04589
188 189 0.00116721 0 -1.18848 0 0 0 0 -1.18732
189 190 0.0273863 0 -0.994131 0 0 0 0 -0.966745
190 191 0.00483874 0 -1.25297 0 0 0 0 -1.24814
191 192 0.0701092 0 -1.04965 0 0 0 0 -0.979536
192 193 0.221833 0 -1.1977 0 0 0 0 -0.975864
193 194 0.000139473 0 -1.32662 0 0 0 0 -1.32648
194 195 0.0464333 0 -1.32157 0 0 0 0 -1.27514
195 196 0.00960836 0 -1.13391 0 0 0 0 -1.1243
196 197 0.189636 0 -1.0294 0 0 0 0 -0.839766
197 198 0.00752014 0 -1.15909 0 0 0 0 -1.15157
198 199 0.00349242 0 -1.15194 0 0 0 0 -1.14844
200 201 0.0452485 0 -0.813669 0 0 0 0 -0.76842
201 202 0.0337072 0 -1.20891 0 0 0 0 -1.1752
202 203 2.21848e-06 0 -0.987432 0 0 0 0 -0.98743
203 204 0.0014837 0 -1.15713 0 0 0 0 -1.15564
204 205 0.0136734 0 -1.26628 0 0 0 0 -1.25261
205 206 0.0158826 0 -0.852959 0 0 0 0 -0.837077
206 207 0.000303335 0 -1.36944 0 0 0 0 -1.36913
207 208 0.276761 0 -1.23342 0 0 0 0 -0.956654
208 209 0.0951827 0 -0 0 0 0 0 0.0951827
209 210 0.0144699 0 -1.12974 0 0 0 0 -1.11527
210 211 6.39228e-07 0 -1.33109 0 0 0 0 -1.33109
211 212 0.0199103 0 -1.15206 0 0 0 0 -1.13215
212 213 0.00625003 0 -1.33875 0 0 0 0 -1.3325
213 214 0.055139 0 -1.36367 0 0 0 0 -1.30853
214 215 0.000623334 0 0 0 0 0 0 0.000623334
215 216 0.00948517 0 -1.21133 0 0 0 0 -1.20185
216 217 0.0179009 0 -0.955089 0 0 0 0 -0.937188
217 218 0.0472963 0 -1.39784 0 0 0 0 -1.35055
218 219 0.0354238 0 -1.37775 0 0 0 0 -1.34233
220 221 0.00986223 0 -0.854092 0 0 0 0 -0.84423
221 222 0.0193097 0 -1.2348 0 0 0 0 -1.21549
222 223 0.0311968 0 -1.29905 0 0 0 0 -1.26785
223 224 0.0995656 0 -1.24111 0 0 0 0 -1.14155
224 225 0.00898072 0 -1.35182 0 0 0 0 -1.34284
225 226 0.00531688 0 -1.30524 0 0 0 0 -1.29993
226 227 0.0915942 0 -1.3201 0 0 0 0 -1.22851
227 228 0.00141152 0 -1.22526 0 0 0 0 -1.22385
228 229 0.0892447 0 -0.611377 0 0 0 0 -0.522132
229 230 0.0365299 0 -1.18377 0 0 0 0 -1.14724
230 231 0.149378 0 -1.17342 0 0 0 0 -1.02404
231 232 0.0265227 0 -1.10366 0 0 0 0 -1.07714
232 233 0.083043 0 0 0 0 0 0 0.083043
233 234 0.00957837 0 -1.23867 0 0 0 0 -1.22909
228 235 0 0 0 0 -0 -0.0145791 0 -0.0145791
229 235 0 0 0 0 0 -0.027981 0 -0.027981
234 235 0.0174318 0 -1.16496 0 0 0 0 -1.14753
228 236 0 0 0 0 0 -5.62932e-17 -0 -5.62932e-17
227 236 0 0 0 0 0 -0.0430486 -0 -0.0430486
229 236 0 0 0 0 -0 -0.0275472 0 -0.0275472
235 236 1.1876e-05 0 -1.05787 0 0 0 0 -1.05786
228 237 0 0 0 0 0 -0.0927929 0 -0.0927929
227 237 0 0 0 0 -0.65265 0 -0 -0.65265
226 237 0 0 0 0 -2.10597e-28 -0.080897 0 -0.080897
236 237 0.367903 0 -1.1819 0 0 0 0 -0.814001
227 238 0 0 0 0 -0 -0.181722 0 -0.181722
226 238 0 0 0 0 -0.687449 0 -0 -0.687449
225 238 0 0 0 0 0 -0.102569 0 -0.102569
237 238 0.0160783 0 -1.15469 0 0 0 0 -1.13862
226 239 0 0 0 0 0 -0.135245 0 -0.135245
225 239 0 0 0 0 -0.225646 0 -0 -0.225646
224 239 0 0 0 0 0 -0.0658293 0 -0.0658293
238 239 0.0450761 0 -1.22227 0 0 0 0 -1.17719
240 241 0.00621058 0 -1.36288 0 0 0 0 -1.35667
241 242 0.0403753 0 0 0 0 0 0 0.0403753
242 243 0.00725999 0 -1.29013 0 0 0 0 -1.28287
243 244 1.63459e-06 0 -1.19427 0 0 0 0 -1.19427
244 245 0.0225132 0 -1.08274 0 0 0 0 -1.06023
245 246 0.0166683 0 -1.2175 0 0 0 0 -1.20083
246 247 0.00817301 0 -0.912013 0 0 0 0 -0.90384
244 248 0 0 0 0.0173909 -0 0 -0 0.0173909
243 248 0 0 0 0 0 -0.144106 -0 -0.144106
247 248 0.102842 0 0 0 0 0 0 0.102842
244 249 0 0 0 0 0 -0.044667 -0 -0.044667
243 249 0 0 0 0 -0.583314 0 -0 -0.583314
242 249 0 0 0 0 0 -0.153263 0 -0.153263
248 249 0.000323979 0 -1.20506 0 0 0 0 -1.20474
243 250 0 0 0 0 0 -0.125553 0 -0.125553
242 250 0 0 0 0 -0.640397 0 -0 -0.640397
249 250 0.00371565 0 -1.04547 0 0 0 0 -1.04176
242 251 0 0 0 0 0 -0.0223988 0 -0.0223988
250 251 0.0108126 0 -1.25502 0 0 0 0 -1.24421
251 252 0.00042691 0 -1.1923 0 0 0 0 -1.19187
252 253 0.0207025 0 -1.04204 0 0 0 0 -1.02134
253 254 0.00411286 0 -1.01052 0 0 0 0 -1.00641
254 255 0.0209603 0 -1.22855 0 0 0 0 -1.20759
255 256 0.0225092 0 -1.27487 0 0 0 0 -1.25236
256 257 0.0922776 0 -1.34103 0 0 0 0 -1.24875
257 258 0.0727771 0 -1.20111 0 0 0 0 -1.12833
258 259 0.0307368 0 0 0 0 0 0 0.0307368
260 261 0.0236403 0 -1.19065 0 0 0 0 -1.16701
261 262 0.00517742 0 -1.28378 0 0 0 0 -1.2786
262 263 0.0247251 0 -1.14689 0 0 0 0 -1.12217
263 264 0.041295 0 -1.10874 0 0 0 0 -1.06745
264 265 0.0685472 0 -1.00082 0 0 0 0 -0.932269
265 266 0.00307875 0 -1.21242 0 0 0 0 -1.20934
266 267 0.00455657 0 -1.35521 0 0 0 0 -1.35065
267 268 0.00587569 0 -0.778004 0 0 0 0 -0.772128
268 269 0.161211 0 -1.31256 0 0 0 0 -1.15135
269 270 0.111806 0 -1.1659 0 0 0 0 -1.05409
270 271 0.0142216 0 -0.773371 0 0 0 0 -0.75915
271 272 0.0353362 0 -1.36242 0 0 0 0 -1.32708
272 273 0.0373662 0 -1.20941 0 0 0 0 -1.17204
273 274 0.0306085 0 -0.885525 0 0 0 0 -0.854916
59 275 0 0 0 0 0 -0.00296274 -0 -0.00296274
58 275 0 0 0 0 -0 -0.142481 0 -0.142481
274 275 0.0498924 0 -1.30022 0 0 0 0 -1.25033
59 276 0 0 0 0 -0 -0.135164 -0 -0.135164
57 276 0 0 0 0 0 -0.102781 -0 -0.102781
275 276 0.00857395 0 -1.2215 0 0 0 0 -1.21293
58 277 0 0 0 0 0 -0.176592 0 -0.176592
57 277 0 0 0 0 -0.63431 0 -0 -0.63431
56 277 0 0 0 0 -1.45963e-31 -0.124071 0 -0.124071
276 277 0.00498845 0 -1.18326 0 0 0 0 -1.17827
57 278 0 0 0 0 -0 -0.110853 0 -0.110853
56 278 0 0 0 0 -0.756063 0 -0 -0.756063
55 278 0 0 0 0 0 -0.148646 0 -0.148646
277 278 0.00582362 0 -0.895529 0 0 0 0 -0.889706
56 279 0 0 0 0 0 -0.18294 0 -0.18294
55 279 0 0 0 0 -0.732803 0 -0 -0.732803
54 279 0 0 0 0 0 -0.196687 0 -0.196687
278 279 0.105475 0 -0.979353 0 0 0 0 -0.873878
280 281 0.00571506 0 -1.14566 0 0 0 0 -1.13994
281 282 0.128566 0 -1.28695 0 0 0 0 -1.15838
282 283 0.0305157 0 -1.18856 0 0 0 0 -1.15804
283 284 0.069841 0 -0 0 0 0 0 0.069841
284 285 0.0251036 0 -1.28647 0 0 0 0 -1.26136
285 286 0.108189 0 -1.31259 0 0 0 0 -1.2044
286 287 6.1708e-06 0 -1.14222 0 0 0 0 -1.14221
287 288 0.000610733 0 -1.29333 0 0 0 0 -1.29272
288 289 0.00111009 0 -1.35637 0 0 0 0 -1.35526
289 290 0.00731188 0 -1.03407 0 0 0 0 -1.02676
290 291 0.122682 0 -1.30856 0 0 0 0 -1.18588
287 292 0 0 0 0 0 -0.0174637 0 -0.0174637
291 292 0.0622792 0 0 0 0 0 0 0.0622792
288 293 0 0 0 0 -0 -0.0686827 -0 -0.0686827
286 293 0 0 0 0 0 -0.177679 -0 -0.177679
292 293 0.087282 0 -1.19191 0 0 0 0 -1.10463
285 294 0 0 0 0 0 -0.116638 0 -0.116638
287 294 0 0 0 0 -0 -0.178128 0 -0.178128
286 294 0 0 0 0 -0.799327 0 -0 -0.799327
293 294 0.010654 0 -1.24164 0 0 0 0 -1.23098
285 295 0 0 0 0 -0.817702 0 -0 -0.817702
284 295 0 0 0 0 0 -0.193465 0 -0.193465
283 295 0 0 0 0 -0 -0.0401246 -0 -0.0401246
286 295 0 0 0 0 0 -0.163685 0 -0.163685
294 295 0.00371893 0 -1.08335 0 0 0 0 -1.07963
285 296 0 0 0 0 0 -0.165348 0 -0.165348
284 296 0 0 0 0 -0.842194 0 -0 -0.842194
282 296 0 0 0 0 0 -0.14591 0 -0.14591
295 296 0.0193461 0 -1.18178 0 0 0 0 -1.16243
284 297 0 0 0 0 0 -0.16137 -0 -0.16137
283 297 0 0 0 0 0 -0.1349 -0 -0.1349
282 297 0 0 0 0 -0.801905 0 -0 -0.801905
281 297 0 0 0 0 -1.80233e-28 -0.169378 0 -0.169378
296 297 0.000173977 0 -1.25838 0 0 0 0 -1.25821
282 298 0 0 0 0 -0 -0.134927 0 -0.134927
281 298 0 0 0 0 -0.72071 0 -0 -0.72071
280 298 0 0 0 0 0 -0.152556 0 -0.152556
297 298 0.000898084 0 -0.872718 0 0 0 0 -0.87182
281 299 0 0 0 0 0 -0.143312 0 -0.143312
280 299 0 0 0 0 -0.605782 -2.10461e-27 -0 -0.605782
298 299 0.173602 0 -1.37332 0 0 0 0 -1.19972
300 301 0.0280964 0 -1.22312 0 0 0 0 -1.19502
301 302 0.000380039 0 -1.03174 0 0 0 0 -1.03136
302 303 0.0274367 0 0 0 0 0 0 0.0274367
303 304 5.96651e-06 0 0 0 0 0 0 5.96651e-06
304 305 0.166065 0 -1.32461 0 0 0 0 -1.15855
305 306 0.00139163 0 -1.25077 0 0 0 0 -1.24937
306 307 0.000823362 0 -1.13398 0 0 0 0 -1.13315
307 308 0.00425517 0 -0.779078 0 0 0 0 -0.774822
308 309 0.234855 0 -1.14758 0 0 0 0 -0.912727
309 310 0.00463794 0 -1.29547 0 0 0 0 -1.29084
310 311 0.0124709 0 -1.23666 0 0 0 0 -1.22419
309 312 0 0 0 0 0 -0.00805259 -0 -0.00805259
308 312 0 0 0 0 0 -0.0542082 0 -0.0542082
311 312 0.00130369 0 -0 0 0 0 0 0.00130369
307 313 0 0 0 0 0 -0.115329 0 -0.115329
309 313 0 0 0 0 0 -0.106897 0 -0.106897
308 313 0 0 0 0 -0.880444 0 -0 -0.880444
312 313 0.00362004 0 -1.20867 0 0 0 0 -1.20505
307 314 0 0 0 0 -0.667124 0 -0 -0.667124
306 314 0 0 0 0 -0 -0.141902 0 -0.141902
308 314 0 0 0 0 0 -0.169299 0 -0.169299
313 314 0.109896 0 -1.01108 0 0 0 0 -0.901186
307 315 0 0 0 0 -0 -0.166574 0 -0.166574
306 315 0 0 0 0 -0.559712 0 -0 -0.559712
305 315 0 0 0 0 0 -0.197344 0 -0.197344
314 315 0.00489221 0 -1.02014 0 0 0 0 -1.01525
306 316 0 0 0 0 0 -0.0884156 -0 -0.0884156
305 316 0 0 0 0 -0.801708 0 -0 -0.801708
304 316 0 0 0 0 0 -0.176001 0 -0.176001
302 316 0 0 0 0 0 -0.0968896 -0 -0.0968896
315 316 0.010331 0 -1.39114 0 0 0 0 -1.38081
301 317 0 0 0 0 -1.64075e-29 -0.168399 0 -0.168399
305 317 0 0 0 0 0 -0.077547 -0 -0.077547
304 317 0 0 0 0 0 -2.07038e-05 -0 -2.07038e-05
302 317 0 0 0 0 -0.526574 0 -0 -0.526574
316 317 1.28202e-06 0 -1.20696 0 0 0 0 -1.20696
301 318 0 0 0 0 -0.856641 0 -0 -0.856641
300 318 0 0 0 0 0 -0.149838 -0 -0.149838
304 318 0 0 0 0 0 -0.0281144 -0 -0.0281144
302 318 0 0 0 0 -0 -0.152058 0 -0.152058
317 318 0.0153887 0 -1.1858 0 0 0 0 -1.17042
301 319 0 0 0 0 0 -0.165737 0 -0.165737
300 319 0 0 0 0 -0.798716 0 -0 -0.798716
318 319 0.0402674 0 -1.24602 0 0 0 0 -1.20575
320 321 0.0120894 0 -1.00681 0 0 0 0 -0.994722
321 322 0.0328451 0 -1.32287 0 0 0 0 -1.29002
322 323 0.156894 0 -1.34991 0 0 0 0 -1.19301
323 324 0.0196786 0 -0 0 0 0 0 0.0196786
324 325 0.0221438 0 -1.31079 0 0 0 0 -1.28865
325 326 0.0812446 0 -1.28019 0 0 0 0 -1.19895
326 327 0.0438863 0 -0.825654 0 0 0 0 -0.781768
327 328 0.0403015 0 -1.24487 0 0 0 0 -1.20457
328 329 0.0766836 0 -1.08928 0 0 0 0 -1.0126
329 330 0.000562416 0 -1.24943 0 0 0 0 -1.24887
330 331 0.000662973 0 -1.10089 0 0 0 0 -1.10023
328 332 0 0 0 0 0 -0.0790731 0 -0.0790731
331 332 0.00458654 0 -0 0 0 0 0 0.00458654
329 333 0 0 0 0 0 -0.186686 0 -0.186686
328 333 0 0 0 0 -0.450011 0 -0 -0.450011
327 333 0 0 0 0 0 -0.175767 0 -0.175767
332 333 0.00073571 0 -0.934088 0 0 0 0 -0.933352
328 334 0 0 0 0 0 -0.180364 0 -0.180364
327 334 0 0 0 0 -0.760462 0 -0 -0.760462
326 334 0 0 0 0 -6.01488e-32 -0.140427 -0 -0.140427
333 334 0.00133527 0 -1.13193 0 0 0 0 -1.13059
323 335 0 0 0 0 0 -0.00689163 -0 -0.00689163
327 335 0 0 0 0 -0 -0.162685 0 -0.162685
326 335 0 0 0 0 -0.602577 0 -0 -0.602577
325 335 0 0 0 0 0 -0.106494 0 -0.106494
334 335 0.0210856 0 -1.20979 0 0 0 0 -1.18871
323 336 0 0 0 0 -0 -0.000663088 -0 -0.000663088
322 336 0 0 0 0 0 -0.123199 0 -0.123199
326 336 0 0 0 0 0 -0.167228 0 -0.167228
325 336 0 0 0 0 -0.538414 0 -0 -0.538414
324 336 0 0 0 0 0 -0.104422 0 -0.104422
335 336 0.00049533 0 -0.879436 0 0 0 0 -0.878941
323 337 0 0 0 0 0 -0.153649 0 -0.153649
322 337 0 0 0 0 -0.596015 0 -0 -0.596015
321 337 0 0 0 0 -0 -0.208388 0 -0.208388
325 337 0 0 0 0 0 -0.0868858 0 -0.0868858
324 337 0 0 0 0 0 -0.00966221 0 -0.00966221
336 337 1.30495e-05 0 -1.34928 0 0 0 0 -1.34927
322 338 0 0 0 0 -0 -0.172839 0 -0.172839
321 338 0 0 0 0 -0.795205 0 -0 -0.795205
320 338 0 0 0 0 0 -0.146295 0 -0.146295
337 338 0.00312621 0 -1.29089 0 0 0 0 -1.28776
321 339 0 0 0 0 0 -0.128065 -0 -0.128065
320 339 0 0 0 0 -0.637401 0 -0 -0.637401
338 339 0.0547677 0 -1.31283 0 0 0 0 -1.25806
271 341 0 0 0 0 0 -0.026673 0 -0.026673
270 341 0 0 0 0 -0 -0.0173912 0 -0.0173912
340 341 0.0652919 0 -1.30223 0 0 0 0 -1.23694
269 342 0 0 0 0 0 -0.118995 -0 -0.118995
271 342 0 0 0 0 0 -0.161613 0 -0.161613
270 342 0 0 0 0 -0.437129 0 -0 -0.437129
341 342 0.00229049 0 -1.24506 0 0 0 0 -1.24277
269 343 0 0 0 0 -0.866905 0 -0 -0.866905
268 343 0 0 0 0 0 -0.140097 0 -0.140097
270 343 0 0 0 0 0 -0.131488 -0 -0.131488
342 343 0.145437 0 -1.37792 0 0 0 0 -1.23249
269 344 0 0 0 0 0 -0.202266 0 -0.202266
268 344 0 0 0 0 -0.747311 0 -0 -0.747311
267 344 0 0 0 0 0 -0.0155395 0 -0.0155395
343 344 0.153655 0 -0.79753 0 0 0 0 -0.643875
268 345 0 0 0 0 0 -0.197094 0 -0.197094
266 345 0 0 0 0 0 -9.2746e-05 -0 -9.2746e-05
344 345 0.129278 0 -1.29722 0 0 0 0 -1.16794
267 346 0 0 0 0 0 -3.26431e-05 0 -3.26431e-05
265 346 0 0 0 0 0 -0.0465816 0 -0.0465816
345 346 0.0512297 0 -1.34719 0 0 0 0 -1.29596
266 347 0 0 0 0 0 -0.0611449 -0 -0.0611449
264 347 0 0 0 0 0 -0.1418 0 -0.1418
346 347 0.145226 0 -0.668171 0 0 0 0 -0.522945
263 348 0 0 0 0 0 -0.13904 -0 -0.13904
265 348 0 0 0 0 0 -0.107091 -0 -0.107091
264 348 0 0 0 0 -0.808438 0 -0 -0.808438
347 348 0.0130226 0 -1.20739 0 0 0 0 -1.19437
263 349 0 0 0 0 -0.75143 0 -0 -0.75143
262 349 0 0 0 0 0 -0.141354 0 -0.141354
264 349 0 0 0 0 0 -0.160971 -0 -0.160971
348 349 0.0103844 0 -0.56941 0 0 0 0 -0.559026
261 350 0 0 0 0 -0 -0.0989229 0 -0.0989229
263 350 0 0 0 0 0 -0.18568 0 -0.18568
262 350 0 0 0 0 -0.645454 0 -0 -0.645454
349 350 0.0234314 0 -1.27842 0 0 0 0 -1.25499
261 351 0 0 0 0 0 -0.0240866 -0 -0.0240866
260 351 0 0 0 0 0 -1.3278e-05 0 -1.3278e-05
262 351 0 0 0 0 0 -0.00103999 0 -0.00103999
350 351 0.000287266 0 -1.16796 0 0 0 0 -1.16768
351 352 0.0341376 0 -0.97871 0 0 0 0 -0.944572
212 353 0 0 0 0 0 -0.15207 0 -0.15207
352 353 0.0127184 0 -1.14277 0 0 0 0 -1.13005
211 354 0 0 0 0 -0 -0.136147 0 -0.136147
213 354 0 0 0 0 0 -0.131047 0 -0.131047
212 354 0 0 0 0 -0.751134 0 -0 -0.751134
353 354 0.00656607 0 -1.28162 0 0 0 0 -1.27506
211 355 0 0 0 0 -0.75058 0 -0 -0.75058
210 355 0 0 0 0 0 -0.149373 0 -0.149373
208 355 0 0 0 0 0 -0.0256492 -0 -0.0256492
212 355 0 0 0 0 -0 -0.21049 0 -0.21049
354 355 0.0728136 0 -1.35012 0 0 0 0 -1.27731
209 356 0 0 0 0 0 -0.0542709 0 -0.0542709
207 356 0 0 0 0 0 -0.0640321 -0 -0.0640321
211 356 0 0 0 0 0 -0.120086 0 -0.120086
210 356 0 0 0 0 0 -0.00065143 -0 -0.00065143
208 356 0 0 0 0 -0.410031 0 -0 -0.410031
355 356 0.150348 0 -1.16376 0 0 0 0 -1.01341
207 357 0 0 0 0 -0.298632 0 -0 -0.298632
206 357 0 0 0 0 -0 -0.155715 0 -0.155715
210 357 0 0 0 0 0 -0.0522509 -0 -0.0522509
208 357 0 0 0 0 0 -0.147907 0 -0.147907
356 357 0.505759 0 -1.30889 0 0 0 0 -0.80313
207 358 0 0 0 0 -0 -0.161059 0 -0.161059
206 358 0 0 0 0 -0.698523 0 -0 -0.698523
205 358 0 0 0 0 0 -0.108473 0 -0.108473
357 358 0.00418336 0 -1.18069 0 0 0 0 -1.1765
206 359 0 0 0 0 0 -0.0884752 0 -0.0884752
205 359 0 0 0 0 -0.679679 0 -0 -0.679679
204 359 0 0 0 0 0 -0.0950185 0 -0.0950185
358 359 0.0557938 0 -1.11158 0 0 0 0 -1.05578
360 361 0.0155205 0 -1.11765 0 0 0 0 -1.10213
361 362 0.0482458 0 -1.33432 0 0 0 0 -1.28608
362 363 2.53644e-08 0 -1.20205 0 0 0 0 -1.20205
363 364 0.081372 0 -0.921673 0 0 0 0 -0.840301
364 365 0.0833848 0 0 0 0 0 0 0.0833848
365 366 7.74877e-05 0 -1.27613 0 0 0 0 -1.27606
364 367 0 0 0 0 0 -0.0356952 0 -0.0356952
366 367 0.000543677 0 -0.736626 0 0 0 0 -0.736082
364 368 0 0 0 0 -0.615368 -5.96068e-27 -0 -0.615368
363 368 0 0 0 0 0 -0.187543 0 -0.187543
367 368 0.000131593 0 -0.952133 0 0 0 0 -0.952001
364 369 0 0 0 0 0 -0.144613 0 -0.144613
363 369 0 0 0 0 -0.666227 0 -0 -0.666227
362 369 0 0 0 0 0 -0.198797 0 -0.198797
368 369 1.67758e-06 0 -1.28433 0 0 0 0 -1.28433
363 370 0 0 0 0 0 -0.116371 -0 -0.116371
362 370 0 0 0 0 -0.581351 0 -0 -0.581351
361 370 0 0 0 0 -0 -0.19672 0 -0.19672
369 370 0.000888147 0 -1.20177 0 0 0 0 -1.20088
362 371 0 0 0 0 0 -0.164077 -0 -0.164077
360 371 0 0 0 0 0 -0.000569559 0 -0.000569559
370 371 0.00239386 0 -1.34038 0 0 0 0 -1.33799
361 372 0 0 0 0 0 -0.109375 -0 -0.109375
371 372 0.0710209 0 -1.33167 0 0 0 0 -1.26065
372 373 0.0153273 0 -1.08731 0 0 0 0 -1.07198
373 374 0.00629737 0 0 0 0 0 0 0.00629737
179 375 0 0 0 0 0 -0.0208296 0 -0.0208296
178 375 0 0 0 0 0 -0.175648 0 -0.175648
374 375 0.0258317 0 -0.983479 0 0 0 0 -0.957648
179 376 0 0 0 0 0 -5.39123e-07 0 -5.39123e-07
178 376 0 0 0 0 -0.460503 0 -0 -0.460503
177 376 0 0 0 0 0 -0.0576424 -0 -0.0576424
375 376 0.00288688 0 -1.22782 0 0 0 0 -1.22493
178 377 0 0 0 0 0 -0.118796 0 -0.118796
177 377 0 0 0 0 -0.508133 0 -0 -0.508133
176 377 0 0 0 0 -0 -0.159271 0 -0.159271
376 377 0.0218619 0 -0.874668 0 0 0 0 -0.852806
177 378 0 0 0 0 -0 -0.202134 0 -0.202134
176 378 0 0 0 0 -0.840388 0 -0 -0.840388
175 378 0 0 0 0 0 -0.180616 0 -0.180616
377 378 0.0046298 0 -1.05437 0 0 0 0 -1.04974
176 379 0 0 0 0 0 -0.18909 0 -0.18909
175 379 0 0 0 0 -0.684883 0 -0 -0.684883
174 379 0 0 0 0 0 -0.124936 0 -0.124936
378 379 0.0873142 0 -1.3052 0 0 0 0 -1.21789
380 381 0.00691941 0 -1.2804 0 0 0 0 -1.27348
381 382 0.00571095 0 -1.13388 0 0 0 0 -1.12817
382 383 0.0283135 0 -0 0 0 0 0 0.0283135
383 384 0.00708301 0 -1.32707 0 0 0 0 -1.31999
384 385 0.0131113 0 -1.34209 0 0 0 0 -1.32898
385 386 0.0533837 0 -0.750333 0 0 0 0 -0.696949
386 387 0.000206936 0 -1.10237 0 0 0 0 -1.10216
387 388 0.00318429 0 -1.24169 0 0 0 0 -1.23851
388 389 0.0340263 0 -1.05653 0 0 0 0 -1.0225
389 390 0.0614936 0 0 0 0 0 0 0.0614936
390 391 0.0588298 0 -0.994182 0 0 0 0 -0.935352
388 392 0 0 0 0 0 -0.0366805 0 -0.0366805
391 392 0.0132803 0 -1.04603 0 0 0 0 -1.03275
389 393 0 0 0 0 0 -0.195701 0 -0.195701
388 393 0 0 0 0 -0.709264 0 -0 -0.709264
387 393 0 0 0 0 0 -0.177157 0 -0.177157
392 393 0.063819 0 -1.19827 0 0 0 0 -1.13445
388 394 0 0 0 0 0 -0.18049 0 -0.18049
387 394 0 0 0 0 -0.822934 0 -0 -0.822934
386 394 0 0 0 0 -0 -0.155387 -0 -0.155387
393 394 0.000347695 0 -0.719522 0 0 0 0 -0.719175
387 395 0 0 0 0 -0 -0.0417585 0 -0.0417585
386 395 0 0 0 0 -0.481906 0 -0 -0.481906
385 395 0 0 0 0 0 -0.14103 0 -0.14103
394 395 0.233166 0 -0.862761 0 0 0 0 -0.629595
386 396 0 0 0 0 0 -0.0774186 0 -0.0774186
385 396 0 0 0 0 -0.471616 0 -0 -0.471616
384 396 0 0 0 0 0 -0.136573 -0 -0.136573
395 396 0.0321852 0 -1.27872 0 0 0 0 -1.24653
385 397 0 0 0 0 0 -0.0575775 0 -0.0575775
383 397 0 0 0 0 0 -0.013479 -0 -0.013479
382 397 0 0 0 0 -0 -0.00465318 -0 -0.00465318
396 397 0.00830291 0 -1.25135 0 0 0 0 -1.24304
382 398 0 0 0 0 -0 -0.0621804 0 -0.0621804
381 398 0 0 0 0 -0.412681 0 -0 -0.412681
380 398 0 0 0 0 0 -0.193886 0 -0.193886
397 398 0.0030538 0 -0.873679 0 0 0 0 -0.870625
381 399 0 0 0 0 0 -0.155325 -0 -0.155325
380 399 0 0 0 0 -0.694464 0 -0 -0.694464
398 399 0.0198516 0 -1.3592 0 0 0 0 -1.33935
#Total energy per particle is  -1.1702 and should be -1.170210
