#id1 id2 FENE BEXC STCK NEXC HB CRSTCK CXSTCK total, t = 900000
0 1 0.0760966 0 -1.22631 0 0 0 0 -1.15022
1 2 0.00178658 0 -1.36104 0 0 0 0 -1.35925
2 3 0.097085 0 -0.748839 0 0 0 0 -0.651754
3 4 0.0851995 0 -0.217477 0 0 0 0 -0.132277
4 5 2.54002e-05 0 -0.737506 0 0 0 0 -0.737481
5 6 0.00552148 0 -1.11828 0 0 0 0 -1.11276
6 7 0.0815956 0 0 0 0 0 0 0.0815956
6 8 0 0 0 0.0980928 0 0 0 0.0980928
7 8 0.00889734 0 -1.276 0 0 0 0 -1.26711
5 9 0 0 0 0 -0 -0.0455589 0 -0.0455589
6 9 0 0 0 0 0 -0.00372164 -0 -0.00372164
8 9 0.370143 0 -1.17069 0 0 0 0 -0.800551
4 10 0 0 0 0 0 -0.178608 0 -0.178608
5 10 0 0 0 0 -0.715565 0 -0 -0.715565
6 10 0 0 0 0 0 -0.0960481 -0 -0.0960481
9 10 1.41993e-05 0 -1.29923 0 0 0 0 -1.29921
4 11 0 0 0 0 -0.734997 0 -0 -0.734997
3 11 0 0 0 0 0 -6.7858e-05 0 -6.7858e-05
5 11 0 0 0 0 0 -0.191346 0 -0.191346
10 11 0.00571796 0 -1.19318 0 0 0 0 -1.18746
4 12 0 0 0 0 0 -0.179552 0 -0.179552
2 12 0 0 0 0 -0 -0.156735 0 -0.156735
11 12 0.00178025 0 -0.907268 0 0 0 0 -0.905488
3 13 0 0 0 0 0 -0.0826483 0 -0.0826483
2 13 0 0 0 0 -0.804662 0 -0 -0.804662
1 13 0 0 0 0 -0 -0.151787 0 -0.151787
12 13 0.0575998 0 -0.336642 0 0 0 0 -0.279042
2 14 0 0 0 0 0 -0.100169 0 -0.100169
1 14 0 0 0 0 0 -0.00510539 -0 -0.00510539
13 14 0.00114896 0 -1.39069 0 0 0 0 -1.38954
1 15 0 0 0 0 0 -0.0140544 0 -0.0140544
14 15 0.00163922 0 -1.2386 0 0 0 0 -1.23696
15 16 0.00605177 0 -1.33222 0 0 0 0 -1.32617
16 17 0.0576014 0 -1.11839 0 0 0 0 -1.06079
17 18 0.200347 0 -1.05765 0 0 0 0 -0.857303
18 19 0.034468 0 -1.01218 0 0 0 0 -0.977714
20 21 0.000558779 0 -1.06035 0 0 0 0 -1.05979
21 22 0.00304223 0 -1.36156 0 0 0 0 -1.35852
22 23 0.137252 0 -1.09156 0 0 0 0 -0.954313
23 24 0.0131597 0 -1.24033 0 0 0 0 -1.22717
24 25 0.00530778 0 -1.11783 0 0 0 0 -1.11253
25 26 0.0462841 0 -1.27969 0 0 0 0 -1.23341
26 27 0.023179 0 -1.01464 0 0 0 0 -0.991459
27 28 0.00514806 0 -1.33792 0 0 0 0 -1.33277
28 29 0.00118874 0 -0.931328 0 0 0 0 -0.930139
29 30 0.0135257 0 -0.73903 0 0 0 0 -0.725504
27 31 0 0 0 0 0 -0.151562 0 -0.151562
28 31 0 0 0 0 0 -0.0184303 -0 -0.0184303
30 31 0.000101663 0 -0 0 0 0 0 0.000101663
27 32 0 0 0 0 -0.778169 0 -0 -0.778169
26 32 0 0 0 0 -1.50934e-29 -0.137868 -0 -0.137868
28 32 0 0 0 0 0 -0.0440392 0 -0.0440392
31 32 0.00929178 0 -1.34936 0 0 0 0 -1.34007
27 33 0 0 0 0 -0 -0.175811 0 -0.175811
26 33 0 0 0 0 -0.807753 0 -0 -0.807753
25 33 0 0 0 0 0 -0.0725877 -0 -0.0725877
32 33 0.00279896 0 -1.13985 0 0 0 0 -1.13705
26 34 0 0 0 0 0 -0.135664 0 -0.135664
25 34 0 0 0 0 -0.758869 0 -0 -0.758869
24 34 0 0 0 0 0 -0.192557 0 -0.192557
33 34 0.125304 0 -1.08464 0 0 0 0 -0.959336
25 35 0 0 0 0 0 -0.104954 0 -0.104954
24 35 0 0 0 0 -0.780817 0 -0 -0.780817
23 35 0 0 0 0 0 -0.158985 0 -0.158985
34 35 0.00750888 0 -0.983004 0 0 0 0 -0.975495
24 36 0 0 0 0 0 -0.0829826 -0 -0.0829826
22 36 0 0 0 0 0 -0.102431 -0 -0.102431
35 36 0.107363 0 -1.19626 0 0 0 0 -1.08889
36 37 0.00901176 0 0 0 0 0 0 0.00901176
37 38 0.0343812 0 -1.20029 0 0 0 0 -1.16591
38 39 0.00549276 0 -0.989039 0 0 0 0 -0.983546
40 41 0.0683931 0 -0.846715 0 0 0 0 -0.778321
41 42 0.00564038 0 -1.29404 0 0 0 0 -1.2884
42 43 0.152333 0 -1.17895 0 0 0 0 -1.02661
43 44 0.0497347 0 -1.31984 0 0 0 0 -1.27011
44 45 0.0895499 0 -0.882795 0 0 0 0 -0.793245
45 46 0.000579791 0 -0.735482 0 0 0 0 -0.734902
46 47 0.0117552 0 -1.21455 0 0 0 0 -1.20279
47 48 0.000132757 0 0 0 0 0 0 0.000132757
48 49 0.0206898 0 -1.36017 0 0 0 0 -1.33948
44 50 0 0 0 0 0 -0.047306 0 -0.047306
49 50 0.0160138 0 -1.0727 0 0 0 0 -1.05669
44 51 0 0 0 0 -0 -0.0183237 0 -0.0183237
42 51 0 0 0 0 0 -0.0993831 0 -0.0993831
50 51 0.0158352 0 -0.653858 0 0 0 0 -0.638023
43 52 0 0 0 0 0 -0.16557 0 -0.16557
42 52 0 0 0 0 -0.807918 0 -0 -0.807918
41 52 0 0 0 0 -2.7111e-29 -0.191521 0 -0.191521
51 52 0.014137 0 -0.858882 0 0 0 0 -0.844745
42 53 0 0 0 0 -0 -0.188181 -0 -0.188181
41 53 0 0 0 0 -0.667794 0 -0 -0.667794
40 53 0 0 0 0 0 -0.113362 0 -0.113362
52 53 0.00162383 0 -1.30148 0 0 0 0 -1.29986
41 54 0 0 0 0 0 -0.0184317 -0 -0.0184317
40 54 0 0 0 0 -0.768043 0 -0 -0.768043
53 54 0.013519 0 -0.962123 0 0 0 0 -0.948604
40 55 0 0 0 0 0 -0.117577 0 -0.117577
54 55 0.0113878 0 -1.25408 0 0 0 0 -1.24269
55 56 0.00603547 0 -0.724727 0 0 0 0 -0.718692
56 57 0.0516305 0 -1.02527 0 0 0 0 -0.973638
57 58 1.36753e-05 0 -1.0912 0 0 0 0 -1.09119
58 59 0.0292852 0 -1.11001 0 0 0 0 -1.08073
60 61 0.00275433 0 -1.13556 0 0 0 0 -1.1328
61 62 0.0488821 0 -1.09757 0 0 0 0 -1.04869
62 63 0.00241467 0 -1.12568 0 0 0 0 -1.12327
63 64 0.00788841 0 0 0 0 0 0 0.00788841
64 65 0.0614568 0 -1.31784 0 0 0 0 -1.25638
65 66 0.0370645 0 -1.13376 0 0 0 0 -1.0967
66 67 0.0118985 0 -1.29775 0 0 0 0 -1.28585
67 68 0.000380592 0 -1.32928 0 0 0 0 -1.32889
68 69 0.000371478 0 -0 0 0 0 0 0.000371478
69 70 0.0491226 0 -1.32265 0 0 0 0 -1.27353
67 71 0 0 0 0 0 -0.150501 0 -0.150501
70 71 0.0444285 0 -1.25405 0 0 0 0 -1.20963
68 72 0 0 0 0 0 -0.125823 -0 -0.125823
66 72 0 0 0 0 -0 -0.199695 0 -0.199695
67 72 0 0 0 0 -0.715027 0 -0 -0.715027
71 72 0.0147253 0 -1.12604 0 0 0 0 -1.11132
66 73 0 0 0 0 -0.697016 0 -0 -0.697016
65 73 0 0 0 0 0 -0.137811 0 -0.137811
67 73 0 0 0 0 -0 -0.13451 0 -0.13451
72 73 0.0196736 0 -1.19149 0 0 0 0 -1.17182
66 74 0 0 0 0 0 -0.0392155 -0 -0.0392155
65 74 0 0 0 0 -0.709437 0 -0 -0.709437
64 74 0 0 0 0 0 -0.129852 0 -0.129852
73 74 0.0437274 0 -1.1243 0 0 0 0 -1.08057
65 75 0 0 0 0 0 -0.0982149 -0 -0.0982149
64 75 0 0 0 0 -0.642262 0 -0 -0.642262
74 75 0.0179194 0 -1.24501 0 0 0 0 -1.22709
75 76 0.00718152 0 -0.769905 0 0 0 0 -0.762723
76 77 0.0247976 0 -1.37515 0 0 0 0 -1.35036
77 78 0.128238 0 -1.2814 0 0 0 0 -1.15316
78 79 0.0017004 0 -0.877336 0 0 0 0 -0.875636
80 81 0.075616 0 -1.02685 0 0 0 0 -0.95123
81 82 0.0881648 0 -0.849624 0 0 0 0 -0.761459
82 83 0.0169314 0 -1.03096 0 0 0 0 -1.01403
83 84 0.00454373 0 -1.11157 0 0 0 0 -1.10702
84 85 0.0191695 0 -1.29986 0 0 0 0 -1.28069
85 86 0.000810662 0 -0.892566 0 0 0 0 -0.891755
86 87 0.00385303 0 -1.18775 0 0 0 0 -1.1839
87 88 0.00692343 0 -1.36611 0 0 0 0 -1.35919
88 89 0.000633566 0 -0 0 0 0 0 0.000633566
89 90 0.0458564 0 -0.809064 0 0 0 0 -0.763208
88 91 0 0 0 0 0 -0.000215753 -0 -0.000215753
87 91 0 0 0 0 0 -0.139619 0 -0.139619
90 91 0.498706 0 -0.870713 0 0 0 0 -0.372007
88 92 0 0 0 0 0 -0.191312 0 -0.191312
87 92 0 0 0 0 -0.763336 0 -0 -0.763336
86 92 0 0 0 0 -0 -0.145597 -0 -0.145597
91 92 0.0159232 0 -1.17571 0 0 0 0 -1.15979
87 93 0 0 0 0 -0 -0.190894 0 -0.190894
86 93 0 0 0 0 -0.646673 0 -0 -0.646673
85 93 0 0 0 0 0 -0.14571 0 -0.14571
92 93 0.0610308 0 -1.23136 0 0 0 0 -1.17033
86 94 0 0 0 0 0 -0.188786 0 -0.188786
85 94 0 0 0 0 -0.656661 0 -0 -0.656661
84 94 0 0 0 0 0 -0.0848405 -0 -0.0848405
93 94 0.00013778 0 -1.07508 0 0 0 0 -1.07494
83 95 0 0 0 0 0 -0.145628 0 -0.145628
85 95 0 0 0 0 0 -0.174376 0 -0.174376
84 95 0 0 0 0 -0.526436 0 -0 -0.526436
94 95 0.000142484 0 -0.799239 0 0 0 0 -0.799096
83 96 0 0 0 0 0 -0.000319764 -0 -0.000319764
82 96 0 0 0 0 0 -0.117391 0 -0.117391
84 96 0 0 0 0 0 -0.154801 0 -0.154801
95 96 0.00245811 0 -1.0825 0 0 0 0 -1.08004
82 97 0 0 0 0 0 -0.0151147 -0 -0.0151147
81 97 0 0 0 0 0 -0.14897 0 -0.14897
96 97 0.00275369 0 -1.06169 0 0 0 0 -1.05894
82 98 0 0 0 0 0 -0.00328965 0 -0.00328965
81 98 0 0 0 0 0 -0.00110908 -0 -0.00110908
80 98 0 0 0 0 0 -0.0713346 0 -0.0713346
97 98 0.00473458 0 -1.09283 0 0 0 0 -1.0881
81 99 0 0 0 0 0 -0.179243 0 -0.179243
98 99 0.126019 0 -0.787892 0 0 0 0 -0.661873
100 101 0.00228889 0 -1.17504 0 0 0 0 -1.17275
101 102 0.00437581 0 -1.24809 0 0 0 0 -1.24372
102 103 0.00159737 0 -1.271 0 0 0 0 -1.26941
103 104 0.0585277 0 -0.909899 0 0 0 0 -0.851371
104 105 0.000157215 0 -1.35605 0 0 0 0 -1.35589
105 106 0.0888227 0 -1.26872 0 0 0 0 -1.1799
106 107 0.0365341 0 -1.08826 0 0 0 0 -1.05173
107 108 0.0138196 0 -1.23325 0 0 0 0 -1.21943
108 109 0.00794456 0 -1.18807 0 0 0 0 -1.18013
109 110 0.0483412 0 -1.26642 0 0 0 0 -1.21808
110 111 0.00570029 0 -0.956753 0 0 0 0 -0.951052
111 112 0.00114256 0 -1.36839 0 0 0 0 -1.36725
112 113 0.0698803 0 -0.70557 0 0 0 0 -0.63569
113 114 0.0210455 0 -1.04565 0 0 0 0 -1.02461
113 115 0 0 0 0 -0 -1.62014e-06 -0 -1.62014e-06
111 115 0 0 0 0 0 -0.0563192 0 -0.0563192
114 115 0.00856373 0 -0 0 0 0 0 0.00856373
110 116 0 0 0 0 -0 -0.0929381 0 -0.0929381
112 116 0 0 0 0 0 -0.0564625 -0 -0.0564625
115 116 0.00356182 0 -1.04079 0 0 0 0 -1.03723
110 117 0 0 0 0 -0.574072 0 -0 -0.574072
109 117 0 0 0 0 0 -0.148557 0 -0.148557
111 117 0 0 0 0 0 -0.17537 0 -0.17537
116 117 0.000188943 0 -1.16037 0 0 0 0 -1.16018
110 118 0 0 0 0 0 -0.145343 -0 -0.145343
109 118 0 0 0 0 -0.918323 0 -0 -0.918323
108 118 0 0 0 0 0 -0.189507 0 -0.189507
117 118 0.0233199 0 -0.686873 0 0 0 0 -0.663553
107 119 0 0 0 0 0 -0.054272 -0 -0.054272
109 119 0 0 0 0 0 -0.182499 0 -0.182499
108 119 0 0 0 0 -0.41353 0 -0 -0.41353
118 119 9.37279e-06 0 -1.14729 0 0 0 0 -1.14728
120 121 0.028564 0 -1.37239 0 0 0 0 -1.34383
121 122 0.00248059 0 -1.36779 0 0 0 0 -1.36531
122 123 0.628785 0 -1.37787 0 0 0 0 -0.749082
123 124 0.0485521 0 -1.00089 0 0 0 0 -0.952335
124 125 0.000105332 0 -1.21271 0 0 0 0 -1.21261
125 126 0.173936 0 -1.28934 0 0 0 0 -1.1154
39 127 0 0 0 0 0 -0.115063 0 -0.115063
126 127 0.0284448 0 -1.20748 0 0 0 0 -1.17904
39 128 0 0 0 0 -0.778011 -2.17782e-34 -0 -0.778011
38 128 0 0 0 0 0 -0.167996 0 -0.167996
127 128 0.0280124 0 -1.34098 0 0 0 0 -1.31296
37 129 0 0 0 0 0 -0.144958 0 -0.144958
39 129 0 0 0 0 0 -0.163575 0 -0.163575
38 129 0 0 0 0 -0.837655 0 -0 -0.837655
128 129 0.0336636 0 -0.999719 0 0 0 0 -0.966056
37 130 0 0 0 0 -0.756567 0 -0 -0.756567
38 130 0 0 0 0 0 -0.202647 0 -0.202647
129 130 0.0816054 0 -0.464254 0 0 0 0 -0.382649
37 131 0 0 0 0 0 -0.124549 0 -0.124549
130 131 0.123279 0 -1.14254 0 0 0 0 -1.01926
131 132 0.0388944 0 -1.00709 0 0 0 0 -0.968191
132 133 0.0910849 0 -1.28163 0 0 0 0 -1.19054
133 134 0.00449382 0 -1.35808 0 0 0 0 -1.35359
134 135 0.0299987 0 -1.405 0 0 0 0 -1.375
135 136 0.130252 0 -1.34711 0 0 0 0 -1.21686
136 137 0.0403003 0 -1.122 0 0 0 0 -1.0817
137 138 0.0249337 0 -0 0 0 0 0 0.0249337
137 139 0 0 0 0 0 0 -0.717199 -0.717199
138 139 0.0389141 0 -0 0 0 0 0 0.0389141
140 141 0.072841 0 -1.38607 0 0 0 0 -1.31323
141 142 0.000551403 0 -1.19763 0 0 0 0 -1.19708
142 143 0.0269992 0 -1.04481 0 0 0 0 -1.01781
143 144 0.000664447 0 -1.31551 0 0 0 0 -1.31485
144 145 0.107059 0 0 0 0 0 0 0.107059
145 146 0.0559148 0 -1.28032 0 0 0 0 -1.22441
144 147 0 0 0 0 0 -0.00219744 -0 -0.00219744
146 147 0.017078 0 -1.33918 0 0 0 0 -1.3221
143 148 0 0 0 0 0 -0.118676 0 -0.118676
144 148 0 0 0 0 -0 -0.00809929 -0 -0.00809929
147 148 0.149698 0 -1.1933 0 0 0 0 -1.0436
143 149 0 0 0 0 -0.64897 0 -0 -0.64897
142 149 0 0 0 0 0 -0.201257 0 -0.201257
144 149 0 0 0 0 0 -0.173511 0 -0.173511
148 149 0.0199655 0 -1.36997 0 0 0 0 -1.35001
143 150 0 0 0 0 0 -0.113671 -0 -0.113671
142 150 0 0 0 0 -0.813072 0 -0 -0.813072
141 150 0 0 0 0 -0 -0.162499 0 -0.162499
149 150 0.03576 0 -1.13524 0 0 0 0 -1.09948
142 151 0 0 0 0 0 -0.105789 0 -0.105789
141 151 0 0 0 0 0 -0.0112751 -0 -0.0112751
150 151 0.025832 0 -1.11725 0 0 0 0 -1.09142
149 152 0 0 0 0 0 -0.00324134 -0 -0.00324134
148 152 0 0 0 0 0 -0.13088 0 -0.13088
151 152 0.0275188 0 -0 0 0 0 0 0.0275188
149 153 0 0 0 0 0 -0.164131 0 -0.164131
148 153 0 0 0 0 -0.464733 0 -0 -0.464733
147 153 0 0 0 0 0 -0.183821 0 -0.183821
152 153 0.0120187 0 -0.907721 0 0 0 0 -0.895702
148 154 0 0 0 0 0 -0.207929 0 -0.207929
147 154 0 0 0 0 -0.888945 0 -0 -0.888945
146 154 0 0 0 0 -0 -0.147639 0 -0.147639
153 154 0.0112194 0 -1.29864 0 0 0 0 -1.28742
147 155 0 0 0 0 0 -0.183345 0 -0.183345
145 155 0 0 0 0 0 -0.000769733 0 -0.000769733
154 155 0.000598849 0 -1.28509 0 0 0 0 -1.28449
146 156 0 0 0 0 0 -0.0649812 -0 -0.0649812
145 156 0 0 0 0 0 -0.00123987 -0 -0.00123987
155 156 0.027636 0 -1.29874 0 0 0 0 -1.27111
156 157 0.0958615 0 -1.27001 0 0 0 0 -1.17414
157 158 0.0161557 0 -0.992422 0 0 0 0 -0.976266
158 159 0.0204294 0 0 0 0 0 0 0.0204294
160 161 0.174809 0 -0.891758 0 0 0 0 -0.71695
161 162 0.0118396 0 -1.29124 0 0 0 0 -1.2794
162 163 0.120214 0 -1.32317 0 0 0 0 -1.20296
163 164 0.010779 0 -1.27692 0 0 0 0 -1.26615
164 165 0.0247257 0 0 0 0 0 0 0.0247257
165 166 0.0108998 0 -1.19902 0 0 0 0 -1.18813
166 167 2.35683e-06 0 -0.938725 0 0 0 0 -0.938723
163 168 0 0 0 0 0 -0.116547 -0 -0.116547
167 168 0.0122292 0 -1.11877 0 0 0 0 -1.10654
164 169 0 0 0 0 0 -0.114233 -0 -0.114233
163 169 0 0 0 0 -0.588521 0 -0 -0.588521
162 169 0 0 0 0 0 -0.108593 -0 -0.108593
168 169 0.159637 0 -1.2854 0 0 0 0 -1.12576
163 170 0 0 0 0 0 -0.128331 0 -0.128331
162 170 0 0 0 0 -0.65308 0 -0 -0.65308
161 170 0 0 0 0 -0 -0.106366 0 -0.106366
169 170 0.0212688 0 -1.25833 0 0 0 0 -1.23706
162 171 0 0 0 0 0 -0.151079 0 -0.151079
160 171 0 0 0 0 0 -0.0170519 -0 -0.0170519
170 171 0.0218935 0 -1.2855 0 0 0 0 -1.26361
161 172 0 0 0 0 0 -0.0128267 0 -0.0128267
171 172 0.0115322 0 -1.39493 0 0 0 0 -1.3834
160 173 0 0 0 0 -0 -0.0351043 0 -0.0351043
172 173 0.0701339 0 -0.969497 0 0 0 0 -0.899364
173 174 0.0474977 0 -1.22573 0 0 0 0 -1.17823
174 175 0.00436079 0 -1.23787 0 0 0 0 -1.23351
175 176 0.00290305 0 -1.14968 0 0 0 0 -1.14677
176 177 0.0526783 0 -1.07391 0 0 0 0 -1.02124
177 178 0.0184518 0 -1.32225 0 0 0 0 -1.3038
178 179 0.0495956 0 -1.14726 0 0 0 0 -1.09766
180 181 0.212865 0 -1.26332 0 0 0 0 -1.05046
181 182 0.168679 0 -1.31088 0 0 0 0 -1.14221
182 183 0.010958 0 -1.24194 0 0 0 0 -1.23098
183 184 0.0258459 0 -1.00517 0 0 0 0 -0.979326
184 185 0.000364177 0 -1.31129 0 0 0 0 -1.31092
185 186 0.000486634 0 -0.51413 0 0 0 0 -0.513643
186 187 0.140395 0 -1.16803 0 0 0 0 -1.02764
185 188 0 0 0 0 0 -0.00285424 -0 -0.00285424
184 188 0 0 0 0 -0.144433 0 -0 -0.144433
183 188 0 0 0 0 0 -0.1148 0 -0.1148
187 188 0.000201938 0 0 0 0 0 0 0.000201938
184 189 0 0 0 0 0 -0.0675019 -0 -0.0675019
183 189 0 0 0 0 -0.593371 0 -0 -0.593371
182 189 0 0 0 0 0 -0.114077 0 -0.114077
188 189 0.0641662 0 -1.21086 0 0 0 0 -1.14669
183 190 0 0 0 0 0 -0.150689 0 -0.150689
182 190 0 0 0 0 -0.588134 -1.77585e-08 -0 -0.588134
181 190 0 0 0 0 -0 -0.147506 0 -0.147506
189 190 0.0473185 0 -1.12535 0 0 0 0 -1.07803
182 191 0 0 0 0 0 -0.0117905 0 -0.0117905
181 191 0 0 0 0 0 -0.040868 -0 -0.040868
180 191 0 0 0 0 0 -0.0227681 0 -0.0227681
190 191 0.0330576 0 -1.37215 0 0 0 0 -1.33909
191 192 0.0598558 0 0 0 0 0 0 0.0598558
192 193 9.51734e-06 0 0 0 0 0 0 9.51734e-06
193 194 0.15667 0 -1.24383 0 0 0 0 -1.08716
194 195 0.0297641 0 -1.02256 0 0 0 0 -0.992795
195 196 0.102092 0 -1.16533 0 0 0 0 -1.06324
196 197 0.00214173 0 -1.35232 0 0 0 0 -1.35018
197 198 0.0703517 0 -1.21839 0 0 0 0 -1.14804
198 199 0.00416436 0 -1.02764 0 0 0 0 -1.02347
200 201 0.0583427 0 -1.12506 0 0 0 0 -1.06671
200 202 0 0 0 0 0 -2.06352e-08 0 -2.06352e-08
201 202 0.0474246 0 -0.861842 0 0 0 0 -0.814417
202 203 0.00743379 0 -1.18259 0 0 0 0 -1.17515
203 204 0.0861877 0 -1.34825 0 0 0 0 -1.26207
204 205 0.0447379 0 -1.36223 0 0 0 0 -1.31749
205 206 0.0192488 0 -0.738054 0 0 0 0 -0.718805
206 207 0.0556911 0 -1.23526 0 0 0 0 -1.17957
207 208 0.0429338 0 -0.852489 0 0 0 0 -0.809555
208 209 0.00540107 0 -1.33539 0 0 0 0 -1.32998
209 210 0.000425516 0 -0 0 0 0 0 0.000425516
210 211 0.0704714 0 -0.97268 0 0 0 0 -0.902209
211 212 0.000123993 0 -1.29727 0 0 0 0 -1.29715
212 213 0.019986 0 -0.685136 0 0 0 0 -0.66515
213 214 0.0118466 0 0 0 0 0 0 0.0118466
139 215 0 0 0 0 0 -0.0755126 -0 -0.0755126
214 215 0.000401432 0 -1.30571 0 0 0 0 -1.3053
139 216 0 0 0 0 -0.480452 -1.42277e-10 -0 -0.480452
137 216 0 0 0 0 0 -0.0406453 -0 -0.0406453
215 216 0.111165 0 -1.31162 0 0 0 0 -1.20046
139 217 0 0 0 0 0 -0.13308 0 -0.13308
137 217 0 0 0 0 -0.740574 0 -0 -0.740574
136 217 0 0 0 0 -6.66309e-29 -0.122336 0 -0.122336
216 217 0.00139457 0 -1.18458 0 0 0 0 -1.18319
137 218 0 0 0 0 -0 -0.100817 -0 -0.100817
136 218 0 0 0 0 -0.602106 -9.38465e-28 -0 -0.602106
135 218 0 0 0 0 0 -0.122095 0 -0.122095
217 218 0.00790799 0 -1.21966 0 0 0 0 -1.21175
136 219 0 0 0 0 0 -0.10834 0 -0.10834
135 219 0 0 0 0 -0.623754 0 -0 -0.623754
134 219 0 0 0 0 0 -0.0186624 0 -0.0186624
218 219 0.0115625 0 -1.08282 0 0 0 0 -1.07126
220 221 0.0138749 0 -1.22854 0 0 0 0 -1.21466
221 222 0.0986964 0 -1.20429 0 0 0 0 -1.1056
222 223 0.00480492 0 -1.35498 0 0 0 0 -1.35018
223 224 0.19213 0 -0.915315 0 0 0 0 -0.723185
224 225 0.0284759 0 0 0 0 0 0 0.0284759
225 226 0.0220566 0 -1.18329 0 0 0 0 -1.16123
226 227 0.0263141 0 -1.0895 0 0 0 0 -1.06318
227 228 0.0603963 0 -1.298 0 0 0 0 -1.23761
228 229 0.136801 0 -1.1417 0 0 0 0 -1.0049
229 230 0.0422602 0 -1.07437 0 0 0 0 -1.03211
230 231 0.0142795 0 -0.974284 0 0 0 0 -0.960004
231 232 0.124796 0 0 0 0 0 0 0.124796
232 233 0.000445626 0 -1.36786 0 0 0 0 -1.36741
230 234 0 0 0 0 0 -1.17201e-05 0 -1.17201e-05
233 234 0.0233358 0 -1.24859 0 0 0 0 -1.22525
229 235 0 0 0 0 0 -0.00992822 -0 -0.00992822
228 235 0 0 0 0 -0 -0.0581454 -0 -0.0581454
234 235 0.0476494 0 -1.35023 0 0 0 0 -1.30258
229 236 0 0 0 0 -0 -7.66451e-05 0 -7.66451e-05
227 236 0 0 0 0 0 -0.0965533 0 -0.0965533
235 236 0.00191061 0 -1.31498 0 0 0 0 -1.31307
228 237 0 0 0 0 0 -0.0479349 -0 -0.0479349
227 237 0 0 0 0 -0.717861 0 -0 -0.717861
226 237 0 0 0 0 -0 -0.0930678 -0 -0.0930678
236 237 0.0188701 0 -1.25327 0 0 0 0 -1.2344
227 238 0 0 0 0 -0 -0.119808 0 -0.119808
226 238 0 0 0 0 -0.707977 0 -0 -0.707977
225 238 0 0 0 0 0 -0.193078 0 -0.193078
237 238 0.0334768 0 -1.13089 0 0 0 0 -1.09742
226 239 0 0 0 0 0 -0.14561 0 -0.14561
225 239 0 0 0 0 -0.561077 -5.38939e-16 -0 -0.561077
238 239 0.0132798 0 -1.27001 0 0 0 0 -1.25673
240 241 0.295735 0 -1.10849 0 0 0 0 -0.812759
241 242 0.0464198 0 -1.27662 0 0 0 0 -1.2302
242 243 0.0773444 0 -1.26877 0 0 0 0 -1.19142
243 244 0.00105912 0 -1.18061 0 0 0 0 -1.17955
244 245 0.0242024 0 -1.08623 0 0 0 0 -1.06203
245 246 0.0197703 0 -1.37464 0 0 0 0 -1.35487
246 247 0.0329817 0 -1.25702 0 0 0 0 -1.22403
245 248 0 0 0 0 0 -0.000332332 -0 -0.000332332
244 248 0 0 0 0 -0.542857 0 -0 -0.542857
243 248 0 0 0 0 0 -0.0794303 0 -0.0794303
247 248 0.0427436 0 0 0 0 0 0 0.0427436
244 249 0 0 0 0 0 -0.0209146 -0 -0.0209146
243 249 0 0 0 0 -0.693744 0 -0 -0.693744
242 249 0 0 0 0 0 -0.150763 0 -0.150763
248 249 0.0425628 0 -1.24128 0 0 0 0 -1.19871
243 250 0 0 0 0 0 -0.155392 0 -0.155392
242 250 0 0 0 0 -0.817527 0 -0 -0.817527
241 250 0 0 0 0 -0 -0.183182 0 -0.183182
249 250 0.00652463 0 -1.16298 0 0 0 0 -1.15646
242 251 0 0 0 0 0 -0.0204792 0 -0.0204792
241 251 0 0 0 0 0 -0.0171112 0 -0.0171112
250 251 0.121298 0 -1.12263 0 0 0 0 -1.00133
241 252 0 0 0 0 0 -0.0725819 0 -0.0725819
240 252 0 0 0 0 0 -0.0125322 0 -0.0125322
251 252 0.215758 0 -1.21513 0 0 0 0 -0.999375
252 253 0.011629 0 -1.34995 0 0 0 0 -1.33832
253 254 0.0466244 0 -1.20258 0 0 0 0 -1.15596
254 255 0.00851471 0 -0.799988 0 0 0 0 -0.791473
255 256 0.0130507 0 -1.28976 0 0 0 0 -1.27671
256 257 0.102438 0 -1.33614 0 0 0 0 -1.23371
257 258 6.14046e-06 0 -0.99423 0 0 0 0 -0.994224
258 259 0.0525702 0 -1.13378 0 0 0 0 -1.08121
214 260 0 0 0 0 0 -0.131263 0 -0.131263
216 260 0 0 0 0 0 -0.10128 0 -0.10128
215 260 0 0 0 0 -0.453401 0 -0 -0.453401
139 260 0 0 0 0 -0 -0 -0.148284 -0.148284
214 261 0 0 0 0 -0.528144 0 -0 -0.528144
215 261 0 0 0 0 0 -0.0578748 -0 -0.0578748
260 261 0.00582022 0 -1.30158 0 0 0 0 -1.29576
214 262 0 0 0 0 -0 -0.106889 0 -0.106889
261 262 0.0979502 0 -1.29034 0 0 0 0 -1.19239
262 263 0.147838 0 -1.05804 0 0 0 0 -0.910203
263 264 0.00294133 0 -1.2607 0 0 0 0 -1.25776
264 265 0.00696633 0 -1.1161 0 0 0 0 -1.10914
265 266 0.00692827 0 -1.19509 0 0 0 0 -1.18816
266 267 0.0135991 0 -1.20225 0 0 0 0 -1.18865
267 268 0.00164328 0 -1.18094 0 0 0 0 -1.17929
268 269 0.00187308 0 -1.0384 0 0 0 0 -1.03653
269 270 0.0481935 0 -1.20491 0 0 0 0 -1.15672
270 271 0.00334774 0 -1.31128 0 0 0 0 -1.30793
271 272 0.0351652 0 -1.26094 0 0 0 0 -1.22578
272 273 0.00143977 0 -0.860317 0 0 0 0 -0.858877
273 274 0.0611637 0 -1.19427 0 0 0 0 -1.13311
59 275 0 0 0 0 0 -0.000418917 -0 -0.000418917
58 275 0 0 0 0 -0 -0.156463 0 -0.156463
274 275 0.0825204 0 -1.24684 0 0 0 0 -1.16432
59 276 0 0 0 0 -0 -0.0435029 0 -0.0435029
57 276 0 0 0 0 0 -0.123457 -0 -0.123457
275 276 0.0102827 0 -1.26198 0 0 0 0 -1.2517
58 277 0 0 0 0 0 -0.193985 0 -0.193985
57 277 0 0 0 0 -0.905688 0 -0 -0.905688
56 277 0 0 0 0 -1.26118e-29 -0.206016 0 -0.206016
276 277 0.0950296 0 -1.34121 0 0 0 0 -1.24618
57 278 0 0 0 0 -0 -0.0489562 -0 -0.0489562
56 278 0 0 0 0 -0.502343 0 -0 -0.502343
55 278 0 0 0 0 0 -0.149414 0 -0.149414
277 278 0.00853053 0 -1.16419 0 0 0 0 -1.15566
56 279 0 0 0 0 0 -0.178663 0 -0.178663
55 279 0 0 0 0 -0.537491 0 -0 -0.537491
54 279 0 0 0 0 0 -0.117093 0 -0.117093
40 279 0 0 0 0 -0 0 -0.642343 -0.642343
278 279 0.0261025 0 -1.08287 0 0 0 0 -1.05677
280 281 0.00260515 0 -1.11689 0 0 0 0 -1.11429
281 282 0.00119893 0 -1.19649 0 0 0 0 -1.19529
282 283 0.0184087 0 -1.15532 0 0 0 0 -1.13691
283 284 0.000190557 0 -0 0 0 0 0 0.000190557
284 285 0.000149043 0 -1.00621 0 0 0 0 -1.00606
285 286 0.0403936 0 -1.26379 0 0 0 0 -1.22339
286 287 0.057512 0 -0.44558 0 0 0 0 -0.388068
287 288 0.00670715 0 -1.26018 0 0 0 0 -1.25347
288 289 0.000880968 0 -1.32489 0 0 0 0 -1.32401
289 290 0.00541459 0 -1.32514 0 0 0 0 -1.31973
290 291 0.0227106 0 0 0 0 0 0 0.0227106
288 292 0 0 0 0 0 -0.00947397 -0 -0.00947397
287 292 0 0 0 0 0 -0.0702893 0 -0.0702893
291 292 0.00271344 0 -1.08823 0 0 0 0 -1.08551
288 293 0 0 0 0 -0 -0.0982358 -0 -0.0982358
287 293 0 0 0 0.00266863 0 0 -0 0.00266863
286 293 0 0 0 0 0 -0.13245 0 -0.13245
292 293 0.00279725 0 -1.17316 0 0 0 0 -1.17037
287 294 0 0 0 0 -0 -0.144664 0 -0.144664
286 294 0 0 0 0 -0.706657 0 -0 -0.706657
285 294 0 0 0 0 0 -0.152717 0 -0.152717
293 294 0.0567389 0 -1.2358 0 0 0 0 -1.17906
286 295 0 0 0 0 0 -0.148497 -0 -0.148497
284 295 0 0 0 0 0 -0.136584 -0 -0.136584
283 295 0 0 0 0 -0 -2.10785e-06 0 -2.10785e-06
285 295 0 0 0 0 -0.827291 0 -0 -0.827291
294 295 0.00202254 0 -1.16099 0 0 0 0 -1.15896
284 296 0 0 0 0 -0.71744 0 -0 -0.71744
283 296 0 0 0 0 0 -0.0245005 0 -0.0245005
282 296 0 0 0 0 0 -0.0222633 0 -0.0222633
285 296 0 0 0 0 0 -0.136592 0 -0.136592
295 296 0.0119267 0 -1.11106 0 0 0 0 -1.09913
281 297 0 0 0 0 -0 -0.0925103 0 -0.0925103
284 297 0 0 0 0 0 -0.148825 0 -0.148825
283 297 0 0 0 0 0 -0.00164421 0 -0.00164421
282 297 0 0 0 0 -0.132492 -0.00346783 -0 -0.13596
296 297 0.0509245 0 -1.26452 0 0 0 0 -1.21359
281 298 0 0 0 0 -0.743383 0 -0 -0.743383
280 298 0 0 0 0 0 -0.112526 0 -0.112526
282 298 0 0 0 0 -0 -0.0997489 0 -0.0997489
297 298 0.0518479 0 -1.38389 0 0 0 0 -1.33204
281 299 0 0 0 0 0 -0.177345 0 -0.177345
280 299 0 0 0 0 -0.746879 0 -0 -0.746879
298 299 0.0685129 0 -1.33504 0 0 0 0 -1.26653
300 301 0.00627377 0 -1.23145 0 0 0 0 -1.22517
301 302 0.158009 0 -1.39495 0 0 0 0 -1.23694
302 303 0.110976 0 -1.25683 0 0 0 0 -1.14586
303 304 0.0113743 0 -0 0 0 0 0 0.0113743
304 305 0.0154816 0 -0.959968 0 0 0 0 -0.944486
305 306 0.00383354 0 -1.18454 0 0 0 0 -1.18071
306 307 0.00146608 0 -1.1687 0 0 0 0 -1.16723
307 308 0.0386805 0 -1.30216 0 0 0 0 -1.26348
308 309 0.201774 0 -1.28561 0 0 0 0 -1.08383
309 310 0.000198654 0 -1.29159 0 0 0 0 -1.29139
310 311 0.0216575 0 -1.08195 0 0 0 0 -1.06029
309 312 0 0 0 0 0 -0.00149657 -0 -0.00149657
308 312 0 0 0 0 0 -0.158602 -0 -0.158602
311 312 0.0688007 0 0 0 0 0 0 0.0688007
309 313 0 0 0 0 0 -0.182683 0 -0.182683
308 313 0 0 0 0 -0.545765 0 -0 -0.545765
307 313 0 0 0 0 0 -0.149045 0 -0.149045
312 313 0.00612181 0 -1.12143 0 0 0 0 -1.1153
308 314 0 0 0 0 0 -0.203907 0 -0.203907
307 314 0 0 0 0 -0.835965 0 -0 -0.835965
306 314 0 0 0 0 -1.48231e-28 -0.0983265 0 -0.0983265
313 314 0.00781765 0 -1.1435 0 0 0 0 -1.13569
307 315 0 0 0 0 -0 -0.190042 0 -0.190042
306 315 0 0 0 0 -0.616606 -6.65016e-09 -0 -0.616606
305 315 0 0 0 0 0 -0.144342 0 -0.144342
314 315 0.0223177 0 -0.925307 0 0 0 0 -0.90299
306 316 0 0 0 0 0 -0.0928007 -0 -0.0928007
305 316 0 0 0 0 -0.621628 0 -0 -0.621628
304 316 0 0 0 0 0 -0.144149 0 -0.144149
303 316 0 0 0 0 -0 -0.0214763 -0 -0.0214763
302 316 0 0 0 0 0 -0.00146677 0 -0.00146677
315 316 0.00405661 0 -0.7961 0 0 0 0 -0.792044
301 317 0 0 0 0 -0 -0.145642 0 -0.145642
305 317 0 0 0 0 0 -0.0164859 -0 -0.0164859
303 317 0 0 0 0 0 -0.108592 0 -0.108592
302 317 0 0 0 0 -0.190431 0 -0 -0.190431
316 317 0.158064 0 -1.27103 0 0 0 0 -1.11296
301 318 0 0 0 0 -0.739403 0 -0 -0.739403
300 318 0 0 0 0 0 -0.186154 -0 -0.186154
302 318 0 0 0 0 -0 -0.128705 -0 -0.128705
317 318 0.0224294 0 -1.36719 0 0 0 0 -1.34476
301 319 0 0 0 0 0 -0.163237 -0 -0.163237
300 319 0 0 0 0 -0.702696 0 -0 -0.702696
318 319 0.0185805 0 -1.28811 0 0 0 0 -1.26953
320 321 0.00107779 0 -1.18879 0 0 0 0 -1.18771
321 322 0.0776423 0 -1.28254 0 0 0 0 -1.2049
322 323 0.0217393 0 -1.29889 0 0 0 0 -1.27715
323 324 0.0679361 0 -0 0 0 0 0 0.0679361
324 325 0.0240141 0 -0.307168 0 0 0 0 -0.283154
325 326 0.221447 0 -1.34464 0 0 0 0 -1.1232
326 327 0.0390983 0 -1.38753 0 0 0 0 -1.34843
327 328 0.0416706 0 -1.37079 0 0 0 0 -1.32912
328 329 0.0752481 0 -1.24641 0 0 0 0 -1.17116
329 330 0.00839946 0 -0 0 0 0 0 0.00839946
330 331 0.0872358 0 -1.35791 0 0 0 0 -1.27067
329 332 0 0 0 0 0 -0.00416573 -0 -0.00416573
328 332 0 0 0 0 0 -0.0717339 0 -0.0717339
331 332 0.0118997 0 -1.27386 0 0 0 0 -1.26196
329 333 0 0 0 0 0 -0.177258 0 -0.177258
328 333 0 0 0 0 -0.517291 0 -0 -0.517291
327 333 0 0 0 0 0 -0.190167 0 -0.190167
332 333 0.0125687 0 -1.19582 0 0 0 0 -1.18326
328 334 0 0 0 0 0 -0.153724 0 -0.153724
327 334 0 0 0 0 -0.868521 0 -0 -0.868521
326 334 0 0 0 0 -0 -0.15609 -0 -0.15609
333 334 0.0952711 0 -1.07075 0 0 0 0 -0.975482
325 335 0 0 0 0 0 -0.154001 0 -0.154001
327 335 0 0 0 0 -0 -0.147834 0 -0.147834
326 335 0 0 0 0 -0.477533 0 -0 -0.477533
323 335 0 0 0 0 0 -0.0918901 0 -0.0918901
334 335 0.00362746 0 -1.29321 0 0 0 0 -1.28959
325 336 0 0 0 0 -0 -0.00186784 -0 -0.00186784
322 336 0 0 0 0 0 -0.191889 0 -0.191889
326 336 0 0 0 0 0 -0.143382 0 -0.143382
323 336 0 0 0 0 -0.780145 0 -0 -0.780145
335 336 0.00134736 0 -1.1695 0 0 0 0 -1.16815
324 337 0 0 0 0 0 -0.00571446 -0 -0.00571446
322 337 0 0 0 0 -0.841126 0 -0 -0.841126
321 337 0 0 0 0 -3.60374e-32 -0.160309 0 -0.160309
323 337 0 0 0 0 0 -0.132166 0 -0.132166
336 337 0.00960551 0 -1.11962 0 0 0 0 -1.11002
322 338 0 0 0 0 -0 -0.12641 0 -0.12641
321 338 0 0 0 0 -0.514374 -7.28523e-08 -0 -0.514374
320 338 0 0 0 0 0 -0.1366 0 -0.1366
337 338 0.0352284 0 -1.24156 0 0 0 0 -1.20633
321 339 0 0 0 0 0 -0.0808476 0 -0.0808476
320 339 0 0 0 0 -0.750067 0 -0 -0.750067
338 339 0.000404551 0 -1.009 0 0 0 0 -1.0086
273 340 0 0 0 0 -0 -0.00169372 0 -0.00169372
271 340 0 0 0 0 0 -0.096787 0 -0.096787
272 341 0 0 0 0 0 -0.0361587 -0 -0.0361587
270 341 0 0 0 0 -0 -0.0451887 0 -0.0451887
340 341 0.0892488 0 -1.18987 0 0 0 0 -1.10062
271 342 0 0 0 0 0 -0.163026 0 -0.163026
270 342 0 0 0 0 -0.665726 -4.21756e-20 -0 -0.665726
269 342 0 0 0 0 0 -0.200706 0 -0.200706
341 342 0.0604193 0 -1.3109 0 0 0 0 -1.25048
270 343 0 0 0 0 0 -0.129515 0 -0.129515
269 343 0 0 0 0 -0.761024 0 -0 -0.761024
268 343 0 0 0 0 0 -0.0663093 -0 -0.0663093
342 343 0.0168717 0 -1.23122 0 0 0 0 -1.21435
269 344 0 0 0 0 0 -0.102773 0 -0.102773
268 344 0 0 0 0 -0.688226 0 -0 -0.688226
267 344 0 0 0 0 0 -0.1199 0 -0.1199
343 344 0.0218634 0 -1.10434 0 0 0 0 -1.08248
268 345 0 0 0 0 0 -0.0190395 -0 -0.0190395
266 345 0 0 0 0 0 -0.0967259 -0 -0.0967259
344 345 0.0279122 0 -1.14284 0 0 0 0 -1.11493
267 346 0 0 0 0 0 -0.131394 -0 -0.131394
265 346 0 0 0 0 0 -0.0659614 -0 -0.0659614
345 346 0.00210299 0 -1.10462 0 0 0 0 -1.10251
266 347 0 0 0 0 0 -0.0431892 -0 -0.0431892
264 347 0 0 0 0 0 -0.152389 0 -0.152389
346 347 2.39435e-05 0 -1.08106 0 0 0 0 -1.08104
265 348 0 0 0 0 0 -0.118563 0 -0.118563
264 348 0 0 0 0 -0.54466 0 -0 -0.54466
263 348 0 0 0 0 0 -0.195811 0 -0.195811
347 348 0.081714 0 -1.05651 0 0 0 0 -0.974798
264 349 0 0 0 0 0 -0.153566 0 -0.153566
263 349 0 0 0 0 -0.842976 0 -0 -0.842976
262 349 0 0 0 0 0 -0.139551 -0 -0.139551
348 349 0.000811966 0 -1.32386 0 0 0 0 -1.32304
214 350 0 0 0 0 0 -0 -0.36584 -0.36584
263 350 0 0 0 0 0 -0.158011 0 -0.158011
262 350 0 0 0 0 -0.746699 0 -0 -0.746699
261 350 0 0 0 0 -0 -0.174019 0 -0.174019
349 350 0.0130708 0 -1.12516 0 0 0 0 -1.11209
350 351 0.0335383 0 0 0 0 0 0 0.0335383
213 352 0 0 0 0 0 -0.0203955 -0 -0.0203955
351 352 0.00646216 0 -1.07561 0 0 0 0 -1.06915
212 353 0 0 0 0 0 -0.190034 0 -0.190034
352 353 0.14308 0 -0.705284 0 0 0 0 -0.562204
213 354 0 0 0 0 0 -0.0759002 0 -0.0759002
212 354 0 0 0 0 -0.762987 0 -0 -0.762987
211 354 0 0 0 0 -1.01131e-29 -0.162935 0 -0.162935
353 354 0.0574388 0 -1.34306 0 0 0 0 -1.28562
208 355 0 0 0 0 0 -0.0521629 0 -0.0521629
212 355 0 0 0 0 -0 -0.0971911 -0 -0.0971911
211 355 0 0 0 0 -0.725011 0 -0 -0.725011
209 355 0 0 0 0 0 -0.000577093 -0 -0.000577093
210 355 0 0 0 0 0 -0.0326042 0 -0.0326042
354 355 0.000144847 0 -1.03806 0 0 0 0 -1.03791
208 356 0 0 0 0 -0.788293 0 -0 -0.788293
207 356 0 0 0 0 0 -0.153043 0 -0.153043
209 356 0 0 0 0 0 -0.164683 0 -0.164683
210 356 0 0 0 0 0 -0.0150573 0 -0.0150573
355 356 0.000324476 0 -1.22617 0 0 0 0 -1.22584
208 357 0 0 0 0 0 -0.184401 0 -0.184401
207 357 0 0 0 0 -0.786337 0 -0 -0.786337
206 357 0 0 0 0 -4.46537e-18 -0.140124 0 -0.140124
356 357 0.00889126 0 -1.18525 0 0 0 0 -1.17636
207 358 0 0 0 0 -0 -0.167942 0 -0.167942
206 358 0 0 0 0 -0.69851 0 -0 -0.69851
205 358 0 0 0 0 0 -0.100593 0 -0.100593
357 358 0.0157197 0 -0.786636 0 0 0 0 -0.770916
206 359 0 0 0 0 0 -0.171104 0 -0.171104
205 359 0 0 0 0 -0.569456 0 -0 -0.569456
204 359 0 0 0 0 0 -0.172301 0 -0.172301
358 359 0.0164001 0 -1.30802 0 0 0 0 -1.29162
360 361 0.0122609 0 -1.35722 0 0 0 0 -1.34496
361 362 0.000549295 0 -1.17917 0 0 0 0 -1.17862
362 363 0.00693536 0 -1.35023 0 0 0 0 -1.34329
363 364 0.0671229 0 -0.874656 0 0 0 0 -0.807533
364 365 0.0985109 0 0 0 0 0 0 0.0985109
365 366 0.0295479 0 -1.2983 0 0 0 0 -1.26875
364 367 0 0 0 0 0 -0.130381 0 -0.130381
366 367 0.0105124 0 -0.858882 0 0 0 0 -0.848369
364 368 0 0 0 0 -0.757371 -4.63515e-21 -0 -0.757371
363 368 0 0 0 0 0 -0.15382 0 -0.15382
367 368 0.135581 0.00786882 -1.09421 0 0 0 0 -0.95076
364 369 0 0 0 0 0 -0.127696 0 -0.127696
363 369 0 0 0 0 -0.765985 0 -0 -0.765985
362 369 0 0 0 0 0 -0.151112 0 -0.151112
368 369 0.0194117 0 -1.27207 0 0 0 0 -1.25266
363 370 0 0 0 0 0 -0.16908 -0 -0.16908
361 370 0 0 0 0 -0 -0.129357 0 -0.129357
369 370 0.000451465 0 -1.33954 0 0 0 0 -1.33909
362 371 0 0 0 0 0 -0.0124522 0 -0.0124522
361 371 0 0 0 0 0 -0.00623041 -0 -0.00623041
370 371 0.102039 0 -1.25453 0 0 0 0 -1.1525
371 372 0.0834558 0 -1.26786 0 0 0 0 -1.18441
372 373 0.0309697 0 -1.09529 0 0 0 0 -1.06432
179 374 0 0 0 0 0 -0.0300994 -0 -0.0300994
373 374 0.00596403 0 -1.30617 0 0 0 0 -1.3002
178 375 0 0 0 0 0 -0.0579055 0 -0.0579055
374 375 0.0011681 0 -1.04864 0 0 0 0 -1.04748
179 376 0 0 0 0 0 -0.137503 0 -0.137503
178 376 0 0 0 0 -0.683402 0 -0 -0.683402
177 376 0 0 0 0 0 -0.124466 -0 -0.124466
375 376 0.0805665 0 -1.16096 0 0 0 0 -1.08039
178 377 0 0 0 0 0 -0.14533 0 -0.14533
177 377 0 0 0 0 -0.74108 0 -0 -0.74108
176 377 0 0 0 0 -0 -0.107363 0 -0.107363
376 377 8.50498e-06 0 -1.01431 0 0 0 0 -1.0143
177 378 0 0 0 0 -0 -0.153274 0 -0.153274
176 378 0 0 0 0 -0.802826 0 -0 -0.802826
175 378 0 0 0 0 0 -0.148381 0 -0.148381
377 378 0.000130764 0 -1.0731 0 0 0 0 -1.07297
176 379 0 0 0 0 0 -0.114255 0 -0.114255
175 379 0 0 0 0 -0.721498 -4.05189e-28 -0 -0.721498
378 379 0.025656 0 -1.30123 0 0 0 0 -1.27557
380 381 0.00451481 0 -1.23467 0 0 0 0 -1.23015
381 382 0.0331411 0 -1.25666 0 0 0 0 -1.22351
382 383 0.00364139 0 -1.1716 0 0 0 0 -1.16796
383 384 0.00766835 0 0 0 0 0 0 0.00766835
384 385 0.00250973 0 -1.18649 0 0 0 0 -1.18398
385 386 0.00501071 0 -1.38519 0 0 0 0 -1.38018
386 387 0.0174468 0 -1.19975 0 0 0 0 -1.1823
387 388 0.0585459 0 -1.31191 0 0 0 0 -1.25337
388 389 0.029265 0 -1.09336 0 0 0 0 -1.0641
389 390 0.114574 0.00393447 0 0 0 0 0 0.118509
390 391 0.0281298 0 -0.682267 0 0 0 0 -0.654137
389 392 0 0 0 0 0 -0.000144119 0 -0.000144119
388 392 0 0 0 0 0 -0.00749629 0 -0.00749629
391 392 0.0611374 0 -1.42684 0 0 0 0 -1.3657
389 393 0 0 0 0 0 -0.0802924 0 -0.0802924
388 393 0 0 0 0 -0.768718 0 -0 -0.768718
387 393 0 0 0 0 0 -0.192883 0 -0.192883
392 393 0.000464087 0 -1.18996 0 0 0 0 -1.18949
386 394 0 0 0 0 -2.10477e-28 -0.10918 0 -0.10918
388 394 0 0 0 0 0 -0.130584 0 -0.130584
387 394 0 0 0 0 -0.777829 0 -0 -0.777829
393 394 0.0165227 0 -1.1179 0 0 0 0 -1.10138
386 395 0 0 0 0 -0.735245 0 -0 -0.735245
385 395 0 0 0 0 0 -0.147838 0 -0.147838
387 395 0 0 0 0 -0 -0.0983899 -0 -0.0983899
394 395 0.000323515 0 -1.05981 0 0 0 0 -1.05949
386 396 0 0 0 0 0 -0.0669786 -0 -0.0669786
385 396 0 0 0 0 -0.332942 0 -0 -0.332942
384 396 0 0 0 0 0 -0.172816 0 -0.172816
395 396 0.027916 0 -1.32331 0 0 0 0 -1.29539
385 397 0 0 0 0 0 -0.127274 0 -0.127274
384 397 0 0 0 0 0 -0.000117079 -0 -0.000117079
396 397 0.00951811 0 -1.23577 0 0 0 0 -1.22626
384 398 0 0 0 0 0 -0.186448 -0 -0.186448
397 398 0.0145923 0 -1.18578 0 0 0 0 -1.17119
398 399 0.0170754 0 -0 0 0 0 0 0.0170754
#Total energy per particle is  -1.1891 and should be -1.189110
