t = 0
b =  30.0 30.0 30.0
E = 0. 0. 0.
24.513372224002744 4.284434611291594 17.318158656248194 0.8806907238532311 -0.46492709628564055 0.09070084926986306 0.43158271483193444 0.8664765784081366 0.2509077506344224 0.0 0.0 0.0 0.0 0.0 0.0
24.713272472949214 4.505193853578053 17.765361462069677 0.8278818275387543 -0.26999185825657335 -0.49164629166327967 0.43158271483193444 0.8664765784081366 0.2509077506344224 0.0 0.0 0.0 0.0 0.0 0.0
25.101888410532485 4.664408443279619 18.100493480236846 0.46054678349628114 0.027517800747313536 -0.8872087865058939 0.43158271483193444 0.8664765784081366 0.2509077506344224 0.0 0.0 0.0 0.0 0.0 0.0
25.59548600190486 4.8298957165273855 18.23338622760393 -0.08175768352802942 0.3145729871742022 -0.9457058300150369 0.43158271483193444 0.8664765784081366 0.2509077506344224 0.0 0.0 0.0 0.0 0.0 0.0
26.07044692674451 5.067089912099564 18.15070530126241 -0.5930010396644676 0.4821166363937366 -0.6449134173431734 0.43158271483193444 0.8664765784081366 0.2509077506344224 0.0 0.0 0.0 0.0 0.0 0.0
26.41023324593384 5.414182610107516 17.921016341145283 -0.8789533863837063 0.46649611488698134 -0.09910761504530008 0.43158271483193444 0.8664765784081366 0.2509077506344224 0.0 0.0 0.0 0.0 0.0 0.0
26.549662113040693 5.867613112182276 17.668735797060155 -0.8309766462988226 0.2736459199355452 0.4843508271992428 0.43158271483193444 0.8664765784081366 0.2509077506344224 0.0 0.0 0.0 0.0 0.0 0.0
26.499669827477014 6.383421210316626 17.526863039275213 -0.4672979850963823 -0.023166935115205387 0.8837962922768059 0.43158271483193444 0.8664765784081366 0.2509077506344224 0.0 0.0 0.0 0.0 0.0 0.0
26.343156951507066 6.893948404862516 17.58645167412346 0.07391499344984527 -0.31117828418518984 0.9474727696323894 0.43158271483193444 0.8664765784081366 0.2509077506344224 0.0 0.0 0.0 0.0 0.0 0.0
26.203493000619744 7.3335424997371526 17.862016756621685 0.5870464301916881 -0.48096780046975324 0.6511885009046791 0.43158271483193444 0.8664765784081366 0.2509077506344224 0.0 0.0 0.0 0.0 0.0 0.0
26.197646301966063 7.663499969361037 18.286020278390808 0.8771491132108018 -0.46802960800306065 0.10750683339214057 0.43158271483193444 0.8664765784081366 0.2509077506344224 0.0 0.0 0.0 0.0 0.0 0.0
26.391745771268322 7.8867700751140495 18.734529986214373 0.8340081829700182 -0.2772791424182511 -0.4770184775444742 0.43158271483193444 0.8664765784081366 0.2509077506344224 0.0 0.0 0.0 0.0 0.0 0.0
26.7759574321207 8.046834391628222 19.074303317072268 0.4740136001457005 0.018814305231293366 -0.8803164935383045 0.43158271483193444 0.8664765784081366 0.2509077506344224 0.0 0.0 0.0 0.0 0.0 0.0
27.268220508041146 8.211187429611861 19.21340847552891 -0.06606667445873649 0.30775988376506064 -0.9491675555300443 0.43158271483193444 0.8664765784081366 0.2509077506344224 0.0 0.0 0.0 0.0 0.0 0.0
27.745423683439935 8.445694342783426 19.136150859836878 -0.581047114860407 0.479782336985621 -0.6574139939406621 0.43158271483193444 0.8664765784081366 0.2509077506344224 0.0 0.0 0.0 0.0 0.0 0.0
28.09017715072362 8.789567654767234 18.909035703540514 -0.8752780417369056 0.4695274588524397 -0.11589786467738888 0.43158271483193444 0.8664765784081366 0.2509077506344224 0.0 0.0 0.0 0.0 0.0 0.0
28.235410960852715 9.24046976577016 18.655501625344204 -0.8369762066890869 0.2808912490207314 0.46964980108578824 0.43158271483193444 0.8664765784081366 0.2509077506344224 0.0 0.0 0.0 0.0 0.0 0.0
28.18985601833154 9.755401045825616 18.509024234082954 -0.4806931172241496 -0.014460242565195958 0.8767696552905363 0.43158271483193444 0.8664765784081366 0.2509077506344224 0.0 0.0 0.0 0.0 0.0 0.0
28.03472706461409 10.267036113133344 18.56240651333278 0.058213324234579936 -0.30431804623824243 0.950790058643494 0.43158271483193444 0.8664765784081366 0.2509077506344224 0.0 0.0 0.0 0.0 0.0 0.0
27.892867839987595 10.709301872225684 18.832521416367037 0.5750035505417138 -0.47856033621897515 0.6635894223557247 0.43158271483193444 0.8664765784081366 0.2509077506344224 0.0 0.0 0.0 0.0 0.0 0.0
26.520468996433188 28.109751756615562 12.740006268452857 -0.1912078221203223 0.8395842378806586 -0.5084661997245803 0.3481722882631202 0.5423537093529389 0.7646100389327429 0.0 0.0 0.0 0.0 0.0 0.0
26.957257169384896 28.405984442689 12.840740521761179 -0.6930137351220224 0.6981786448381241 -0.1796623021789045 0.3481722882631202 0.5423537093529389 0.7646100389327429 0.0 0.0 0.0 0.0 0.0 0.0
27.23607283960983 28.86136697282151 12.900520747634735 -0.9315321435791004 0.29152331169713513 0.2173983077580441 0.3481722882631202 0.5423537093529389 0.7646100389327429 0.0 0.0 0.0 0.0 0.0 0.0
27.302545728395206 29.38320225102818 13.009856924602186 -0.8161459163035842 -0.2258866015674472 0.5318656658718367 0.3481722882631202 0.5423537093529389 0.7646100389327429 0.0 0.0 0.0 0.0 0.0 0.0
27.182978129879114 29.853546671300016 13.240431896840297 -0.39069221019228506 -0.6574784182739768 0.6442683652011924 0.3481722882631202 0.5423537093529389 0.7646100389327429 0.0 0.0 0.0 0.0 0.0 0.0
26.97435222975654 30.17401886543871 13.617867863197954 0.18319199859647953 -0.8392831914252716 0.5119027409979735 0.3481722882631202 0.5423537093529389 0.7646100389327429 0.0 0.0 0.0 0.0 0.0 0.0
26.807484951478184 30.303176429683933 14.111992075473143 0.6874785043115577 -0.7022302480874434 0.18505670693220347 0.3481722882631202 0.5423537093529389 0.7646100389327429 0.0 0.0 0.0 0.0 0.0 0.0
26.797328419889183 30.272260586781915 14.648299969916344 0.9305804322110333 -0.29838829283755025 -0.21209546408025548 0.3481722882631202 0.5423537093529389 0.7646100389327429 0.0 0.0 0.0 0.0 0.0 0.0
26.999297727103446 30.173327123138776 15.136260696648858 0.8201392954384089 0.21881636364754384 -0.5286690222415685 0.3481722882631202 0.5423537093529389 0.7646100389327429 0.0 0.0 0.0 0.0 0.0 0.0
27.38821781251861 30.124272856474164 15.503711303126812 0.39811352833094293 0.6528890251684307 -0.6443923799786149 0.3481722882631202 0.5423537093529389 0.7646100389327429 0.0 0.0 0.0 0.0 0.0 0.0
27.867887889243477 30.224044663639877 15.724272646312805 -0.17516222429268696 0.8389182303054408 -0.5153002988957274 0.3481722882631202 0.5423537093529389 0.7646100389327429 0.0 0.0 0.0 0.0 0.0 0.0
28.307629731429337 30.515047907800312 15.82737127015157 -0.6818909193513082 0.706228373784576 -0.1904370189007931 0.3481722882631202 0.5423537093529389 0.7646100389327429 0.0 0.0 0.0 0.0 0.0 0.0
28.59193451709334 30.96703593198645 15.887059769539789 -0.9295578535401645 0.30523055055420883 0.2067764685117164 0.3481722882631202 0.5423537093529389 0.7646100389327429 0.0 0.0 0.0 0.0 0.0 0.0
28.664346560794282 31.488601269775515 15.993882971431486 -0.8240702177905875 -0.21172946201436646 0.5254321184184316 0.3481722882631202 0.5423537093529389 0.7646100389327429 0.0 0.0 0.0 0.0 0.0 0.0
28.54891177242045 31.961902870036326 16.22047844124941 -0.40550452858305935 -0.6482499120358554 0.644467321781436 0.3481722882631202 0.5423537093529389 0.7646100389327429 0.0 0.0 0.0 0.0 0.0 0.0
28.341042213996893 32.287435882451355 16.593980257345603 0.1671191107073464 -0.8384893823143681 0.5186586146806546 0.3481722882631202 0.5423537093529389 0.7646100389327429 0.0 0.0 0.0 0.0 0.0 0.0
28.171267462117488 32.42183521378471 17.08571032097787 0.6762514057575023 -0.7101727174567706 0.19580282835308693 0.3481722882631202 0.5423537093529389 0.7646100389327429 0.0 0.0 0.0 0.0 0.0 0.0
28.155644239458784 32.394350651828184 17.622073645494165 0.9284644854398193 -0.3120495637826944 -0.20144172611453218 0.3481722882631202 0.5423537093529389 0.7646100389327429 0.0 0.0 0.0 0.0 0.0 0.0
28.351664525470266 32.29573438198874 18.112518322204284 0.8279383840051641 0.20462643636291297 -0.5221552009051837 0.3481722882631202 0.5423537093529389 0.7646100389327429 0.0 0.0 0.0 0.0 0.0 0.0
28.736413392166842 32.2437627147568 18.483937704438425 0.4128646480953496 0.643561432162677 -0.6444931849025463 0.3481722882631202 0.5423537093529389 0.7646100389327429 0.0 0.0 0.0 0.0 0.0 0.0
5.9497553778240055 23.456694131863227 15.360957719720187 0.9444981180408418 -0.3037366550226048 0.12516928302497804 0.10098952349391692 0.6310110162654927 0.7691724211749027 0.0 0.0 0.0 0.0 0.0 0.0
5.986783345771677 23.416874377928913 15.895493423770567 0.9483881131534543 0.17253736039845047 -0.26606549211794844 0.10098952349391692 0.6310110162654927 0.7691724211749027 0.0 0.0 0.0 0.0 0.0 0.0
6.239996413953753 23.41638452072632 16.3693794905209 0.5919696078753929 0.5832615479333014 -0.55621753842746 0.10098952349391692 0.6310110162654927 0.7691724211749027 0.0 0.0 0.0 0.0 0.0 0.0
6.628148972877375 23.548849151727474 16.71647575188528 0.010651951361421339 0.7723949217952412 -0.6350532424270564 0.10098952349391692 0.6310110162654927 0.7691724211749027 0.0 0.0 0.0 0.0 0.0 0.0
7.018729644448997 23.857381229455296 16.91881160665644 -0.5747125595658839 0.6680825511127375 -0.4726216021046092 0.10098952349391692 0.6310110162654927 0.7691724211749027 0.0 0.0 0.0 0.0 0.0 0.0
7.278304569984219 24.318202745730513 17.013413352356793 -0.9417341604325231 0.3099544495179072 -0.13063311333081942 0.10098952349391692 0.6310110162654927 0.7691724211749027 0.0 0.0 0.0 0.0 0.0 0.0
7.32321116401714 24.849678388526065 17.07823727576301 -0.9509752087953272 -0.16593052961081914 0.2609850792665321 0.10098952349391692 0.6310110162654927 0.7691724211749027 0.0 0.0 0.0 0.0 0.0 0.0
7.1513429292826896 25.343330161875823 17.202552756199935 -0.5989248758791772 -0.5787757263298827 0.5534506768126949 0.10098952349391692 0.6310110162654927 0.7691724211749027 0.0 0.0 0.0 0.0 0.0 0.0
6.842949750246381 25.70504999019748 17.45302733583067 -0.0193329691265998 -0.7717343480021115 0.6356511090358508 0.10098952349391692 0.6310110162654927 0.7691724211749027 0.0 0.0 0.0 0.0 0.0 0.0
6.530149620289353 25.890852949609396 17.848398605766914 0.5676038558271795 -0.6714981881581118 0.47635705741648526 0.10098952349391692 0.6310110162654927 0.7691724211749027 0.0 0.0 0.0 0.0 0.0 0.0
6.34673480712781 25.923587875901955 18.35235548192984 0.9388984861218153 -0.316148639781842 0.13608699541931307 0.10098952349391692 0.6310110162654927 0.7691724211749027 0.0 0.0 0.0 0.0 0.0 0.0
6.377341933420218 25.884256709808607 18.887333392980587 0.9534898839931998 0.15931106257093117 -0.2558847913908856 0.10098952349391692 0.6310110162654927 0.7691724211749027 0.0 0.0 0.0 0.0 0.0 0.0
6.625297108770478 25.881240505441035 19.363982357782355 0.6058345334348314 0.5742458287140818 -0.5506416677861198 0.10098952349391692 0.6310110162654927 0.7691724211749027 0.0 0.0 0.0 0.0 0.0 0.0
7.011352285079818 26.00912365579751 19.71511253708631 0.02801251461132869 0.7710150036504898 -0.6362005683516696 0.10098952349391692 0.6310110162654927 0.7691724211749027 0.0 0.0 0.0 0.0 0.0 0.0
7.4037929149762265 26.312759700496134 19.921220776816423 -0.5604519268572865 0.6748626880166465 -0.48005623629414873 0.10098952349391692 0.6310110162654927 0.7691724211749027 0.0 0.0 0.0 0.0 0.0 0.0
7.668478510510871 26.77023071616274 20.017900182378295 -0.9359913110562961 0.3223187541028376 -0.1415305139562243 0.10098952349391692 0.6310110162654927 0.7691724211749027 0.0 0.0 0.0 0.0 0.0 0.0
7.719804857239224 27.301174301968857 20.082317702830583 -0.9559319472448203 -0.15267946337683114 0.2507650168976756 0.10098952349391692 0.6310110162654927 0.7691724211749027 0.0 0.0 0.0 0.0 0.0 0.0
7.55322648651468 27.797314599294165 20.203897116775025 -0.6126980543451808 -0.569672200055142 0.5477907252646461 0.10098952349391692 0.6310110162654927 0.7691724211749027 0.0 0.0 0.0 0.0 0.0 0.0
7.246983575023578 28.163598100692138 20.450345443779806 -0.03668992683461508 -0.7702369435212347 0.6367015785310569 0.10098952349391692 0.6310110162654927 0.7691724211749027 0.0 0.0 0.0 0.0 0.0 0.0
6.932377193556078 28.354306066578907 20.841929915644585 0.5532573173032852 -0.678175794468652 0.4837188570308042 0.10098952349391692 0.6310110162654927 0.7691724211749027 0.0 0.0 0.0 0.0 0.0 0.0
7.1382452592100805 0.9861231554873515 14.782453857536892 -0.8660466636693285 0.45458310412117225 -0.2081282724542355 0.271081338170966 0.7767355306147375 0.5685040224801234 0.0 0.0 0.0 0.0 0.0 0.0
7.292993548395088 1.4940477757875044 14.700291523066534 -0.947864751747571 0.11261316711018127 0.2981118699212263 0.271081338170966 0.7767355306147375 0.5685040224801234 0.0 0.0 0.0 0.0 0.0 0.0
7.231676037594629 2.0276425710738013 14.686083798724825 -0.6695731731833707 -0.27214039487771696 0.6910943287489432 0.271081338170966 0.7767355306147375 0.5685040224801234 0.0 0.0 0.0 0.0 0.0 0.0
7.017729300898871 2.4992029547848134 14.829411048366751 -0.13689955146033844 -0.5535032709068066 0.8215184976039338 0.271081338170966 0.7767355306147375 0.5685040224801234 0.0 0.0 0.0 0.0 0.0 0.0
6.772576307140179 2.8445922504766137 15.160003465386609 0.4477844987009182 -0.6245810002372102 0.6398340541623693 0.271081338170966 0.7767355306147375 0.5685040224801234 0.0 0.0 0.0 0.0 0.0 0.0
6.62949580394992 3.047608287511873 15.636446075185187 0.8623477312481187 -0.45836996514004535 0.21506595608960574 0.271081338170966 0.7767355306147375 0.5685040224801234 0.0 0.0 0.0 0.0 0.0 0.0
6.68298749323148 3.146138876570827 16.16191297644145 0.9492906430089548 -0.11801651674903939 -0.2914092944126339 0.271081338170966 0.7767355306147375 0.5685040224801234 0.0 0.0 0.0 0.0 0.0 0.0
6.952870014456404 3.2177675969234434 16.62095311986715 0.6755821681975177 0.2671733794858639 -0.6871732818639298 0.271081338170966 0.7767355306147375 0.5685040224801234 0.0 0.0 0.0 0.0 0.0 0.0
7.376751512179175 3.350298497536485 16.923352092070026 0.14520873255633487 0.550859641953392 -0.8218686506105244 0.271081338170966 0.7767355306147375 0.5685040224801234 0.0 0.0 0.0 0.0 0.0 0.0
7.833733345057163 3.608397870865625 17.038406079506103 -0.4403319283435411 0.6252651165607547 -0.6443223780791142 0.271081338170966 0.7767355306147375 0.5685040224801234 0.0 0.0 0.0 0.0 0.0 0.0
8.190341501014176 4.009026447188785 17.006586760585414 -0.8585831277084603 0.462121919511419 -0.22198726161975993 0.271081338170966 0.7767355306147375 0.5685040224801234 0.0 0.0 0.0 0.0 0.0 0.0
8.351235605994688 4.5149957296052605 16.924165438393658 -0.9506442421125462 0.12341087897322495 0.2846845269580332 0.271081338170966 0.7767355306147375 0.5685040224801234 0.0 0.0 0.0 0.0 0.0 0.0
8.295430326073584 5.049096525766811 16.9066379630796 -0.6815397150139345 -0.26218601780676176 0.683199904073001 0.271081338170966 0.7767355306147375 0.5685040224801234 0.0 0.0 0.0 0.0 0.0 0.0
8.084268046670374 5.523432010919616 17.044845927395897 -0.15350685544514955 -0.5481740629055051 0.8221562151373751 0.271081338170966 0.7767355306147375 0.5685040224801234 0.0 0.0 0.0 0.0 0.0 0.0
7.838113874738342 5.872811201184789 17.37046442682194 0.43284582500500524 -0.6259016165248632 0.648761634352171 0.271081338170966 0.7767355306147375 0.5685040224801234 0.0 0.0 0.0 0.0 0.0 0.0
7.690626922235714 6.079516098269098 17.843968161211876 0.8547531397394863 -0.4658386815094466 0.22889166196048136 0.271081338170966 0.7767355306147375 0.5685040224801234 0.0 0.0 0.0 0.0 0.0 0.0
7.737980974831549 6.180033053245693 18.369647757147792 0.9519254459765311 -0.1287958429811746 -0.2779380796745054 0.271081338170966 0.7767355306147375 0.5685040224801234 0.0 0.0 0.0 0.0 0.0 0.0
8.00232646279011 6.251190991762163 18.831971359076565 0.687445359942364 0.25717868964730667 -0.679174497964263 0.271081338170966 0.7767355306147375 0.5685040224801234 0.0 0.0 0.0 0.0 0.0 0.0
8.423375142178035 6.380972820675876 19.139477112824135 0.1617932881925953 0.5454467382803835 -0.8223811692853378 0.271081338170966 0.7767355306147375 0.5685040224801234 0.0 0.0 0.0 0.0 0.0 0.0
8.881304606700292 6.635089250743108 19.259521053156845 -0.4253267587810654 0.6264904516575943 -0.653151484914991 0.271081338170966 0.7767355306147375 0.5685040224801234 0.0 0.0 0.0 0.0 0.0 0.0
22.984687585880824 18.827342752862 27.496205802309035 0.7529328241889058 0.48133274200817416 -0.4487883172831159 0.333115145556396 0.3093809495378106 0.890683854049249 0.0 0.0 0.0 0.0 0.0 0.0
23.40002057695888 18.71424928422372 27.817754361615208 0.27710435609082623 0.8707971934299441 -0.4061101128388966 0.333115145556396 0.3093809495378106 0.890683854049249 0.0 0.0 0.0 0.0 0.0 0.0
23.878519514726943 18.799654063227468 28.046730107921483 -0.30400068982392814 0.9294312321150001 -0.20914388672817844 0.333115145556396 0.3093809495378106 0.890683854049249 0.0 0.0 0.0 0.0 0.0 0.0
24.287721485684248 19.096922720836428 28.22803149866735 -0.7696107910540831 0.63495880645804 0.06727959864988975 0.333115145556396 0.3093809495378106 0.890683854049249 0.0 0.0 0.0 0.0 0.0 0.0
24.521490652604932 19.53893025835651 28.424669276042412 -0.9428328855565445 0.09925491428255079 0.3181424396459613 0.333115145556396 0.3093809495378106 0.890683854049249 0.0 0.0 0.0 0.0 0.0 0.0
24.54034103359673 20.00356295671035 28.693827632545137 -0.7578570035108505 -0.4741575792825516 0.44813764876259454 0.333115145556396 0.3093809495378106 0.890683854049249 0.0 0.0 0.0 0.0 0.0 0.0
24.38643788679222 20.36011141994735 29.06513898018397 -0.2849585751379849 -0.8674296809862423 0.40787787265238673 0.333115145556396 0.3093809495378106 0.890683854049249 0.0 0.0 0.0 0.0 0.0 0.0
24.16757842381877 20.51892926010982 29.529426101727807 0.2962003801831107 -0.9311507442323869 0.21265847336716703 0.333115145556396 0.3093809495378106 0.890683854049249 0.0 0.0 0.0 0.0 0.0 0.0
24.016237846828023 20.465491258825818 30.042188728966998 0.7648278588663758 -0.6411120717344109 -0.0633534354103096 0.333115145556396 0.3093809495378106 0.890683854049249 0.0 0.0 0.0 0.0 0.0 0.0
24.039239804331206 20.265911740617337 30.54050993861099 0.942884446726419 -0.10750420436230315 -0.31529631486245513 0.333115145556396 0.3093809495378106 0.890683854049249 0.0 0.0 0.0 0.0 0.0 0.0
24.27717230113358 20.041826635641844 30.966959343361275 0.7627234690878147 0.46694630762149064 -0.44745285282508523 0.333115145556396 0.3093809495378106 0.890683854049249 0.0 0.0 0.0 0.0 0.0 0.0
24.688967636713645 19.924181956181158 31.291411856230958 0.2927910934863846 0.8639961104139424 -0.4096145709867117 0.333115145556396 0.3093809495378106 0.890683854049249 0.0 0.0 0.0 0.0 0.0 0.0
25.16750471126662 20.003485217275006 31.52249271475568 -0.28837751373655607 0.9327993456155035 -0.21615686524006872 0.333115145556396 0.3093809495378106 0.890683854049249 0.0 0.0 0.0 0.0 0.0 0.0
25.580306122489535 20.295420118552478 31.70430060904754 -0.7599866820760647 0.6472165138443525 0.059422447561339416 0.333115145556396 0.3093809495378106 0.890683854049249 0.0 0.0 0.0 0.0 0.0 0.0
25.8198685456202 20.73488804452547 31.89965385213074 -0.9428642035951501 0.11574530758067364 0.312426179043852 0.333115145556396 0.3093809495378106 0.890683854049249 0.0 0.0 0.0 0.0 0.0 0.0
25.84450504387408 21.200740117003406 32.16622465255749 -0.7675318503196042 -0.4596994761912484 0.4467339816204483 0.333115145556396 0.3093809495378106 0.890683854049249 0.0 0.0 0.0 0.0 0.0 0.0
25.694182632697185 21.561803679419086 32.53462847815112 -0.30060131465942874 -0.8604967431927377 0.411320075585568 0.333115145556396 0.3093809495378106 0.890683854049249 0.0 0.0 0.0 0.0 0.0 0.0
25.47533814238524 21.72671698214841 32.99679272791669 0.28053268622583116 -0.934376910716972 0.21963879593079627 0.333115145556396 0.3093809495378106 0.890683854049249 0.0 0.0 0.0 0.0 0.0 0.0
25.320441086725445 21.678639038679588 33.50902364812563 0.7550876293575048 -0.6532716679109646 -0.055486934462924804 0.333115145556396 0.3093809495378106 0.890683854049249 0.0 0.0 0.0 0.0 0.0 0.0
25.33766627993656 21.48164779795524 34.00860631987784 0.9427721577043299 -0.12397759634574604 -0.3095322507621084 0.333115145556396 0.3093809495378106 0.890683854049249 0.0 0.0 0.0 0.0 0.0 0.0
1.8808299343046913 14.26359481128886 24.10776367272498 -0.2335266121947647 -0.033661795684233366 0.9717675673267495 0.7635980636419579 0.6123807851137849 0.20471387648539333 0.0 0.0 0.0 0.0 0.0 0.0
1.940044244652528 14.77632779683073 24.25704077447107 0.1638198063206199 -0.49041129953253104 0.8559555060561784 0.7635980636419579 0.6123807851137849 0.20471387648539333 0.0 0.0 0.0 0.0 0.0 0.0
2.036601285005747 15.177271511213346 24.601432960755336 0.4989283414936998 -0.7608453514487389 0.414951637221967 0.7635980636419579 0.6123807851137849 0.20471387648539333 0.0 0.0 0.0 0.0 0.0 0.0
2.2468890565012583 15.404780503793189 25.04041338580082 0.6444856580962939 -0.7422215336936583 -0.1836992962142765 0.7635980636419579 0.6123807851137849 0.20471387648539333 0.0 0.0 0.0 0.0 0.0 0.0
2.6040873540385894 15.463100074413529 25.43751955049416 0.5451920979625209 -0.44161534600607233 -0.7125597957302685 0.7635980636419579 0.6123807851137849 0.20471387648539333 0.0 0.0 0.0 0.0 0.0 0.0
3.0855622074609705 15.420753413016337 25.672197687330055 0.2387709446869971 0.026767895044064953 -0.9707069154838596 0.7635980636419579 0.6123807851137849 0.20471387648539333 0.0 0.0 0.0 0.0 0.0 0.0
3.621464905237692 15.384508494136695 25.68560315223807 -0.15836328251242573 0.4849815652316229 -0.86006624869098 0.7635980636419579 0.6123807851137849 0.20471387648539333 0.0 0.0 0.0 0.0 0.0 0.0
4.1212686877827975 15.458815138311566 25.502956488694952 -0.4953326509924899 0.7589426303283223 -0.4226720344795474 0.7635980636419579 0.6123807851137849 0.20471387648539333 0.0 0.0 0.0 0.0 0.0 0.0
4.508161376948501 15.70612277894994 25.223961721592826 -0.6441168638402173 0.7445687013191803 0.17530235233023087 0.7635980636419579 0.6123807851137849 0.20471387648539333 0.0 0.0 0.0 0.0 0.0 0.0
4.7482276067346625 16.123154878481913 24.98492713122027 -0.5481903110553722 0.4473206741540471 0.7066764445907217 0.7635980636419579 0.6123807851137849 0.20471387648539333 0.0 0.0 0.0 0.0 0.0 0.0
4.863333837866918 16.642153739762264 24.90697945862778 -0.2439970938473525 -0.019871955925052868 0.9695723405511109 0.7635980636419579 0.6123807851137849 0.20471387648539333 0.0 0.0 0.0 0.0 0.0 0.0
4.92282092377929 17.156622788064226 25.050045831571552 0.15289469872713968 -0.4795148977068399 0.864111493951062 0.7635980636419579 0.6123807851137849 0.20471387648539333 0.0 0.0 0.0 0.0 0.0 0.0
5.017160361077353 17.56178640034596 25.39008644675077 0.49169923899214846 -0.7569821127882405 0.4303602436252608 0.7635980636419579 0.6123807851137849 0.20471387648539333 0.0 0.0 0.0 0.0 0.0 0.0
5.223582655375014 17.794395916199136 25.82822769300568 0.6436990175911593 -0.7468591671553819 -0.1668920584933446 0.7635980636419579 0.6123807851137849 0.20471387648539333 0.0 0.0 0.0 0.0 0.0 0.0
5.576736160986599 17.856758861399285 26.22832588927576 0.5511467773336316 -0.4529919371008126 -0.7007392773039101 0.7635980636419579 0.6123807851137849 0.20471387648539333 0.0 0.0 0.0 0.0 0.0 0.0
6.055523591833243 17.81586228028389 26.46869054523562 0.24920466168433827 0.012974503479659734 -0.9683639289307772 0.7635980636419579 0.6123807851137849 0.20471387648539333 0.0 0.0 0.0 0.0 0.0 0.0
6.591117233152067 17.77792323764493 26.4883166131261 -0.1474144714185896 0.47401171326607916 -0.8680909337753359 0.7635980636419579 0.6123807851137849 0.20471387648539333 0.0 0.0 0.0 0.0 0.0 0.0
7.093107741072621 17.848035179959773 26.310061325347966 -0.4880283821910667 0.7549639481294944 -0.4380156791722148 0.7635980636419579 0.6123807851137849 0.20471387648539333 0.0 0.0 0.0 0.0 0.0 0.0
7.483852163916887 18.09024117800571 26.031960349720347 -0.6432321511697295 0.749092756774422 0.15846905518005522 0.7635980636419579 0.6123807851137849 0.20471387648539333 0.0 0.0 0.0 0.0 0.0 0.0
7.727971797662684 18.50320289352861 25.789982400207254 -0.5540612716509452 0.4586287029577385 0.6947487460081094 0.7635980636419579 0.6123807851137849 0.20471387648539333 0.0 0.0 0.0 0.0 0.0 0.0
19.811827976214285 11.238382857105208 16.61772068500409 0.6573637658617069 0.01973638779103663 -0.7533149104651233 0.6916432182416358 0.38106356206644165 0.6135309448801977 0.0 0.0 0.0 0.0 0.0 0.0
20.26158277928899 11.063952926470803 16.85432144267082 0.3570671531928278 0.5579936420769489 -0.7490968852641635 0.6916432182416358 0.38106356206644165 0.6135309448801977 0.0 0.0 0.0 0.0 0.0 0.0
20.792731051169135 11.016717664105133 16.920165541771215 -0.07888524081844958 0.8842597825816354 -0.4602844291193151 0.6916432182416358 0.38106356206644165 0.6135309448801977 0.0 0.0 0.0 0.0 0.0 0.0
21.30589742992258 11.171049447002222 16.881087790770994 -0.48486781295190473 0.8745808476483931 0.0033977771932301374 0.6916432182416358 0.38106356206644165 0.6135309448801977 0.0 0.0 0.0 0.0 0.0 0.0
21.708538175457257 11.524741961639487 16.84278456318888 -0.7066409963874029 0.5326340264815229 0.4657891111422621 0.6916432182416358 0.38106356206644165 0.6135309448801977 0.0 0.0 0.0 0.0 0.0 0.0
21.950100083630936 11.999848419372569 16.910657978147718 -0.6599494508879024 -0.011669366511708214 0.7512193741897044 0.6916432182416358 0.38106356206644165 0.6135309448801977 0.0 0.0 0.0 0.0 0.0 0.0
22.041226493709374 12.47229484464213 17.14977187309025 -0.3625320752296745 -0.5515393720657374 0.7512488372643229 0.6916432182416358 0.38106356206644165 0.6135309448801977 0.0 0.0 0.0 0.0 0.0 0.0
22.049713705832122 12.819017852695096 17.560132964125263 0.07261729702137393 -0.8818703489254401 0.46586630685147373 0.6916432182416358 0.38106356206644165 0.6135309448801977 0.0 0.0 0.0 0.0 0.0 0.0
22.074754033095797 12.964718486962415 18.076688294465576 0.4801781440375414 -0.8771640361424026 0.003493377596462007 0.6916432182416358 0.38106356206644165 0.6135309448801977 0.0 0.0 0.0 0.0 0.0 0.0
22.209250983401656 12.910469551591069 18.59403994033892 0.7053112859834018 -0.5392084406282543 -0.46020674421360425 0.6916432182416358 0.38106356206644165 0.6135309448801977 0.0 0.0 0.0 0.0 0.0 0.0
22.504523663540084 12.733308035212296 19.006487444388345 0.6624848782083161 0.003601456564941117 -0.7490666296504755 0.6916432182416358 0.38106356206644165 0.6135309448801977 0.0 0.0 0.0 0.0 0.0 0.0
22.950809792511215 12.55696747097082 19.24818518663953 0.36796938904539406 0.5450431001959728 -0.7533435787569451 0.6916432182416358 0.38106356206644165 0.6135309448801977 0.0 0.0 0.0 0.0 0.0 0.0
23.480974555293415 12.504869498568821 19.318158236409083 -0.06634382313597932 0.8794137574278753 -0.4714127070606894 0.6916432182416358 0.38106356206644165 0.6135309448801977 0.0 0.0 0.0 0.0 0.0 0.0
23.996016241504257 12.6532339198433 19.280672744771127 -0.4754519076984228 0.8796804251989822 -0.010384266351923428 0.6916432182416358 0.38106356206644165 0.6135309448801977 0.0 0.0 0.0 0.0 0.0 0.0
24.40267865039513 13.00212152172107 19.24082015929151 -0.7039278633942477 0.5457417919646025 0.4545893307596132 0.6916432182416358 0.38106356206644165 0.6135309448801977 0.0 0.0 0.0 0.0 0.0 0.0
24.64888068067616 13.475410982248963 19.304591226062218 -0.6649698547403383 0.004466727646687918 0.7468568407872709 0.6916432182416358 0.38106356206644165 0.6135309448801977 0.0 0.0 0.0 0.0 0.0 0.0
24.743502811645826 13.949718633484462 19.538608333190272 -0.3733786805674848 -0.538505321183907 0.7553809502193581 0.6916432182416358 0.38106356206644165 0.6135309448801977 0.0 0.0 0.0 0.0 0.0 0.0
24.753013260631754 14.301273979811997 19.94481455168892 0.06006529691159391 -0.8768901951678926 0.47692320736711535 0.6916432182416358 0.38106356206644165 0.6135309448801977 0.0 0.0 0.0 0.0 0.0 0.0
24.776215595938638 14.45294217855962 20.459735430313316 0.47068946385574767 -0.8821298231853608 0.017274364305299342 0.6916432182416358 0.38106356206644165 0.6135309448801977 0.0 0.0 0.0 0.0 0.0 0.0
24.906711609341706 14.403528856355887 20.97859400082464 0.7024908339729303 -0.5522335829505666 -0.44893729856806924 0.6916432182416358 0.38106356206644165 0.6135309448801977 0.0 0.0 0.0 0.0 0.0 0.0
21.55242238875436 3.40431017197516 23.633952485713426 0.4224783008986582 0.602449645317619 -0.677175390963418 0.33329450906367614 0.5915176176832083 0.7341809573929203 0.0 0.0 0.0 0.0 0.0 0.0
22.027020957954928 3.5149928274491424 23.860205993991993 -0.1520096153491026 0.8022312120744619 -0.5773371278680749 0.33329450906367614 0.5915176176832083 0.7341809573929203 0.0 0.0 0.0 0.0 0.0 0.0
22.46696893055368 3.8085441129577386 23.954855485807094 -0.6687465372605015 0.6972317287736135 -0.25815883733362166 0.33329450906367614 0.5915176176832083 0.7341809573929203 0.0 0.0 0.0 0.0 0.0 0.0
22.754476108941763 4.261029392978708 23.990657662529014 -0.9314154688207821 0.3273422546188101 0.15909831168946195 0.33329450906367614 0.5915176176832083 0.7341809573929203 0.0 0.0 0.0 0.0 0.0 0.0
22.829667101905116 4.7881323502398745 24.062726304406585 -0.8402240913398517 -0.16691001493632093 0.515911352119798 0.33329450906367614 0.5915176176832083 0.7341809573929203 0.0 0.0 0.0 0.0 0.0 0.0
22.713328986809863 5.277188164344476 24.25239695523304 -0.42981753376124165 -0.5977503792305099 0.6767210443019975 0.33329450906367614 0.5915176176832083 0.7341809573929203 0.0 0.0 0.0 0.0 0.0 0.0
22.49901395136951 5.629986760695239 24.59632618940119 0.14388389105920654 -0.8014953806016373 0.5804330975813663 0.33329450906367614 0.5915176176832083 0.7341809573929203 0.0 0.0 0.0 0.0 0.0 0.0
22.31749725342341 5.8000844598187715 25.072565166426365 0.6629214200558894 -0.700738886594046 0.26362891276569156 0.33329450906367614 0.5915176176832083 0.7341809573929203 0.0 0.0 0.0 0.0 0.0 0.0
22.287093514037906 5.810448707694412 25.608898362411576 0.9301040181182518 -0.3337599738399664 -0.15333230365004177 0.33329450906367614 0.5915176176832083 0.7341809573929203 0.0 0.0 0.0 0.0 0.0 0.0
22.468707014848224 5.744732359031459 26.110279454955155 0.8439245491875805 0.1600199331451011 -0.5120400143297175 0.33329450906367614 0.5915176176832083 0.7341809573929203 0.0 0.0 0.0 0.0 0.0 0.0
22.842693143199973 5.715492559163966 26.49494101012091 0.4371240343545213 0.5930055921377347 -0.6762151627130251 0.33329450906367614 0.5915176176832083 0.7341809573929203 0.0 0.0 0.0 0.0 0.0 0.0
23.31632170893696 5.8214284026832175 26.725459297669094 -0.1357472094539389 0.8006985121524614 -0.5834848650670422 0.33329450906367614 0.5915176176832083 0.7341809573929203 0.0 0.0 0.0 0.0 0.0 0.0
23.759006694007635 6.109883497241637 26.822972191865865 -0.657045818818537 0.7041926804352407 -0.2690789118353769 0.33329450906367614 0.5915176176832083 0.7341809573929203 0.0 0.0 0.0 0.0 0.0 0.0
24.051918064004646 6.558859335462724 26.859148539643183 -0.9287217363936991 0.3401522759469076 0.147554618762045 0.33329450906367614 0.5915176176832083 0.7341809573929203 0.0 0.0 0.0 0.0 0.0 0.0
24.13312728496844 7.085372895688816 26.928959967410123 -0.8475607389135036 -0.15311766521643275 0.5081296827100986 0.33329450906367614 0.5915176176832083 0.7341809573929203 0.0 0.0 0.0 0.0 0.0 0.0
24.021135008828367 7.5769832793109675 27.114599572339152 -0.44439724626019195 -0.5882156453732067 0.6756577847213349 0.33329450906367614 0.5915176176832083 0.7341809573929203 0.0 0.0 0.0 0.0 0.0 0.0
23.807842366420303 7.934509888062066 27.454255390555016 0.12760019017310295 -0.7998406674115575 0.5864921979211862 0.33329450906367614 0.5915176176832083 0.7341809573929203 0.0 0.0 0.0 0.0 0.0 0.0
23.623636191377145 8.109712791509677 27.927602123741014 0.6511201809982236 -0.7075928472774302 0.2745084195041412 0.33329450906367614 0.5915176176832083 0.7341809573929203 0.0 0.0 0.0 0.0 0.0 0.0
23.587852882080057 8.123619883155957 28.4635230597904 0.9272687289132262 -0.3465186741410851 -0.14176569701855204 0.33329450906367614 0.5915176176832083 0.7341809573929203 0.0 0.0 0.0 0.0 0.0 0.0
23.76344050871529 8.058538032128553 28.967128500743748 0.8511323836076921 0.1462037367847363 -0.5041806550478407 0.33329450906367614 0.5915176176832083 0.7341809573929203 0.0 0.0 0.0 0.0 0.0 0.0
8.918113010461532 12.095329256389007 8.018944593868364 -0.2017223033477045 0.7850946672444155 -0.585606075614382 0.6223867632869016 0.5644107504303278 0.5422870288730209 0.0 0.0 0.0 0.0 0.0 0.0
9.403778097843746 12.315052930246656 7.951594522132073 -0.606858712561368 0.7855324534049472 -0.12108372159775932 0.6223867632869016 0.5644107504303278 0.5422870288730209 0.0 0.0 0.0 0.0 0.0 0.0
9.75110972260276 12.713838751574775 7.856643412247668 -0.7814393507363643 0.48753332711469305 0.38944036266571996 0.6223867632869016 0.5644107504303278 0.5422870288730209 0.0 0.0 0.0 0.0 0.0 0.0
9.920312222773395 13.223757810158945 7.850465245286673 -0.6591381145973967 0.004312138731018491 0.7520095420568504 0.6223867632869016 0.5644107504303278 0.5422870288730209 0.0 0.0 0.0 0.0 0.0 0.0
9.939264168981742 13.734659820902534 8.01570767709955 -0.2864192885212844 -0.480547303251685 0.8288777234915261 0.6223867632869016 0.5644107504303278 0.5422870288730209 0.0 0.0 0.0 0.0 0.0 0.0
9.89292682935947 14.136021058749458 8.369892812062997 0.19511501393919872 -0.7828387904066153 0.5908413996752551 0.6223867632869016 0.5644107504303278 0.5422870288730209 0.0 0.0 0.0 0.0 0.0 0.0
9.891065963303937 14.358934169691137 8.858760262673268 0.6025218604551102 -0.7877167327194697 0.1283345497809415 0.6223867632869016 0.5644107504303278 0.5422870288730209 0.0 0.0 0.0 0.0 0.0 0.0
10.026549974297525 14.402287226623871 9.37688157794416 0.7810205785558223 -0.4933279183507487 -0.38292874121440207 0.6223867632869016 0.5644107504303278 0.5422870288730209 0.0 0.0 0.0 0.0 0.0 0.0
10.340067650747761 14.333186169045966 9.807714274606354 0.6627965208954559 -0.011515579797630678 -0.7487110011952576 0.6223867632869016 0.5644107504303278 0.5422870288730209 0.0 0.0 0.0 0.0 0.0 0.0
10.804669814991039 14.261460134690854 10.067878274987867 0.2927649835800205 0.47467172005083436 -0.8300454340416397 0.6223867632869016 0.5644107504303278 0.5422870288730209 0.0 0.0 0.0 0.0 0.0 0.0
11.336007766453244 14.297935533856895 10.138833392562173 -0.18849286576696328 0.7805232973640418 -0.5960317288760076 0.6223867632869016 0.5644107504303278 0.5422870288730209 0.0 0.0 0.0 0.0 0.0 0.0
11.824378763232934 14.512331243216272 10.073923058785025 -0.598139123976421 0.7898410243550262 -0.13557560479129063 0.6223867632869016 0.5644107504303278 0.5422870288730209 0.0 0.0 0.0 0.0 0.0 0.0
12.176403927881726 14.906771238929759 9.978108261629812 -0.7805423286343797 0.499084940755825 0.37638795825687166 0.6223867632869016 0.5644107504303278 0.5422870288730209 0.0 0.0 0.0 0.0 0.0 0.0
12.35050444415851 15.414977662592266 9.968091111402316 -0.6664044526723282 0.018718143908256518 0.7453554430921709 0.6223867632869016 0.5644107504303278 0.5422870288730209 0.0 0.0 0.0 0.0 0.0 0.0
12.372698044480192 15.927450887747629 10.127977757880322 -0.2990883834517714 -0.46875998876073594 0.831149933418299 0.6223867632869016 0.5644107504303278 0.5422870288730209 0.0 0.0 0.0 0.0 0.0 0.0
12.326714438383213 16.333070258715427 10.4773250578332 0.18185636313321973 -0.7781483644504554 0.6011766679529752 0.6223867632869016 0.5644107504303278 0.5422870288730209 0.0 0.0 0.0 0.0 0.0 0.0
12.32218499598457 16.561310685522272 10.96371059816201 0.5937108368876508 -0.7919051665385843 0.14280633519443225 0.6223867632869016 0.5644107504303278 0.5422870288730209 0.0 0.0 0.0 0.0 0.0 0.0
12.452991957535605 16.609036304699313 11.482648847091797 0.7800046373926185 -0.504803955910377 -0.369818511899075 0.6223867632869016 0.5644107504303278 0.5422870288730209 0.0 0.0 0.0 0.0 0.0 0.0
12.761601000723168 16.541691846242905 11.917286954597834 0.6699616351700393 -0.02591928255975377 -0.7419431232863322 0.6223867632869016 0.5644107504303278 0.5422870288730209 0.0 0.0 0.0 0.0 0.0 0.0
13.222927819728115 16.468439086511452 12.182799103805479 0.3053890065851544 0.4628125595826149 -0.832191137509601 0.6223867632869016 0.5644107504303278 0.5422870288730209 0.0 0.0 0.0 0.0 0.0 0.0
8.671986875530916 15.615913886316454 14.44075145978401 -0.36026438657024096 0.9218172664762417 -0.1430471914979017 0.669156871946906 0.36221106660218977 0.6488699592037962 0.0 0.0 0.0 0.0 0.0 0.0
9.120406845184561 15.910721458428213 14.414424128742807 -0.6729435144261589 0.6657653454210849 0.3223407067500374 0.669156871946906 0.36221106660218977 0.6488699592037962 0.0 0.0 0.0 0.0 0.0 0.0
9.415429319550567 16.357290261977045 14.46157437194774 -0.7299601501360089 0.1567780386374736 0.6652659812544169 0.669156871946906 0.36221106660218977 0.6488699592037962 0.0 0.0 0.0 0.0 0.0 0.0
9.54405735472484 16.839596624366315 14.660372016512241 -0.5096527205263056 -0.41177186621353795 0.7554455868261828 0.669156871946906 0.36221106660218977 0.6488699592037962 0.0 0.0 0.0 0.0 0.0 0.0
9.556510036218897 17.228039576895792 15.031373506363899 -0.095719701449574 -0.823882754631556 0.5586187835860195 0.669156871946906 0.36221106660218977 0.6488699592037962 0.0 0.0 0.0 0.0 0.0 0.0
9.547143408755698 17.428678429583496 15.529712165510956 0.3545788325559162 -0.9229868099799559 0.1495633648535258 0.669156871946906 0.36221106660218977 0.6488699592037962 0.0 0.0 0.0 0.0 0.0 0.0
9.618603037330459 17.41892240989445 16.06214379838239 0.6701669398314732 -0.6714327447004353 -0.31631367675293315 0.669156871946906 0.36221106660218977 0.6488699592037962 0.0 0.0 0.0 0.0 0.0 0.0
9.842827240926638 17.256113274924278 16.522471718685175 0.7311474220713352 -0.16479015395237218 -0.6620178640783003 0.669156871946906 0.36221106660218977 0.6488699592037962 0.0 0.0 0.0 0.0 0.0 0.0
10.233716522389564 17.05574021917553 16.831892646040885 0.5143527745332852 0.4044589714266457 -0.7562103964918837 0.669156871946906 0.36221106660218977 0.6488699592037962 0.0 0.0 0.0 0.0 0.0 0.0
10.741852534991484 16.947563598689808 16.96893538972208 0.10214690843024285 0.8200473713672911 -0.5631059561146023 0.669156871946906 0.36221106660218977 0.6488699592037962 0.0 0.0 0.0 0.0 0.0 0.0
11.273272938584135 17.026316802310088 16.977618112988793 -0.3488662759906843 0.9240860644646013 -0.1560681483798582 0.669156871946906 0.36221106660218977 0.6488699592037962 0.0 0.0 0.0 0.0 0.0 0.0
11.725169263587619 17.31571545340148 16.95072509692163 -0.6673393294296626 0.6770490117767195 0.310262558244686 0.669156871946906 0.36221106660218977 0.6488699592037962 0.0 0.0 0.0 0.0 0.0 0.0
12.024945567449748 17.759447448030755 16.99455644076877 -0.7322790142997184 0.17278971985903657 0.658719331678728 0.669156871946906 0.36221106660218977 0.6488699592037962 0.0 0.0 0.0 0.0 0.0 0.0
12.157798846961063 18.242566864738734 17.188542876998703 -0.5190136585850863 -0.39711527552315257 0.7569176178081045 0.669156871946906 0.36221106660218977 0.6488699592037962 0.0 0.0 0.0 0.0 0.0 0.0
12.172342946667122 18.63516384189596 17.555068708024443 -0.1085663365283568 -0.8161495383207542 0.5675502459444742 0.669156871946906 0.36221106660218977 0.6488699592037962 0.0 0.0 0.0 0.0 0.0 0.0
12.162139346545496 18.84171950611279 18.05096763547122 0.3431271519078454 -0.9251149462176931 0.16256104671244934 0.669156871946906 0.36221106660218977 0.6488699592037962 0.0 0.0 0.0 0.0 0.0 0.0
12.230151591497775 18.83739518923051 18.583922358631092 0.6644608985542068 -0.6826137189494548 -0.304187812041398 0.669156871946906 0.36221106660218977 0.6488699592037962 0.0 0.0 0.0 0.0 0.0 0.0
12.449627719182775 18.67746905363523 19.04753746046484 0.7333548406460293 -0.18077612715955077 -0.6553706352517124 0.669156871946906 0.36221106660218977 0.6488699592037962 0.0 0.0 0.0 0.0 0.0 0.0
12.836272105868083 18.476334994165807 19.3617608053717 0.5236350177373431 0.38974133775393416 -0.7575671969172031 0.669156871946906 0.36221106660218977 0.6488699592037962 0.0 0.0 0.0 0.0 0.0 0.0
13.342279111322817 18.36404248490062 19.50329668390439 0.11497749687961259 0.8121895523270226 -0.5719513146257569 0.669156871946906 0.36221106660218977 0.6488699592037962 0.0 0.0 0.0 0.0 0.0 0.0
27.647242963123297 6.196362421137895 6.1106834769871385 0.7874843729381542 -0.5723902735571118 0.22855576368890113 0.32844291984420876 0.7035169242786097 0.6302294706357167 0.0 0.0 0.0 0.0 0.0 0.0
27.681524868407518 6.257131004087713 6.643428286830195 0.9437059477741474 -0.21666330340793097 -0.2499521896124562 0.32844291984420876 0.7035169242786097 0.6302294706357167 0.0 0.0 0.0 0.0 0.0 0.0
27.9309245741806 6.268511180208372 7.119196487186335 0.7413978551286959 0.22137767812318054 -0.6334991271022865 0.32844291984420876 0.7035169242786097 0.6302294706357167 0.0 0.0 0.0 0.0 0.0 0.0
28.349325944358387 6.330354405022868 7.450558541586431 0.25742032180873964 0.5753135784978962 -0.7763691546653759 0.32844291984420876 0.7035169242786097 0.6302294706357167 0.0 0.0 0.0 0.0 0.0 0.0
28.82640628499222 6.523340378158228 7.604947222752064 -0.3243554956046236 0.7106782316711737 -0.6242835601710276 0.32844291984420876 0.7035169242786097 0.6302294706357167 0.0 0.0 0.0 0.0 0.0 0.0
29.229549780197118 6.878325476564554 7.617030446733601 -0.7829032373030967 0.5760443427261739 -0.23502220370318613 0.32844291984420876 0.7035169242786097 0.6302294706357167 0.0 0.0 0.0 0.0 0.0 0.0
29.45423045782469 7.364619901020573 7.575540351986013 -0.944012949706026 0.22256157703168683 0.24352801731319773 0.32844291984420876 0.7035169242786097 0.6302294706357167 0.0 0.0 0.0 0.0 0.0 0.0
29.46372335386336 7.9016472439638745 7.589562476447588 -0.7464763594607915 -0.2154760528082719 0.629557872980976 0.32844291984420876 0.7035169242786097 0.6302294706357167 0.0 0.0 0.0 0.0 0.0 0.0
29.303056940275034 8.389556813889566 7.747092337864244 -0.2653409198372246 -0.5716507276188819 0.7764081670569541 0.32844291984420876 0.7035169242786097 0.6302294706357167 0.0 0.0 0.0 0.0 0.0 0.0
29.08190605566085 8.74715858246752 8.08160446539125 0.31660197149610786 -0.7106457335165923 0.6282880176156816 0.32844291984420876 0.7035169242786097 0.6302294706357167 0.0 0.0 0.0 0.0 0.0 0.0
28.932924600411095 8.942768633729866 8.559334866302862 0.7782624805553854 -0.579654543888291 0.24147074586673378 0.32844291984420876 0.7035169242786097 0.6302294706357167 0.0 0.0 0.0 0.0 0.0 0.0
28.961348102092007 9.00624641347402 9.092108531332682 0.9442480613968899 -0.2284429017296695 -0.23708529941256373 0.32844291984420876 0.7035169242786097 0.6302294706357167 0.0 0.0 0.0 0.0 0.0 0.0
29.205012979079147 9.01765062658093 9.570838594901511 0.7514980167280134 0.20955801815769248 -0.6255686755902056 0.32844291984420876 0.7035169242786097 0.6302294706357167 0.0 0.0 0.0 0.0 0.0 0.0
29.619981852625354 9.076823596520638 9.906970259186005 0.27324131112735467 0.5679443433237238 -0.7763880529606245 0.32844291984420876 0.7035169242786097 0.6302294706357167 0.0 0.0 0.0 0.0 0.0 0.0
30.097236091640596 9.265459497391383 10.06612424236904 -0.30882433692168837 0.7105591169380268 -0.6322446284952782 0.32844291984420876 0.7035169242786097 0.6302294706357167 0.0 0.0 0.0 0.0 0.0 0.0
30.504093813337363 9.616067371325927 10.081158042592971 -0.7735624561066141 0.5832206021126671 -0.2479008990980916 0.32844291984420876 0.7035169242786097 0.6302294706357167 0.0 0.0 0.0 0.0 0.0 0.0
30.734617948824454 10.099620399863115 10.03968282506728 -0.9444112649420733 0.23430682961623278 0.23062452654846652 0.32844291984420876 0.7035169242786097 0.6302294706357167 0.0 0.0 0.0 0.0 0.0 0.0
30.749863506752053 10.636583677583797 10.050778475624922 -0.7564624445117186 -0.2036240248526935 0.6215318387228014 0.32844291984420876 0.7035169242786097 0.6302294706357167 0.0 0.0 0.0 0.0 0.0 0.0
30.592673426651082 11.12713085243227 10.203552328375954 -0.2811208940337457 -0.5641947078679357 0.7763088139081534 0.32844291984420876 0.7035169242786097 0.6302294706357167 0.0 0.0 0.0 0.0 0.0 0.0
30.37140182990964 11.489069825869835 10.53328579968394 0.3010231841783503 -0.7104183885316651 0.6361530914985802 0.32844291984420876 0.7035169242786097 0.6302294706357167 0.0 0.0 0.0 0.0 0.0 0.0
12.837130639654129 12.465506045316834 9.989153006755915 0.27775239708267424 -0.7757937296823341 0.5665665847015705 0.4411099551517752 0.6269167370789636 0.6421817595013616 0.0 0.0 0.0 0.0 0.0 0.0
12.740472934586165 12.646606989777814 10.485685823480745 0.7253956981065499 -0.6703805414958435 0.15617621698661655 0.4411099551517752 0.6269167370789636 0.6421817595013616 0.0 0.0 0.0 0.0 0.0 0.0
12.809169201726196 12.674894668711264 11.017819013781768 0.897449045450432 -0.3102785774301341 -0.3135481066886557 0.4411099551517752 0.6269167370789636 0.6421817595013616 0.0 0.0 0.0 0.0 0.0 0.0
13.082439007014926 12.632454336156586 11.478478903297304 0.7285464958798136 0.16770340578245593 -0.6641502623881208 0.4411099551517752 0.6269167370789636 0.6421817595013616 0.0 0.0 0.0 0.0 0.0 0.0
13.52178100896321 12.628242000226813 11.78774571960395 0.2828569518766091 0.5819720612868693 -0.7624306294061028 0.4411099551517752 0.6269167370789636 0.6421817595013616 0.0 0.0 0.0 0.0 0.0 0.0
14.025600261991872 12.756690213979159 11.923216449947564 -0.2702946772605616 0.775139800654418 -0.5710508531523599 0.4411099551517752 0.6269167370789636 0.6421817595013616 0.0 0.0 0.0 0.0 0.0 0.0
14.467805834834156 13.06183156968049 11.928516120346954 -0.7207568394204338 0.6738189701069948 -0.16271931032491513 0.4411099551517752 0.6269167370789636 0.6421817595013616 0.0 0.0 0.0 0.0 0.0 0.0
14.745714863451905 13.52056998081945 11.89672391883781 -0.8973914278727492 0.3165030471635157 0.3074320190167542 0.4411099551517752 0.6269167370789636 0.6421817595013616 0.0 0.0 0.0 0.0 0.0 0.0
14.8190634878496 14.05145527151812 11.935010855736898 -0.7330920092916402 -0.16105767504614 0.6607847843447047 0.4411099551517752 0.6269167370789636 0.6421817595013616 0.0 0.0 0.0 0.0 0.0 0.0
14.725303765662494 14.545627460122335 12.123923705018985 -0.29027867973586086 -0.5774298937650382 0.763094362367658 0.4411099551517752 0.6269167370789636 0.6421817595013616 0.0 0.0 0.0 0.0 0.0 0.0
14.565375009295964 14.908174486273952 12.486783938213577 0.2628163734522871 -0.7744268417296066 0.5754916338697682 0.4411099551517752 0.6269167370789636 0.6421817595013616 0.0 0.0 0.0 0.0 0.0 0.0
14.465355253527413 15.094190889485928 12.980827507456652 0.7160630923104722 -0.6772060847947767 0.16925001195773878 0.4411099551517752 0.6269167370789636 0.6421817595013616 0.0 0.0 0.0 0.0 0.0 0.0
14.528562102181992 15.125838144360616 13.513451622250953 0.8972654704634415 -0.32270341396446495 -0.30129251920633365 0.4411099551517752 0.6269167370789636 0.6421817595013616 0.0 0.0 0.0 0.0 0.0 0.0
14.79630064306121 15.083925145868228 13.977396097811988 0.7375816949086781 0.15439967914430872 -0.6573689849816289 0.4411099551517752 0.6269167370789636 0.6421817595013616 0.0 0.0 0.0 0.0 0.0 0.0
15.232170954502903 15.077207559094976 14.291493292562317 0.2976783017497909 0.5728437527211857 -0.7636999827390795 0.4411099551517752 0.6269167370789636 0.6421817595013616 0.0 0.0 0.0 0.0 0.0 0.0
15.735897044194921 15.201069723779074 14.431505052217418 -0.25531805515963957 0.7736549072024816 -0.5798885886711513 0.4411099551517752 0.6269167370789636 0.6421817595013616 0.0 0.0 0.0 0.0 0.0 0.0
16.18142337517971 15.501286548903064 14.43933118983871 -0.7113148142236803 0.6805416276172909 -0.17576782454687429 0.4411099551517752 0.6269167370789636 0.6421817595013616 0.0 0.0 0.0 0.0 0.0 0.0
16.464805471880652 15.956632859455688 14.407091046323998 -0.8970711828146538 0.328879205651043 0.2951300748040735 0.4411099551517752 0.6269167370789636 0.6421817595013616 0.0 0.0 0.0 0.0 0.0 0.0
16.543700164232607 16.486947195284667 14.442125812647157 -0.7420152108239852 -0.14772992510912858 0.6539031244252386 0.4411099551517752 0.6269167370789636 0.6421817595013616 0.0 0.0 0.0 0.0 0.0 0.0
16.453452465929697 16.983586490036693 14.62621781675814 -0.30505525440853465 -0.5682139874077092 0.76424744440003 0.4411099551517752 0.6269167370789636 0.6421817595013616 0.0 0.0 0.0 0.0 0.0 0.0
19.284834088165084 5.169278435437983 2.5354617365662384 -0.07694669232429444 0.23946546569852317 0.9678509685267355 0.9961117747811523 0.06023331792035847 0.06429058682768417 0.0 0.0 0.0 0.0 0.0 0.0
19.649217704947173 5.56097731998805 2.585278056998387 -0.03717377134839788 -0.3742381586072371 0.9265872389397567 0.9961117747811523 0.06023331792035847 0.06429058682768417 0.0 0.0 0.0 0.0 0.0 0.0
20.005127559380718 5.867368604508176 2.8463099677019628 0.01672208687506812 -0.8457624495297639 0.533297525567067 0.9961117747811523 0.06023331792035847 0.06429058682768417 0.0 0.0 0.0 0.0 0.0 0.0
20.3648492140436 5.9809683120460395 3.2289070661387815 0.06426494471631244 -0.9959674454818525 -0.06260083402769508 0.9961117747811523 0.06023331792035847 0.06429058682768417 0.0 0.0 0.0 0.0 0.0 0.0
20.73922006487666 5.867537209048155 3.5972343024892495 0.08739247560725212 -0.7677877572076934 -0.6347160901452054 0.9961117747811523 0.06023331792035847 0.06429058682768417 0.0 0.0 0.0 0.0 0.0 0.0
21.133512033274204 5.5790888626363 3.8208779861197475 0.07731814389072297 -0.24791266324358457 -0.9656920917294328 0.9961117747811523 0.06023331792035847 0.06429058682768417 0.0 0.0 0.0 0.0 0.0 0.0
21.545428675004455 5.234128816837487 3.8243921270549763 0.03786935661967854 0.3661485963654546 -0.9297855221548784 0.9961117747811523 0.06023331792035847 0.06429058682768417 0.0 0.0 0.0 0.0 0.0 0.0
21.965977637767725 4.972632355101061 3.6159616289592575 -0.01596663237306047 0.8411038825371816 -0.5406378875287446 0.9961117747811523 0.06023331792035847 0.06429058682768417 0.0 0.0 0.0 0.0 0.0 0.0
22.382887006179164 4.902865549854357 3.284292707390166 -0.06373663077941627 0.9965097412260389 0.05390711955301034 0.9961117747811523 0.06023331792035847 0.06429058682768417 0.0 0.0 0.0 0.0 0.0 0.0
22.78526760759896 5.0602531714753525 2.964911915419373 -0.0872920175330323 0.7733248884687309 0.627971910637601 0.9961117747811523 0.06023331792035847 0.06429058682768417 0.0 0.0 0.0 0.0 0.0 0.0
23.167749990875453 5.3939202257554975 2.7886773402375855 -0.07768370738114509 0.25634098127950705 0.9634596737405161 0.9961117747811523 0.06023331792035847 0.06429058682768417 0.0 0.0 0.0 0.0 0.0 0.0
23.532524370610094 5.786020214784086 2.8320634280002506 -0.03856205799283564 -0.358031150490457 0.9329129986026772 0.9961117747811523 0.06023331792035847 0.06429058682768417 0.0 0.0 0.0 0.0 0.0 0.0
23.88850852801191 6.096506991792909 3.088107063148545 0.015209961950180087 -0.8363812622274781 0.5479370778221223 0.9961117747811523 0.06023331792035847 0.06429058682768417 0.0 0.0 0.0 0.0 0.0 0.0
24.247959796718852 6.216340633760205 3.4690529724272574 0.06320346305131967 -0.9969761488952866 -0.04520929984246174 0.9961117747811523 0.06023331792035847 0.06429058682768417 0.0 0.0 0.0 0.0 0.0 0.0
24.621818296817043 6.1089135312169205 3.8396934203843673 0.08718491183371238 -0.7788031280454624 -0.6211799086377094 0.9961117747811523 0.06023331792035847 0.06429058682768417 0.0 0.0 0.0 0.0 0.0 0.0
25.015550600311006 5.823958231130598 4.068735888622058 0.07804335495648528 -0.26474977795724064 -0.9611538845672581 0.9961117747811523 0.06023331792035847 0.06429058682768417 0.0 0.0 0.0 0.0 0.0 0.0
25.427072889022938 5.478653210828559 4.078683298629892 0.039251822715977366 0.34988643915717554 -0.9359694301137127 0.9961117747811523 0.06023331792035847 0.06429058682768417 0.0 0.0 0.0 0.0 0.0 0.0
25.847542631958035 5.21310481534159 3.875276447592986 -0.014452133229809563 0.8315949482464741 -0.5551945405855991 0.9961117747811523 0.06023331792035847 0.06429058682768417 0.0 0.0 0.0 0.0 0.0 0.0
26.264718010668663 5.137118514473578 3.545312983560371 -0.06266548213480966 0.9973666329708459 0.03650803726869514 0.9961117747811523 0.06023331792035847 0.06429058682768417 0.0 0.0 0.0 0.0 0.0 0.0
26.667608790754883 5.288481968973455 3.2236715277718817 -0.08707116666580633 0.7842220587487343 0.6143406013827793 0.9961117747811523 0.06023331792035847 0.06429058682768417 0.0 0.0 0.0 0.0 0.0 0.0
17.661888105577834 25.354910242800276 16.9399332502948 -0.704615560159584 0.7084679819539736 0.03987519187489393 0.6468063078148298 0.6181476220300504 0.44669353873717693 0.0 0.0 0.0 0.0 0.0 0.0
17.936349476926782 25.796398377647186 16.804123513732904 -0.7418827236574934 0.3742060606332003 0.5563990011888241 0.6468063078148298 0.6181476220300504 0.44669353873717693 0.0 0.0 0.0 0.0 0.0 0.0
18.04169865807463 26.323186795789848 16.79514494699912 -0.4972962368202384 -0.10222299951382087 0.8615375274559008 0.6468063078148298 0.6181476220300504 0.44669353873717693 0.0 0.0 0.0 0.0 0.0 0.0
18.033689146391858 26.82667347797688 16.982553886757227 -0.0637785952652807 -0.539815833068131 0.8393635429031616 0.6468063078148298 0.6181476220300504 0.44669353873717693 0.0 0.0 0.0 0.0 0.0 0.0
18.011141301911568 27.207109124030705 17.36129577253072 0.39396960095220523 -0.772323606400425 0.49830131499144364 0.6468063078148298 0.6181476220300504 0.44669353873717693 0.0 0.0 0.0 0.0 0.0 0.0
18.078398840364606 27.411493579704352 17.85362545873559 0.7020421589474805 -0.7114127290990963 -0.03207391363922911 0.6468063078148298 0.6181476220300504 0.44669353873717693 0.0 0.0 0.0 0.0 0.0 0.0
18.30568691103951 27.45371148139523 18.338643895317187 0.7433971632396451 -0.38022426182648056 -0.5502637262311197 0.6468063078148298 0.6181476220300504 0.44669353873717693 0.0 0.0 0.0 0.0 0.0 0.0
18.702432388465912 27.40925725063899 18.698229698190328 0.502323156279306 0.09541775952466779 -0.8593991493089163 0.6468063078148298 0.6181476220300504 0.44669353873717693 0.0 0.0 0.0 0.0 0.0 0.0
19.21368244517181 27.38655350116872 18.86191543793747 0.07040818385315264 0.5348089787325291 -0.8420344671767126 0.6468063078148298 0.6181476220300504 0.44669353873717693 0.0 0.0 0.0 0.0 0.0 0.0
19.740982049602426 27.48575947522832 18.833659394397024 -0.3882560347808723 0.7710173253906093 -0.504766812898536 0.6468063078148298 0.6181476220300504 0.44669353873717693 0.0 0.0 0.0 0.0 0.0 0.0
20.179778678688248 27.760718872870804 18.690341739973853 -0.6994152945069084 0.7143032994105493 0.02427019285085989 0.6468063078148298 0.6181476220300504 0.44669353873717693 0.0 0.0 0.0 0.0 0.0 0.0
20.45914356938409 28.198503730089506 18.552556476774694 -0.7448549902496393 0.38621350747012234 0.5440865465602286 0.6468063078148298 0.6181476220300504 0.44669353873717693 0.0 0.0 0.0 0.0 0.0 0.0
20.56871874161563 28.724325968488248 18.538795758983646 -0.5073118218852022 -0.08860525310370433 0.8571953245894111 0.6468063078148298 0.6181476220300504 0.44669353873717693 0.0 0.0 0.0 0.0 0.0 0.0
20.562652168085847 29.229950636654035 18.720432742404448 -0.07703241058523021 -0.5297613966226018 0.8446412672655175 0.6468063078148298 0.6181476220300504 0.44669353873717693 0.0 0.0 0.0 0.0 0.0 0.0
20.539026054139335 29.614816177790733 19.094605729275095 0.38251290140929406 -0.7696523284263526 0.5111938708585404 0.6468063078148298 0.6181476220300504 0.44669353873717693 0.0 0.0 0.0 0.0 0.0 0.0
20.602593768104857 29.824239446445496 19.585305375092688 0.6967351668837612 -0.7171394727602167 -0.016464623793340728 0.6468063078148298 0.6181476220300504 0.44669353873717693 0.0 0.0 0.0 0.0 0.0 0.0
20.824982285284335 29.870190749719747 20.072251909398528 0.7462560936683005 -0.392173341459886 -0.5378679325923018 0.6468063078148298 0.6181476220300504 0.44669353873717693 0.0 0.0 0.0 0.0 0.0 0.0
21.217479902496486 29.826746127468464 20.436591431545914 0.512261853731722 0.08178599904966581 -0.8549262211271734 0.6468063078148298 0.6181476220300504 0.44669353873717693 0.0 0.0 0.0 0.0 0.0 0.0
21.726747625385123 29.80194462627395 20.606050494687068 0.08365077100099626 0.5246734711312651 -0.8471837446516601 0.6468063078148298 0.6181476220300504 0.44669353873717693 0.0 0.0 0.0 0.0 0.0 0.0
22.25508354415551 29.896742459332685 20.582393996578205 -0.37674063819931697 0.7682287194574539 -0.5175819994261129 0.6468063078148298 0.6181476220300504 0.44669353873717693 0.0 0.0 0.0 0.0 0.0 0.0
13.485088167323385 9.022146881892812 17.518108791600238 -0.19544807107963474 0.9617209732977833 0.19207504010259716 0.8839072844451742 0.08789719388369334 0.4593277651221734 0.0 0.0 0.0 0.0 0.0 0.0
13.956802697968753 9.257334314077232 17.413910061095113 -0.407448577395527 0.6268403550671694 0.6641210929022102 0.8839072844451742 0.08789719388369334 0.4593277651221734 0.0 0.0 0.0 0.0 0.0 0.0
14.335639312576422 9.635410024922772 17.461097754613647 -0.4646525569819224 0.05381260573468693 0.8838564389957254 0.8839072844451742 0.08789719388369334 0.4593277651221734 0.0 0.0 0.0 0.0 0.0 0.0
14.60855836219975 10.02575232093875 17.70976055121184 -0.3453272615944133 -0.5396594522151922 0.7677999466231439 0.8839072844451742 0.08789719388369334 0.4593277651221734 0.0 0.0 0.0 0.0 0.0 0.0
14.802760051676891 10.293079227841867 18.133443369801636 -0.09480636596326367 -0.9281058616436348 0.3600434175978867 0.8839072844451742 0.08789719388369334 0.4593277651221734 0.0 0.0 0.0 0.0 0.0 0.0
14.975350627049622 10.348844374380423 18.639198096761653 0.19173305317524014 -0.9639493371311458 -0.18449962537773804 0.8839072844451742 0.08789719388369334 0.4593277651221734 0.0 0.0 0.0 0.0 0.0 0.0
15.191646757926536 10.184877239189227 19.102896128311528 0.4054298798067688 -0.6335723430690672 -0.6589481760031223 0.8839072844451742 0.08789719388369334 0.4593277651221734 0.0 0.0 0.0 0.0 0.0 0.0
15.500360642662272 9.876487268460053 19.416386902407655 0.46509711667359377 -0.06249062311036178 -0.8830512975389306 0.8839072844451742 0.08789719388369334 0.4593277651221734 0.0 0.0 0.0 0.0 0.0 0.0
15.915093429778057 9.553852558226604 19.528586105444536 0.3480661829070065 0.5323323293554724 -0.7716684673093258 0.8839072844451742 0.08789719388369334 0.4593277651221734 0.0 0.0 0.0 0.0 0.0 0.0
16.40916791423941 9.352563019219595 19.464883457077672 0.0987990868978023 0.9249133297772392 -0.36711588474014817 0.8839072844451742 0.08789719388369334 0.4593277651221734 0.0 0.0 0.0 0.0 0.0 0.0
16.92576365366784 9.362107502837745 19.317496731232975 -0.1880034340565215 0.9661042924904042 0.17691016029208712 0.8839072844451742 0.08789719388369334 0.4593277651221734 0.0 0.0 0.0 0.0 0.0 0.0
17.399504004387545 9.591875490327599 19.210436681993343 -0.40338030716297774 0.6402560820840651 0.6537250776492102 0.8839072844451742 0.08789719388369334 0.4593277651221734 0.0 0.0 0.0 0.0 0.0 0.0
17.78129380139707 9.967589871874202 19.25239328477334 -0.4655062574191337 0.07116388158314448 0.8821789083069561 0.8839072844451742 0.08789719388369334 0.4593277651221734 0.0 0.0 0.0 0.0 0.0 0.0
18.056971432380728 10.359526062466857 19.495442597459704 -0.35077859763217833 -0.5249646673278638 0.7754782224540863 0.8839072844451742 0.08789719388369334 0.4593277651221734 0.0 0.0 0.0 0.0 0.0 0.0
18.25268907099687 10.63179654062409 19.915262195354934 -0.10278428389935738 -0.9216503621798333 0.3741603945864397 0.8839072844451742 0.08789719388369334 0.4593277651221734 0.0 0.0 0.0 0.0 0.0 0.0
18.42497702886404 10.69397678972266 20.420371666969118 0.1842594977484146 -0.9681856752673647 -0.1693072228127944 0.8839072844451742 0.08789719388369334 0.4593277651221734 0.0 0.0 0.0 0.0 0.0 0.0
18.639266945040692 10.535459083680028 20.886887551815867 0.40130001554704586 -0.6468910631195604 -0.6484521955996355 0.8839072844451742 0.08789719388369334 0.4593277651221734 0.0 0.0 0.0 0.0 0.0 0.0
18.945033212388218 10.229482539444835 21.2055887382721 0.46587994806089045 -0.07983172065082254 -0.8812393377356196 0.8839072844451742 0.08789719388369334 0.4593277651221734 0.0 0.0 0.0 0.0 0.0 0.0
19.356996828555154 9.905308351975378 21.323411389963265 0.353464299209046 0.5175570272083548 -0.7792289219298209 0.8839072844451742 0.08789719388369334 0.4593277651221734 0.0 0.0 0.0 0.0 0.0 0.0
19.849532642848565 9.699111305143022 21.26360878438205 0.10676165347974809 0.9183172073390331 -0.38117641067006275 0.8839072844451742 0.08789719388369334 0.4593277651221734 0.0 0.0 0.0 0.0 0.0 0.0
7.820628356066624 9.41957724973309 0.5462339986844079 0.8778875887765916 -0.37549148508389063 -0.297186012627641 0.42517955198473006 0.8967136085590441 0.12299208429440409 0.0 0.0 0.0 0.0 0.0 0.0
8.163914408604695 9.643843252331296 0.8934292583435945 0.5819428280874648 -0.16675872890393523 -0.7959485355045938 0.42517955198473006 0.8967136085590441 0.12299208429440409 0.0 0.0 0.0 0.0 0.0 0.0
8.639854347116161 9.830096597428778 1.059188024289953 0.06490825744267986 0.10532845644389152 -0.9923169021934992 0.42517955198473006 0.8967136085590441 0.12299208429440409 0.0 0.0 0.0 0.0 0.0 0.0
9.130590124954027 10.040359567486808 0.9987481211580072 -0.47678604541277214 0.337399600190802 -0.8116874870852315 0.42517955198473006 0.8967136085590441 0.12299208429440409 0.0 0.0 0.0 0.0 0.0 0.0
9.512642508737958 10.327532787024627 0.7532840298051997 -0.8373413581783316 0.44128699480473427 -0.3226844249421943 0.42517955198473006 0.8967136085590441 0.12299208429440409 0.0 0.0 0.0 0.0 0.0 0.0
9.703822903578155 10.7152973909133 0.43426401363353917 -0.8797766893710011 0.3775220821672426 0.28891184523226476 0.42517955198473006 0.8967136085590441 0.12299208429440409 0.0 0.0 0.0 0.0 0.0 0.0
9.694458174394018 11.189118165310745 0.1811014616731974 -0.587970147189783 0.17033021868179707 0.7907456750545258 0.42517955198473006 0.8967136085590441 0.12299208429440409 0.0 0.0 0.0 0.0 0.0 0.0
9.551065631657465 11.701765718416155 0.1081894112223829 -0.07278391575453491 -0.1015729426502547 0.9921620023609081 0.42517955198473006 0.8967136085590441 0.12299208429440409 0.0 0.0 0.0 0.0 0.0 0.0
9.391081993034515 12.19125971604844 0.2614407204281593 0.4700541421580389 -0.3348868448604355 0.8166393969063057 0.42517955198473006 0.8967136085590441 0.12299208429440409 0.0 0.0 0.0 0.0 0.0 0.0
9.338247210906765 12.604416246857562 0.6008450058543233 0.8343107725786134 -0.44097163569867354 0.3308618310843906 0.42517955198473006 0.8967136085590441 0.12299208429440409 0.0 0.0 0.0 0.0 0.0 0.0
9.475593595639937 12.917053279433977 1.0156692560867566 0.88159879156432 -0.3795239294824036 -0.2806156760813066 0.42517955198473006 0.8967136085590441 0.12299208429440409 0.0 0.0 0.0 0.0 0.0 0.0
9.81390045264974 13.143177820343142 1.3665271541268713 0.5939526900889728 -0.17388873715404832 -0.7854825962598063 0.42517955198473006 0.8967136085590441 0.12299208429440409 0.0 0.0 0.0 0.0 0.0 0.0
10.287598844054072 13.329664418146626 1.5383342696343183 0.08065403128940977 0.09780969368377719 -0.9919315455505263 0.42517955198473006 0.8967136085590441 0.12299208429440409 0.0 0.0 0.0 0.0 0.0 0.0
10.77968232442861 13.538446738702913 1.4840305581223523 -0.46328644246049294 0.33234858660026356 -0.821529116475558 0.42517955198473006 0.8967136085590441 0.12299208429440409 0.0 0.0 0.0 0.0 0.0 0.0
11.166159645666948 13.822987930032092 1.2424592586603325 -0.8312166509833991 0.440622694895261 -0.3390140408171666 0.42517955198473006 0.8967136085590441 0.12299208429440409 0.0 0.0 0.0 0.0 0.0 0.0
11.363161105159351 14.207969078526858 0.9236096979269474 -0.8833537565964139 0.3814968745809456 0.2722981369601668 0.42517955198473006 0.8967136085590441 0.12299208429440409 0.0 0.0 0.0 0.0 0.0 0.0
11.358802048040838 14.67991245158617 0.6668305060815053 -0.599890001191232 0.17743401332572536 0.7801596999242618 0.42517955198473006 0.8967136085590441 0.12299208429440409 0.0 0.0 0.0 0.0 0.0 0.0
11.217698046275217 15.192301913566048 0.5878887423815586 -0.08851800470753834 -0.09403899613044232 0.9916255493125313 0.42517955198473006 0.8967136085590441 0.12299208429440409 0.0 0.0 0.0 0.0 0.0 0.0
11.056416362551289 15.683255183419051 0.7349880538489457 0.456483461706666 -0.32978501870848437 0.8263562734219111 0.42517955198473006 0.8967136085590441 0.12299208429440409 0.0 0.0 0.0 0.0 0.0 0.0
10.999190098286668 16.099033947880756 1.0704553038441948 0.8280592290220252 -0.44024019896769434 0.3471404333181878 0.42517955198473006 0.8967136085590441 0.12299208429440409 0.0 0.0 0.0 0.0 0.0 0.0
26.168571657617537 7.973955479479902 11.086563170257664 0.3733024993801302 -0.4181915001521961 0.8281069454828909 0.32165657425892485 0.8956092121306697 0.3072803075087857 0.0 0.0 0.0 0.0 0.0 0.0
26.03034515697957 8.32872397249353 11.465664545887694 0.8126296417010632 -0.4276803158398097 0.3958820693994138 0.32165657425892485 0.8956092121306697 0.3072803075087857 0.0 0.0 0.0 0.0 0.0 0.0
26.07735760873679 8.586002724054492 11.93500725169377 0.9432251966966871 -0.2746862291063152 -0.1867450236441357 0.32165657425892485 0.8956092121306697 0.3072803075087857 0.0 0.0 0.0 0.0 0.0 0.0
26.33937827375964 8.780666741047654 12.361781423484224 0.715473729582923 -0.017334251426488947 -0.6984245599949831 0.32165657425892485 0.8956092121306697 0.3072803075087857 0.0 0.0 0.0 0.0 0.0 0.0
26.764491197953333 8.971379414882726 12.62934969484786 0.2159018305177584 0.24660329818348917 -0.9447609289678032 0.32165657425892485 0.8956092121306697 0.3072803075087857 0.0 0.0 0.0 0.0 0.0 0.0
27.23881895120691 9.218305318298107 12.681559682726343 -0.36569478364721253 0.4168521318262836 -0.8321668254653638 0.32165657425892485 0.8956092121306697 0.3072803075087857 0.0 0.0 0.0 0.0 0.0 0.0
27.629786567021497 9.560252678279562 12.544077216555827 -0.8083578354138754 0.42873187119229084 -0.40341863188126426 0.32165657425892485 0.8956092121306697 0.3072803075087857 0.0 0.0 0.0 0.0 0.0 0.0
27.83648898881848 9.999929481789367 12.314635460554394 -0.9439122304845243 0.2777292046777143 0.17859504475436777 0.32165657425892485 0.8956092121306697 0.3072803075087857 0.0 0.0 0.0 0.0 0.0 0.0
27.828026587976275 10.502914666244218 12.125904450624219 -0.7208585878231935 0.02121256992139302 0.6927574779379011 0.32165657425892485 0.8956092121306697 0.3072803075087857 0.0 0.0 0.0 0.0 0.0 0.0
27.655244449357923 11.010735256680105 12.095087529587634 -0.22393871553495476 -0.24336307480332164 0.9437297629654517 0.32165657425892485 0.8956092121306697 0.3072803075087857 0.0 0.0 0.0 0.0 0.0 0.0
27.43141547348714 11.463081226557145 12.279393837713522 0.358059218840675 -0.41548101859662434 0.8361633327222124 0.32165657425892485 0.8956092121306697 0.3072803075087857 0.0 0.0 0.0 0.0 0.0 0.0
27.289206107817435 11.820718285171957 12.654303603843356 0.804024469547836 -0.4297507769528781 0.4109244724723981 0.32165657425892485 0.8956092121306697 0.3072803075087857 0.0 0.0 0.0 0.0 0.0 0.0
27.330274145279827 12.080393640658231 13.12288361640303 0.9445273817015052 -0.28075103009490526 -0.17043146516048302 0.32165657425892485 0.8956092121306697 0.3072803075087857 0.0 0.0 0.0 0.0 0.0 0.0
27.586647229120672 12.276071790000529 13.552613771116738 0.7261885498910836 -0.025089272996970145 -0.6870376397167545 0.32165657425892485 0.8956092121306697 0.3072803075087857 0.0 0.0 0.0 0.0 0.0 0.0
28.008555015758745 12.466030838773733 13.825733674239341 0.2319585467519491 0.240104318382789 -0.9426267282878523 0.32165657425892485 0.8956092121306697 0.3072803075087857 0.0 0.0 0.0 0.0 0.0 0.0
28.483337760427514 12.710721674477186 13.883981784988936 -0.35039638643834026 0.41407826487879834 -0.8400961629039365 0.32165657425892485 0.8956092121306697 0.3072803075087857 0.0 0.0 0.0 0.0 0.0 0.0
28.878247637782422 13.049801663688752 13.750729948970918 -0.7996298741055335 0.4307369555279523 -0.4183990195739946 0.32165657425892485 0.8956092121306697 0.3072803075087857 0.0 0.0 0.0 0.0 0.0 0.0
29.090881860174584 13.487068155466073 13.52210404327606 -0.9450706035014832 0.28375147523418237 0.16225490655067396 0.32165657425892485 0.8956092121306697 0.3072803075087857 0.0 0.0 0.0 0.0 0.0 0.0
29.088087208761895 13.98901580495128 13.330464148634789 -0.7314632098893464 0.028964065427271164 0.6812654809193691 0.32165657425892485 0.8956092121306697 0.3072803075087857 0.0 0.0 0.0 0.0 0.0 0.0
28.918555495639406 14.497565814061986 13.294118741805136 -0.2399607134275443 -0.2368272770888102 0.9414519089353659 0.32165657425892485 0.8956092121306697 0.3072803075087857 0.0 0.0 0.0 0.0 0.0 0.0
23.923184834097274 22.735136030283915 19.862677809826543 0.6724072789617763 -0.7262992197310103 0.14268109411321928 0.5760599613136933 0.6345419712333323 0.5152779907143162 0.0 0.0 0.0 0.0 0.0 0.0
24.06082764656923 22.806695724762 20.37708889876162 0.8172138835883183 -0.43336389318128343 -0.3799436860342063 0.5760599613136933 0.6345419712333323 0.5152779907143162 0.0 0.0 0.0 0.0 0.0 0.0
24.384754389518815 22.779470106153596 20.804891812510256 0.651547270752146 0.024213621845923183 -0.7582215075375612 0.5760599613136933 0.6345419712333323 0.5152779907143162 0.0 0.0 0.0 0.0 0.0 0.0
24.857201353337313 22.757763983406853 21.05985810975823 0.238346956467781 0.472591977103695 -0.8484383015398149 0.5760599613136933 0.6345419712333323 0.5152779907143162 0.0 0.0 0.0 0.0 0.0 0.0
25.383979513382243 22.843785216711023 21.121422869474053 -0.2654053515272979 0.7414247389432752 -0.6163191996551521 0.5760599613136933 0.6345419712333323 0.5152779907143162 0.0 0.0 0.0 0.0 0.0 0.0
25.85025851519553 23.09881424258628 21.042497648235976 -0.6683257291363122 0.7285778464977186 -0.1500501295139842 0.5760599613136933 0.6345419712333323 0.5152779907143162 0.0 0.0 0.0 0.0 0.0 0.0
26.164192646023302 23.51992261149542 20.92936849525385 -0.8173379884361243 0.43893204899567956 0.3732254935339284 0.5760599613136933 0.6345419712333323 0.5152779907143162 0.0 0.0 0.0 0.0 0.0 0.0
26.29181455666948 24.041085554784146 20.90131610526634 -0.6558298807666182 -0.017471372472329043 0.7547065115908147 0.5760599613136933 0.6345419712333323 0.5152779907143162 0.0 0.0 0.0 0.0 0.0 0.0
26.269940025359187 24.558265898168067 21.04529908834283 -0.2451610365030002 -0.4672371274323294 0.8494619078743672 0.5760599613136933 0.6345419712333323 0.5152779907143162 0.0 0.0 0.0 0.0 0.0 0.0
26.192181028064038 24.96893952365215 21.38291694004764 0.2586485844020543 -0.7394916858926022 0.6214925231107215 0.5760599613136933 0.6345419712333323 0.5152779907143162 0.0 0.0 0.0 0.0 0.0 0.0
26.17338098372172 25.211045996068876 21.862204031950828 0.6641932837190463 -0.7308009892406121 0.15740773801644412 0.5760599613136933 0.6345419712333323 0.5152779907143162 0.0 0.0 0.0 0.0 0.0 0.0
26.305983819302035 25.286566359993518 22.377372222687704 0.8173998498316584 -0.44446677843514976 -0.36647887846731636 0.5760599613136933 0.6345419712333323 0.5152779907143162 0.0 0.0 0.0 0.0 0.0 0.0
26.624912976371 25.260770507788703 22.809001541546685 0.6600625467965215 0.010727792586078333 -0.7511340418212451 0.5760599613136933 0.6345419712333323 0.5152779907143162 0.0 0.0 0.0 0.0 0.0 0.0
27.094303411751127 25.237420056241433 23.069409831938042 0.2519564465761105 0.4618466958447281 -0.8504208243958087 0.5760599613136933 0.6345419712333323 0.5152779907143162 0.0 0.0 0.0 0.0 0.0 0.0
27.6211273270561 25.319347573543997 23.135964668649848 -0.2518721201857093 0.73750231768699 -0.6266185175044492 0.5760599613136933 0.6345419712333323 0.5152779907143162 0.0 0.0 0.0 0.0 0.0 0.0
28.090536984639574 25.569388767368853 23.059681794579937 -0.6600102574116958 0.7329684786587641 -0.16475335931022492 0.5760599613136933 0.6345419712333323 0.5152779907143162 0.0 0.0 0.0 0.0 0.0 0.0
28.409497283278796 25.986510148966858 22.945843387071285 -0.8173994630639351 0.4499676600086195 0.35970435461522876 0.5760599613136933 0.6345419712333323 0.5152779907143162 0.0 0.0 0.0 0.0 0.0 0.0
28.542131348593088 26.506201672822083 22.91399959851529 -0.6642449465079499 -0.003983395736887346 0.7475043702862575 0.5760599613136933 0.6345419712333323 0.5152779907143162 0.0 0.0 0.0 0.0 0.0 0.0
28.52335075745039 27.024985181493747 23.052549454686307 -0.25873266919032445 -0.4564210928431255 0.8513149780789349 0.5760599613136933 0.6345419712333323 0.5152779907143162 0.0 0.0 0.0 0.0 0.0 0.0
28.44559204622473 27.439727487690508 23.38515658689708 0.24507647493225013 -0.7354567858245293 0.6316967924720172 0.5760599613136933 0.6345419712333323 0.5152779907143162 0.0 0.0 0.0 0.0 0.0 0.0
10.293998217718979 14.890411853284135 25.60707058436191 -0.6144998533272712 0.7697829640567319 -0.17269660827241015 0.6987892525055697 0.6327004285660659 0.33374203851930867 0.0 0.0 0.0 0.0 0.0 0.0
10.62515132235047 15.254446976076315 25.391429324893856 -0.7124848707281761 0.5740629685365686 0.4035059071915016 0.6987892525055697 0.6327004285660659 0.33374203851930867 0.0 0.0 0.0 0.0 0.0 0.0
10.793893478281104 15.749339770609323 25.267767249666438 -0.5397849736276542 0.16024685344835898 0.8264097822543564 0.6987892525055697 0.6327004285660659 0.33374203851930867 0.0 0.0 0.0 0.0 0.0 0.0
10.839591632488958 16.28076084042806 25.33248531030692 -0.16201174032249535 -0.31444972044939706 0.9353467642040423 0.6987892525055697 0.6327004285660659 0.33374203851930867 0.0 0.0 0.0 0.0 0.0 0.0
10.84835920539259 16.74050308657618 25.610415695278444 0.27731246182302927 -0.6696815882294621 0.6889298722686629 0.6987892525055697 0.6327004285660659 0.33374203851930867 0.0 0.0 0.0 0.0 0.0 0.0
10.920340162694432 17.047591393615832 26.045387666310816 0.6112810233048731 -0.770490224162082 0.18077700356519852 0.6987892525055697 0.6327004285660659 0.33374203851930867 0.0 0.0 0.0 0.0 0.0 0.0
11.131662648492604 17.179046429814232 26.521567760994035 0.7130137039594993 -0.578576742025942 -0.396056071223005 0.6987892525055697 0.6327004285660659 0.33374203851930867 0.0 0.0 0.0 0.0 0.0 0.0
11.505516630543351 17.17861487946287 26.907466861780044 0.543860557526499 -0.16685228230687438 -0.8224208228491986 0.6987892525055697 0.6327004285660659 0.33374203851930867 0.0 0.0 0.0 0.0 0.0 0.0
12.003343643794862 17.140149346109645 27.105895110120073 0.16808569242556168 0.30826214908197097 -0.9363341537320875 0.6987892525055697 0.6327004285660659 0.33374203851930867 0.0 0.0 0.0 0.0 0.0 0.0
12.539485795923602 17.171952179339137 27.090885958655075 -0.27154773747076 0.6662626361662871 -0.6945184849399341 0.6987892525055697 0.6327004285660659 0.33374203851930867 0.0 0.0 0.0 0.0 0.0 0.0
13.013728632751622 17.35562960144672 26.917561296694963 -0.6080156418658793 0.7711388084537887 -0.1888436319892586 0.6987892525055697 0.6327004285660659 0.33374203851930867 0.0 0.0 0.0 0.0 0.0 0.0
13.349374284885075 17.715088139205257 26.70118972288093 -0.7134882384367209 0.5830464546563598 0.38857607405129174 0.6987892525055697 0.6327004285660659 0.33374203851930867 0.0 0.0 0.0 0.0 0.0 0.0
13.522380270616937 18.207452134648296 26.573394077373447 -0.5478947243382459 0.1734450047180977 0.8183692329142496 0.6987892525055697 0.6327004285660659 0.33374203851930867 0.0 0.0 0.0 0.0 0.0 0.0
13.570493636696364 18.73935292437428 26.632145724258795 -0.174146844152379 -0.30205110235840643 0.9372502377891613 0.6987892525055697 0.6327004285660659 0.33374203851930867 0.0 0.0 0.0 0.0 0.0 0.0
13.578910224171718 19.202401155813615 26.904543592338804 0.26576233370694313 -0.6627929456238268 0.7000542073396397 0.6987892525055697 0.6327004285660659 0.33374203851930867 0.0 0.0 0.0 0.0 0.0 0.0
13.647907343977794 19.514365714443187 27.33651883900912 0.6047039576817297 -0.7717286675396455 0.19689587923960514 0.6987892525055697 0.6327004285660659 0.33374203851930867 0.0 0.0 0.0 0.0 0.0 0.0
13.854746749964457 19.650414699024623 27.81337650754744 0.713908438022204 -0.5874717660418988 -0.3810664853071055 0.6987892525055697 0.6327004285660659 0.33374203851930867 0.0 0.0 0.0 0.0 0.0 0.0
14.224321606861443 19.65254947605198 28.203370058769732 0.5518871668454746 -0.18002451862069144 -0.8142553209937683 0.6987892525055697 0.6327004285660659 0.33374203851930867 0.0 0.0 0.0 0.0 0.0 0.0
14.719699160806009 19.61364765839527 28.407754083950916 0.180194733922778 0.2958170532739595 -0.9380949466119151 0.6987892525055697 0.6327004285660659 0.33374203851930867 0.0 0.0 0.0 0.0 0.0 0.0
15.256152110018107 19.642177347340258 28.398299336534713 -0.2599566911124729 0.6592727808324507 -0.705536617901086 0.6987892525055697 0.6327004285660659 0.33374203851930867 0.0 0.0 0.0 0.0 0.0 0.0
28.654714244618436 16.157522233739606 4.651216824273856 0.41157792691300626 0.8448499523485633 -0.34180720895648525 0.4863216399505335 0.11359460357302424 0.8663645471479724 0.0 0.0 0.0 0.0 0.0 0.0
29.162350824354206 16.114154019478217 4.821831603892462 -0.11856618781532116 0.9909219044775704 -0.06337064252070437 0.4863216399505335 0.11359460357302424 0.8663645471479724 0.0 0.0 0.0 0.0 0.0 0.0
29.642960237846786 16.296666484521896 4.978001043554513 -0.6036650254716606 0.7605260577648038 0.23914149050933425 0.4863216399505335 0.11359460357302424 0.8663645471479724 0.0 0.0 0.0 0.0 0.0 0.0
29.985964189788753 16.65254088836305 5.188682793502763 -0.8594214272103132 0.2411936463895813 0.4507997730623721 0.4863216399505335 0.11359460357302424 0.8663645471479724 0.0 0.0 0.0 0.0 0.0 0.0
30.133063000356394 17.063395391487873 5.502124365905018 -0.7886692599917583 -0.3697722637917645 0.49119168485873865 0.4863216399505335 0.11359460357302424 0.8663645471479724 0.0 0.0 0.0 0.0 0.0 0.0
30.1003846282934 17.389960295446464 5.927533098326189 -0.41828845505547857 -0.8402555086960544 0.3449716632902421 0.4863216399505335 0.11359460357302424 0.8663645471479724 0.0 0.0 0.0 0.0 0.0 0.0
29.97235738973905 17.524988929759115 6.43157813224892 0.11100712736640331 -0.9915116375237729 0.0676911392191463 0.4863216399505335 0.11359460357302424 0.8663645471479724 0.0 0.0 0.0 0.0 0.0 0.0
29.86963422936071 17.434002455100263 6.951053363486561 0.598129246161592 -0.7660759180656548 -0.23530638037679805 0.4863216399505335 0.11359460357302424 0.8663645471479724 0.0 0.0 0.0 0.0 0.0 0.0
29.90325464946507 17.16838895081373 7.416890497913385 0.8580120641522834 -0.2495951492280715 -0.4489070719547143 0.4863216399505335 0.11359460357302424 0.8663645471479724 0.0 0.0 0.0 0.0 0.0 0.0
30.132458946590333 16.845880224407136 7.78039925116325 0.7919217537748064 0.36171098980961414 -0.4919604615710335 0.4863216399505335 0.11359460357302424 0.8663645471479724 0.0 0.0 0.0 0.0 0.0 0.0
30.542181832406413 16.605823529508896 8.03176560171844 0.4249671289126286 0.8355970763333764 -0.34810984669622774 0.4863216399505335 0.11359460357302424 0.8663645471479724 0.0 0.0 0.0 0.0 0.0 0.0
31.04877598862974 16.55624121445295 8.203780301765933 -0.10343961329495498 0.9920258631199845 -0.0720064809752603 0.4863216399505335 0.11359460357302424 0.8663645471479724 0.0 0.0 0.0 0.0 0.0 0.0
31.53179108174775 16.73279122610934 8.35938112220943 -0.5925479169936769 0.7715674387193614 0.23145335075237003 0.4863216399505335 0.11359460357302424 0.8663645471479724 0.0 0.0 0.0 0.0 0.0 0.0
31.879734858542502 17.085220059699218 8.567741741239617 -0.8565373601536399 0.257977644429601 0.44698018483551233 0.4863216399505335 0.11359460357302424 0.8663645471479724 0.0 0.0 0.0 0.0 0.0 0.0
32.032430917139244 17.496454905454097 8.877991507467312 -0.7951139396502552 -0.3536221701351689 0.492691773589477 0.4863216399505335 0.11359460357302424 0.8663645471479724 0.0 0.0 0.0 0.0 0.0 0.0
32.003880728174416 17.82708156639993 9.300550378987298 -0.431613439877585 -0.8308750100181903 0.35122152018962505 0.4863216399505335 0.11359460357302424 0.8663645471479724 0.0 0.0 0.0 0.0 0.0 0.0
31.876944242008758 17.968310242668593 9.803170207085708 0.09586422189647144 -0.9924645421059353 0.0763163391590632 0.4863216399505335 0.11359460357302424 0.8663645471479724 0.0 0.0 0.0 0.0 0.0 0.0
31.771860008240775 17.88330659533627 10.323186347096724 0.5869214630077401 -0.777000201525365 -0.22758269505917453 0.4863216399505335 0.11359460357302424 0.8663645471479724 0.0 0.0 0.0 0.0 0.0 0.0
31.80056454043292 17.621185727617892 10.791325004608103 0.8549974275188013 -0.2663404936347062 -0.44501925844468143 0.4863216399505335 0.11359460357302424 0.8663645471479724 0.0 0.0 0.0 0.0 0.0 0.0
32.024165763130505 17.29835253599507 11.158021508154466 0.7982455745207907 0.34550642076336396 -0.49338556522182836 0.4863216399505335 0.11359460357302424 0.8663645471479724 0.0 0.0 0.0 0.0 0.0 0.0
