t = 1000000
b = 30 30 30
E = -1.20832677601789 -1.20832677601789 0
1096.57723274527 152.984747757593 98.5885720652948 -0.16672873977587 -0.748282112473377 -0.642086760091759 0.952550722143908 0.0459468451447393 -0.300892022433903 0 0 0 0 0 0
1097.04688418743 152.811167619314 98.5599449596509 -0.323351434137403 -0.267262245502763 -0.907752577616889 0.917024932390758 0.148178754291955 -0.370281420206592 0 0 0 0 0 0
1097.42457867255 152.564251930492 98.4160547178008 -0.288541409951618 0.425678767086861 -0.857637127224879 0.956117855857321 0.175643122772756 -0.234495499175216 0 0 0 0 0 0
1097.30430926546 152.165487773156 97.9822006621643 0.135852095186637 0.517252377206354 -0.844981766967653 0.972210966912118 0.0945291038683321 0.214173024299643 0 0 0 0 0 0
1097.81768192078 152.109370287615 97.910130054624 -0.175998829507436 0.877804959939231 -0.445514157258888 0.931976241819475 0.294296329293089 0.211683620643312 0 0 0 0 0 0
1098.2317414761 152.145105031453 97.6003167657612 -0.254846174620349 0.921594313126041 0.292775253898132 0.965568764359446 0.226168552268914 0.12854861826545 0 0 0 0 0 0
1098.65786475015 152.357590682242 97.5985994807529 -0.506556116750127 0.581744478015166 0.636375881756918 0.85658872398384 0.423675127826687 0.294542261831434 0 0 0 0 0 0
1098.85115988887 152.832858455831 97.6712554981726 -0.305259865448394 -0.0724092365825153 0.949512146843823 0.750757141745857 0.595098114435905 0.286743697947176 0 0 0 0 0 0
1098.8572127362 153.304046048451 97.9017375616615 0.511040704367732 -0.6986266221564 0.500757667234034 0.595016569252501 0.707956933901042 0.380463220372771 0 0 0 0 0 0
1098.35763376407 153.285384151793 97.9042019850492 0.0502667055303153 -0.265260795924579 -0.96286549863446 -0.953492270911685 -0.299630989055357 0.0327682729081996 0 0 0 0 0 0
1097.94671707904 153.367599130399 97.7413077582345 0.261617289643535 -0.933840214054283 -0.243923857739709 -0.961603973581612 -0.273898790617157 0.0172409538748295 0 0 0 0 0 0
1097.54699976897 153.145836749809 97.4206585902134 0.281714131923681 -0.821047546676095 0.4965058649922 -0.928414755910377 -0.363899725904473 -0.0749868688139811 0 0 0 0 0 0
1097.1473663346 152.847131717492 97.3174270075338 0.225967686037065 -0.248039733836195 0.942027014106031 -0.952508273625075 -0.258897036807789 0.160313171660739 0 0 0 0 0 0
1096.65422881889 152.499283333825 97.4611539398939 0.355008882383726 0.219788883027352 0.908659199219513 -0.8593927124843 -0.305865636328305 0.40974428396545 0 0 0 0 0 0
1096.42072046139 152.128683061482 97.8240878089923 0.0208498662799497 0.811944035484434 0.583362808479733 -0.979875597098683 -0.0992624896551242 0.173178440800133 0 0 0 0 0 0
1096.12444202462 152.0916202177 98.1932897709491 -0.272704213152552 0.925634260664154 -0.26236163517857 -0.937580087086511 -0.19451193731021 0.288285772355626 0 0 0 0 0 0
1095.78696864726 152.292059643195 98.4898603160833 -0.437461773915383 0.283813761494841 -0.853274249669446 -0.898997166241995 -0.116118989240502 0.422280091203252 0 0 0 0 0 0
1095.02790730919 152.837716776857 99.0387466792915 -0.619512687326893 0.784620732828537 0.0239653052686728 -0.113267467595802 -0.0591391119058423 -0.991802927111744 0 0 0 0 0 0
1094.77998360683 152.762825343418 98.6181002610477 0.0691927897566136 0.997405040584504 0.0198882594090258 -0.0646072934731862 0.0243743964611827 -0.997613044435177 0 0 0 0 0 0
1094.60118448246 151.955129358128 98.3781250132004 0.465969581444355 -0.477632731831765 0.744808245558209 0.866790731585869 0.415396157062422 -0.275898278962746 0 0 0 0 0 0
760.152201897784 62.3728259663847 535.848094686726 0.677760871616079 -0.130794590069015 0.723555786456643 0.365255520266064 -0.794159012725752 -0.485695241300166 0 0 0 0 0 0
760.462333353714 62.2362545719895 535.560485141832 -0.183215665663173 -0.566182842129671 0.803659759558464 0.0146992546138336 -0.818984131663238 -0.573627861943273 0 0 0 0 0 0
760.77074390648 61.7545811354479 535.370007243623 -0.824021231821881 -0.247018193542395 0.509873534874876 -0.105349642180427 -0.81744754052791 -0.566287004422075 0 0 0 0 0 0
760.837775918632 61.2220458870588 535.284328023933 -0.986419015021614 0.0916096908423243 0.136327515005457 -0.145916075528682 -0.869822593529692 -0.471293066666155 0 0 0 0 0 0
760.577082797001 60.7969295863684 535.336300971557 -0.53304995257077 0.443259172319333 -0.720679578050523 -0.154508416221694 -0.888457216059886 -0.432170018103733 0 0 0 0 0 0
760.313225228066 60.4717029105692 535.261016714728 0.287437975235094 0.372722761548254 -0.88230218939805 -0.0713708198088322 -0.910280601353893 -0.407793370322042 0 0 0 0 0 0
760.175693304612 60.2274987691188 534.881904941453 0.852942431312715 0.174898363600335 -0.491833072572677 -0.000911921011708401 -0.941699263338119 -0.336454552396773 0 0 0 0 0 0
760.15717272396 59.8386560200932 534.419427812216 0.978695926049082 0.198756406896347 0.0514798509378529 0.182345559677178 -0.726200062811746 -0.662860140329944 0 0 0 0 0 0
760.298929418014 59.7817226981939 533.927154748112 0.627676250135802 -0.477469518639009 0.614853953216608 0.117585783660134 -0.722607474264704 -0.681184278751219 0 0 0 0 0 0
760.558955747721 59.4578900259547 533.600077497947 0.20371905200122 -0.468791640872244 0.859495750600335 0.251520605491492 -0.823379064998134 -0.508708463008029 0 0 0 0 0 0
760.793237221239 60.471631723303 533.463572666426 -0.140711818705009 0.645291661524612 -0.750865404479082 0.920573089569497 -0.193821533361115 -0.339084650148038 0 0 0 0 0 0
761.090287082878 60.3234670760018 533.048007166122 -0.0865478209036898 0.976106716855512 -0.199311695608603 0.846718808073371 -0.033348548075257 -0.530994476803745 0 0 0 0 0 0
761.012869156393 59.0196647068358 533.572288469423 -0.515088968714214 -0.291533422011669 0.806034501841635 0.10875222060041 -0.955008833425805 -0.275918615887298 0 0 0 0 0 0
761.277974153879 58.5500422351549 533.751893301892 -0.931594304657264 -0.117556165613731 0.343965985900273 0.0427923410920225 -0.975149602393495 -0.217375409132846 0 0 0 0 0 0
761.266941031513 58.0401194451077 533.855501696348 -0.917264385255972 0.232360243675789 -0.323472973677727 -0.0788778405055772 -0.902073137352449 -0.424313965294907 0 0 0 0 0 0
761.007404755528 57.6029974735934 533.874653368282 -0.297626091031163 0.437626527807417 -0.84847023053065 -0.222880022735977 -0.89603810032449 -0.383979450273177 0 0 0 0 0 0
760.674829894677 57.3439003635934 533.798468725837 0.604014355522173 0.1478887988154 -0.783131892792058 -0.323245078958456 -0.85272007648616 -0.410342649607104 0 0 0 0 0 0
760.337651264065 57.2778227879756 533.491288380596 0.818458444140982 -0.574408591111888 -0.0134367284403141 -0.536813625709616 -0.756135014365616 -0.374287284452472 0 0 0 0 0 0
760.256315189846 56.9950641676578 533.066004506868 0.656478194766848 -0.624773441021584 0.422722754520868 -0.450473248984213 -0.774183730967636 -0.444649752788234 0 0 0 0 0 0
760.339182816787 56.7444716740464 532.611789491846 0.166997273149333 -0.67047942406611 0.722889516222683 -0.472642123087662 -0.697890530962766 -0.538106151494012 0 0 0 0 0 0
675.631978730896 595.469261709555 -471.388591748384 -0.61557381170029 0.35441592457141 -0.703887941904795 -0.689273635673835 0.190880597441023 0.698903750659224 0 0 0 0 0 0
675.297839972107 595.745812455991 -471.152980152638 -0.606649581814179 -0.518267582757602 -0.60280593688788 -0.601877519118445 -0.195941136986533 0.774177320008956 0 0 0 0 0 0
674.78994179849 595.766177654122 -470.986156246046 -0.223656773342308 -0.869372651369571 -0.440645935858655 -0.621682962749483 -0.220946080927293 0.751460659748663 0 0 0 0 0 0
674.250304731685 595.69754436964 -471.034626377601 0.250750207939302 -0.967305580544597 0.0380032507251435 -0.754854157513901 -0.170797884370539 0.633263992011647 0 0 0 0 0 0
673.720242430526 595.411736109259 -471.010004502225 0.639105038168431 -0.619331590263523 0.456040712534949 -0.76617894430477 -0.460870840517642 0.447848069845779 0 0 0 0 0 0
673.387790931542 594.974216595299 -470.949990067564 0.727375083958528 -0.138034331285961 0.672214259461046 -0.620376500163151 -0.551013781126571 0.558136910671494 0 0 0 0 0 0
673.24918297817 594.532146190169 -470.79338784673 0.369646808110502 0.42520533278272 0.826172900927435 -0.627295812212025 -0.541738762592366 0.559481078398678 0 0 0 0 0 0
673.22180005389 594.101095776258 -470.469055134603 -0.0476650667668791 0.803330065080676 0.593623490057112 -0.623522730179443 -0.488218979737115 0.610623970029039 0 0 0 0 0 0
673.036103029354 593.871838468931 -470.040526064106 -0.297399913110256 0.9526442094228 0.0634216204083448 -0.670366173780824 -0.255652953949296 0.696599425916687 0 0 0 0 0 0
672.866373352482 593.994309010541 -469.604487623103 -0.69734961075071 0.482891023184313 -0.529641180530594 -0.653892728398986 -0.126060455765447 0.746011435059234 0 0 0 0 0 0
672.536384103017 594.295157128038 -469.318105764612 -0.623560528414369 -0.504986603308266 -0.59679208932657 -0.590006402923499 -0.196845855269247 0.783035218730672 0 0 0 0 0 0
672.77695795187 594.798401873512 -469.610149756917 0.512928242752001 -0.849466538678959 -0.123738504323161 0.576667559943406 0.447747633564678 -0.683356848173888 0 0 0 0 0 0
673.266223150329 595.046159177083 -469.710975674249 -0.0301604578395778 -0.816538342201276 -0.576502803547476 0.824652935752951 0.305597726133778 -0.47598063546315 0 0 0 0 0 0
673.710603188508 594.912917883701 -469.785153215707 -0.431706363881351 -0.251812651654612 -0.866152413753501 0.793822134036701 0.34992937764467 -0.497389033026094 0 0 0 0 0 0
674.224800073382 594.804965887458 -470.089958544668 -0.662770152490819 0.21012618778437 -0.718736885219135 0.748445491874312 0.216354654409918 -0.626913079468107 0 0 0 0 0 0
674.53603163988 594.673690084668 -470.452974540922 -0.659820410283014 0.653797255807899 -0.370386520370297 0.687194713605482 0.325625217956126 -0.649408687209915 0 0 0 0 0 0
674.592392177362 594.57012684943 -470.918822365838 -0.104339036497228 0.99209157435385 0.069768714757618 0.576790631752526 0.117511838276699 -0.808395654978027 0 0 0 0 0 0
674.651659533793 594.648510960133 -471.371546374815 0.283982329984172 0.871927651681705 0.398868658194133 0.621867709324245 0.149147836719367 -0.768788316054393 0 0 0 0 0 0
674.719082102198 594.852962553736 -471.83591642056 0.657607159443548 0.455172523990701 0.600308918185065 0.55997121541319 0.237729496635325 -0.793673058846141 0 0 0 0 0 0
674.882094770201 595.267392274734 -472.081385006706 0.811472964548014 -0.213724047413497 0.543905928782589 0.584250084220281 0.276339578758991 -0.763078158709773 0 0 0 0 0 0
865.660182788952 583.719603066986 1167.80553587053 0.441747114758937 0.561431117955168 0.69975323249969 0.341786137893967 0.615842522491479 -0.709873385495511 0 0 0 0 0 0
865.673225662505 584.18480502638 1167.53259314223 0.896291381595557 -0.0852629790477757 0.435191892940833 0.406592252468931 0.549776376814596 -0.729677103744428 0 0 0 0 0 0
865.81627181124 584.598103415112 1167.33875087255 0.800105127798345 -0.594405975194233 0.0807051493040432 0.407844582597435 0.440386596176992 -0.799826507658735 0 0 0 0 0 0
866.211942149701 584.862891958014 1167.19246823459 0.031747567492435 -0.884872062976503 -0.464751034557235 0.384040172651801 0.440090737958747 -0.811685461341092 0 0 0 0 0 0
866.574698034964 584.910748112794 1166.8366399872 -0.712780943788564 -0.60750162717601 -0.350549709956212 0.0893979593911461 0.417029424423386 -0.904485745615595 0 0 0 0 0 0
866.796464086805 584.862145359871 1166.28423471202 -0.957837372073519 -0.287090199585508 -0.0112599272310094 -0.0946732318281674 0.352381160445053 -0.931055582088743 0 0 0 0 0 0
866.757437613912 584.714003637515 1165.81856802783 -0.864242327348518 0.459167590914615 0.20554883379111 0.0106071461024091 0.425125213371713 -0.90507239567187 0 0 0 0 0 0
866.418936511806 584.653518002817 1165.45739775383 -0.283110668646064 0.923926602058788 0.257309120139338 0.059588112154261 0.284711929999985 -0.956759308188624 0 0 0 0 0 0
866.267771017381 584.905623031044 1165.00920791665 0.401070863923732 0.770160183009395 0.495979288497419 0.0474217129725664 0.523252358775905 -0.850857303062152 0 0 0 0 0 0
866.351293421106 585.620177905307 1164.62868893187 -0.26190127117506 0.956209568119312 0.130655983383721 -0.265433167010818 -0.20152890515329 0.942831551359162 0 0 0 0 0 0
866.508821435364 585.723714647959 1165.06806686966 -0.992910730243054 0.109030033729138 -0.0473363867783431 -0.0665893958962487 -0.180353898480026 0.981345160306622 0 0 0 0 0 0
866.300036003714 585.825705864966 1165.53137067849 -0.645191765189761 -0.627014153094343 -0.436555652753121 -0.28149526186765 -0.336109612856509 0.89877179845137 0 0 0 0 0 0
866.017239220056 585.654631197322 1165.90737788069 0.288970618696836 -0.823064022056957 -0.48893925709171 -0.112343931733058 -0.536353667055786 0.836482865836814 0 0 0 0 0 0
865.742443329986 585.238631878889 1166.13227704497 0.847571112582814 -0.460773819234908 -0.263269247392867 -0.0232040455039174 -0.527799759927716 0.849051815669985 0 0 0 0 0 0
865.614734709078 584.70361639004 1166.24481103526 0.991417938216572 -0.0738814105365174 -0.107851791638045 0.0338158453771575 -0.651985540979691 0.757476958695674 0 0 0 0 0 0
865.715271287858 584.185735173399 1166.33039419592 0.70825312864704 0.560784307987525 0.428833843903011 -0.019719100858984 -0.591497053000152 0.806065998137527 0 0 0 0 0 0
866.013762872782 583.941709218908 1166.62079381236 -0.0190449324270825 0.768467715652602 0.639605081709425 -0.115245904096874 -0.637144374351887 0.76207967288246 0 0 0 0 0 0
866.230593249155 583.792312117066 1167.05889016313 -0.798749656621619 0.4822131457872 0.359818659989805 -0.0740816073788238 -0.672312049401064 0.736551711476059 0 0 0 0 0 0
866.389015044389 583.725514060559 1167.49336259597 -0.981389634155617 -0.0758677173397508 -0.176404295405639 -0.0413413358052487 -0.813625779308031 0.579917222713067 0 0 0 0 0 0
866.308785998494 583.458086537047 1167.94224196439 -0.686472415131727 -0.287894639403881 -0.66773669950492 -0.107935401574148 -0.867770165281106 0.485102967765638 0 0 0 0 0 0
-28.1917603598374 -243.613686774182 442.191301767122 -0.774699966371507 -0.0628541230214945 -0.629197362775135 -0.488931185191891 -0.57145115472868 0.659082600214958 0 0 0 0 0 0
-28.6430223363582 -243.644322118345 442.546751072472 -0.430293564587114 -0.324521676453924 -0.842337895257272 -0.803635817973656 -0.28726822402643 0.521197121571593 0 0 0 0 0 0
-29.1718700295675 -243.671155524672 442.591438850318 0.252195786582208 -0.831803523621671 -0.494469597974187 -0.780942780086694 -0.476695118944804 0.403596503707186 0 0 0 0 0 0
-29.754854649211 -243.854252567754 442.819604082756 0.541859975475626 -0.782271299087594 -0.307309911329528 -0.671778573879754 -0.622843795329909 0.400972760041277 0 0 0 0 0 0
-30.0819630577881 -244.274749619542 442.659133101539 0.801804979360859 -0.446193094638642 0.397517920814803 -0.597573521697374 -0.602925275240813 0.528570713000624 0 0 0 0 0 0
-30.2844448694957 -244.720156848532 442.636598161958 0.68141215497641 0.0125868162111349 0.731791669198326 -0.483455334627768 -0.742931734482399 0.462950728824275 0 0 0 0 0 0
-30.3105437121152 -245.311070522917 442.748959181585 0.384150989609362 0.374923434555358 0.843718220381285 -0.4174313714541 -0.744572215223129 0.520925394316376 0 0 0 0 0 0
-30.3100651514605 -245.748978161696 443.041676102829 -0.100517172401768 0.735577460312075 0.669941861606804 -0.690786349879518 -0.536196927232452 0.485084605039789 0 0 0 0 0 0
-30.6237635574462 -245.943328246389 443.413327239425 -0.289208189618677 0.952827784006094 -0.0920751708308159 -0.846109133835782 -0.209453133535404 0.490131327800889 0 0 0 0 0 0
-30.8521576723843 -245.818257738417 443.838071624173 -0.65376066587185 0.214804096232738 -0.725573009421128 -0.754650650536037 -0.255625074100785 0.604283225926804 0 0 0 0 0 0
-31.2527316268492 -245.695988776775 444.092196116705 -0.409243226391243 -0.477768167778212 -0.777340053972993 -0.783094973655801 -0.253322652816104 0.567969977908369 0 0 0 0 0 0
-30.7782537210927 -245.10989282373 443.90988161588 0.609949292232655 -0.774589047343329 -0.167253306815252 0.655115793781271 0.611639808416053 -0.443531330910354 0 0 0 0 0 0
-30.327083513317 -244.837010960052 443.875202203174 0.0869945898019081 -0.805596596023842 -0.586042716719521 0.703996977657628 0.465939138407653 -0.535993446554022 0 0 0 0 0 0
-29.8274226081261 -244.821801760725 443.742577415273 -0.3861436065624 -0.402538037934861 -0.829973640019088 0.6945945956798 0.465177073733603 -0.548770113731659 0 0 0 0 0 0
-29.4279289703613 -244.815651401561 443.482314334442 -0.702237449488715 0.170075071479091 -0.691329902866184 0.693071671300484 0.38540277536075 -0.609193203495398 0 0 0 0 0 0
-29.1091811151749 -244.832522186874 443.073055237333 -0.820566971542196 0.457651006574524 -0.342381952496615 0.51393065442475 0.328685650398305 -0.792364200140814 0 0 0 0 0 0
-29.1439252654633 -244.834376037679 442.549126081404 -0.496491185785915 0.865562447448605 -0.0655602928888956 0.458380155534467 0.197291792498344 -0.86658154932181 0 0 0 0 0 0
-29.0390906232619 -244.617735247955 442.023706895537 -0.24881495330253 0.887719629498992 0.387356397152844 0.604783466180102 0.454782687156634 -0.653765758125778 0 0 0 0 0 0
-29.068095905139 -244.209668878121 441.659219538318 0.340606185019947 0.625092395995328 0.70231540150774 0.47141674240682 0.532758425886936 -0.702804890865891 0 0 0 0 0 0
-29.0843657978677 -243.762497428629 441.410922254055 0.74533598084948 0.0872260670868729 0.660958310993742 0.500323211315542 0.582053497622175 -0.641007340148845 0 0 0 0 0 0
890.233662735241 360.669267479583 -63.0081074374506 -0.63774149031835 -0.475229862525214 0.606170247777633 -0.1883896932667 0.859313291297015 0.47548921215015 0 0 0 0 0 0
890.040999513568 361.057630390426 -62.5966437231629 -0.232627563901446 -0.798350198752318 0.555447006171978 -0.265903154793785 0.601563550596185 0.753270739418985 0 0 0 0 0 0
889.631932830014 361.211701038829 -62.2915822191639 0.523282164140476 -0.678601477064619 0.515437495743352 -0.189562089367375 0.497009287905607 0.846786857485541 0 0 0 0 0 0
889.380249870903 361.097268614627 -61.8703894489691 0.926657344001425 -0.078681373266606 0.367580478683385 -0.288709403813041 0.47725635342275 0.829983887354169 0 0 0 0 0 0
889.284455395569 360.973995246214 -61.3671592047456 0.864921107815591 0.50185651980073 -0.00717710168176656 -0.296839666756361 0.523012320753272 0.798964532742379 0 0 0 0 0 0
889.37589233291 360.979980670573 -60.8491682071567 0.280622033155914 0.869695387794825 -0.406055669774292 -0.153762369891528 0.458325170645979 0.875382871409805 0 0 0 0 0 0
889.611573117717 361.153762164328 -60.4413485666366 -0.414850928244354 0.803515958434522 -0.426920146954732 -0.133438584530676 0.410400235048297 0.902089680259536 0 0 0 0 0 0
889.698606050358 361.538902641542 -60.1453354710098 -0.942531114076758 0.15391365631743 -0.296556378107479 -0.277679334601877 0.13278778192976 0.951452359346086 0 0 0 0 0 0
889.559932776821 361.941872649478 -59.8081750962851 -0.834290520687327 -0.526951208986601 -0.162116471830681 -0.382581828599377 0.341618553545197 0.858445052580096 0 0 0 0 0 0
889.945915829375 362.404983701402 -58.6985024938424 0.380936718088249 -0.123449285866676 0.916322809184166 0.0501074865548942 0.992346580729695 0.11286054893201 0 0 0 0 0 0
888.760974886027 362.039923252643 -58.9208857889694 -0.973835861194923 -0.0433874797020888 -0.223072279891168 0.221367824378699 -0.403049258962094 -0.888002016427861 0 0 0 0 0 0
888.718979028711 361.549599984859 -59.1847156300707 -0.603212218709166 0.663283108724077 -0.442934009623657 0.173733536154057 -0.43274114890961 -0.884619554642445 0 0 0 0 0 0
888.578514411878 361.391758155201 -59.5550693360563 0.333454531053762 0.877974635473195 -0.343465595344608 0.29192444775648 -0.442568313480913 -0.847887613251151 0 0 0 0 0 0
888.513668465923 361.444748430351 -60.084896864474 0.89003331095913 0.408690846634223 0.202021031728211 0.357946276166219 -0.352019802907496 -0.864844796330362 0 0 0 0 0 0
888.560822627857 361.704947380261 -60.5468518724691 0.866194153955385 -0.386330032816823 0.316949196871151 0.210007029138073 -0.294104991915094 -0.932415841480197 0 0 0 0 0 0
888.851339108907 361.796062500259 -61.0375512054181 0.358052087486716 -0.834963726092569 0.417892664156741 0.195803512873426 -0.370467937645492 -0.907972737213581 0 0 0 0 0 0
889.488934906355 362.058307324411 -61.0781742898677 0.383627690459849 -0.534918034199705 0.752789805855768 0.558280067741513 -0.515004656128751 -0.650456432152254 0 0 0 0 0 0
889.908169303804 361.849186160133 -61.2812269997568 -0.321866134313326 -0.68040042976617 0.658374852767181 0.417233913567669 -0.726148925969788 -0.546464636259228 0 0 0 0 0 0
890.30345735974 361.548784015058 -61.3697770278709 -0.797467887953101 -0.585590981181623 0.1453553247816 0.356710458287966 -0.651879805218755 -0.669186348109364 0 0 0 0 0 0
890.499555074417 361.017193959594 -61.411272970741 -0.92286125667093 0.0366946572402271 -0.383380493851439 0.276069416571094 -0.63106121894457 -0.724946491251796 0 0 0 0 0 0
1313.5006018645 359.511068189853 1261.78475737842 0.272778597774853 -0.8013615450589 -0.53236407720356 -0.679479458028346 -0.552213589970692 0.483081584382167 0 0 0 0 0 0
1313.05801076141 359.212779992772 1261.73362764106 0.763572720836538 -0.624551368671465 0.163988682185346 -0.523597772792338 -0.450235712937596 0.723279458523798 0 0 0 0 0 0
1312.82389427223 358.784343301075 1261.83789946262 0.739593407771873 0.273332790634636 0.615053474703029 -0.51805892409923 -0.352188441434435 0.779473061036193 0 0 0 0 0 0
1312.83074437997 358.443150401898 1262.18581741093 0.244916461898593 0.804985426990367 0.540383557322214 -0.4234123506771 -0.412595767503595 0.806527565512929 0 0 0 0 0 0
1312.92100971892 358.280519774825 1262.65056730567 -0.306779448516538 0.928471858479846 0.209347505308445 -0.389827085739993 -0.323230832381369 0.862297322401914 0 0 0 0 0 0
1312.98923493446 358.287333070954 1263.15620150247 -0.800951504471012 0.544245298744567 -0.249547074276699 -0.479010516976224 -0.332433855279878 0.812426400660348 0 0 0 0 0 0
1312.7317542828 358.404728073035 1263.64872403075 -0.825778502965583 0.00953828469843769 -0.56391389871587 -0.547412982285895 -0.254219783441192 0.797315074817965 0 0 0 0 0 0
1312.85896600519 359.114871451151 1263.51220346469 -0.710163931452098 0.66545870814591 0.22985190496769 -0.38112105096347 -0.637876824196233 0.66922335708329 0 0 0 0 0 0
1312.78612165116 359.104701351334 1264.00807060886 -0.93880437975715 0.0635759812381611 -0.338532762311712 -0.305976996817527 -0.605288150279343 0.734849870755883 0 0 0 0 0 0
1312.53595198887 359.031669536186 1264.41589665338 -0.499384156110679 -0.565693365926115 -0.656206126436509 -0.203766507314142 -0.659475866138242 0.723581918291365 0 0 0 0 0 0
1312.14628839635 358.801397114233 1264.64975206983 0.30802663841356 -0.791342301360355 -0.528106951388957 -0.168808204234485 -0.591750117153863 0.788248431036509 0 0 0 0 0 0
1311.52059837593 358.591311993762 1265.31335899694 -0.820068272586457 -0.4524774220092 -0.350360115979221 0.470248148973679 -0.183920348716035 -0.863156986715048 0 0 0 0 0 0
1311.76046900117 358.234515921801 1265.10429291106 -0.711293904355088 0.419130208536389 -0.564261331228304 0.623487264701396 0.00557220788136259 -0.781813648674988 0 0 0 0 0 0
1311.95219991926 358.153623022812 1264.62014943098 -0.720951543813561 0.68566703794453 -0.100446924040602 0.496277194030029 0.409685420039048 -0.765419364331155 0 0 0 0 0 0
1311.94459731213 358.147779010081 1264.11858840809 -0.316185649691173 0.910723827639522 0.265723060156603 0.442743858793951 0.389373389357776 -0.807691920945282 0 0 0 0 0 0
1311.86470892997 358.361472941192 1263.70364278119 0.594327416832947 0.58896207570978 0.547629979983112 0.433573854619326 0.338857849001777 -0.834978485208109 0 0 0 0 0 0
1311.94691526379 358.742979670014 1263.26257981151 0.802824473566991 -0.081272555288953 0.590650181070563 0.537132660638782 0.528559451261041 -0.657353338287508 0 0 0 0 0 0
1312.15277575024 359.141922518475 1263.22231277543 0.758910736374964 -0.64759254764045 -0.0683987313870736 0.441484968438305 0.588877784572904 -0.676988904989984 0 0 0 0 0 0
1312.53000099957 359.37008812787 1262.87090434081 0.361452352697456 -0.922531963044474 -0.135229338128913 0.581260302593398 0.336352332725337 -0.740947750451579 0 0 0 0 0 0
1313.10446601646 359.43186573325 1262.79507382405 -0.171204300530301 -0.834197093724839 -0.524217794719869 0.689369151597679 0.278705670995855 -0.668650373349366 0 0 0 0 0 0
338.237025080531 -18.6343456284895 396.440142094782 -0.840374280502027 -0.493729142748416 -0.223612616530496 -0.220681671627012 0.688506183511771 -0.690839225199296 0 0 0 0 0 0
338.125446897878 -18.5546989323021 395.916487761693 -0.898593504797361 0.127023276729129 0.419993809841276 -0.233853865570891 0.671267112208555 -0.703358254110051 0 0 0 0 0 0
337.803848916404 -18.4056914071742 395.573700225478 -0.226832066972561 0.661930107720898 0.714419866664944 -0.158781483119039 0.698592569188532 -0.69767962768959 0 0 0 0 0 0
337.471010413261 -18.1016019795809 395.3074313557 0.319180254534959 0.648796226383832 0.690787537340605 -0.281038472315078 0.760925465460584 -0.584816050645329 0 0 0 0 0 0
337.122992814483 -17.6527092038669 395.246065064283 0.854715676805608 0.405069623859254 0.324622413966216 -0.114434481602619 0.757007752899411 -0.643307089554067 0 0 0 0 0 0
337.038594058165 -17.1675511782117 395.086924982107 0.99750469343222 -0.0704425243745182 -0.00471564846430939 0.0480615422447656 0.726468450984944 -0.685517087956669 0 0 0 0 0 0
337.181629643937 -16.713784303964 395.152302645778 0.520769894456905 -0.38403670605384 -0.762439850368972 -0.0617184738454372 0.87382987055191 -0.482298856848555 0 0 0 0 0 0
337.418592163571 -16.3025337180738 394.990589716187 -0.30331674673906 -0.498686499653392 -0.811979510955221 -0.154965284714 0.866594530248763 -0.474341312428546 0 0 0 0 0 0
337.362278039173 -15.9146528796471 394.627520035314 -0.62899522735213 -0.634066148224213 -0.449805650969787 -0.475860544296759 0.771560950298348 -0.422197160526101 0 0 0 0 0 0
337.040661012677 -15.7232930191255 394.249671804499 -0.702467933797601 -0.558908550897912 0.440635942382513 -0.698384431300226 0.66058149885767 -0.275483700941479 0 0 0 0 0 0
336.565103038818 -15.7370657761068 393.9997717867 -0.260404552509726 0.177808456941068 0.948985575060257 -0.774742201600738 0.548062740316959 -0.315280436651415 0 0 0 0 0 0
336.036788172171 -15.7298083709163 393.961471229671 0.235011228574227 0.658189625820377 0.715231528182633 -0.715593900070666 0.61513998868533 -0.330950395832768 0 0 0 0 0 0
336.326467493772 -16.2547113869985 394.183043508798 0.862240727741597 0.396935959920289 -0.314615274813223 0.506491816002193 -0.672479653080892 0.539663929232818 0 0 0 0 0 0
336.626131701315 -16.6641188392491 394.103921057488 0.588635812656774 0.631954146563223 0.504124822538473 0.4777090113904 -0.775001048245391 0.413723912355754 0 0 0 0 0 0
337.0626547629 -16.9551469762234 394.051767856252 0.193539680585036 0.57130068296192 0.797595086297732 0.358830901707518 -0.797859285462165 0.484418150549268 0 0 0 0 0 0
337.437460811585 -17.2155036013023 394.246078626022 -0.468025988067327 0.342998533820042 0.814434577047723 0.305810905005418 -0.801800268323931 0.513416030228352 0 0 0 0 0 0
337.992901919586 -17.076495228299 394.638031940316 -0.454631258786763 0.685587020711281 0.568577923917376 -0.0547231295812663 -0.658658593065278 0.750449356632479 0 0 0 0 0 0
338.145302200271 -17.1477965746905 395.128967301008 -0.976970384494609 0.176297586968731 0.120199952784763 -0.00342450019525931 -0.576209860772627 0.817294603644734 0 0 0 0 0 0
338.05375837631 -17.1081089290154 395.697764924586 -0.78153495889831 -0.478286022307896 -0.400556598853031 0.0407564480289694 -0.679831772870724 0.732234711373006 0 0 0 0 0 0
337.867164759141 -17.2874323021283 396.101271973769 -0.331989721349735 -0.660134247563427 -0.673799376752453 0.107113440796605 -0.736075332460268 0.668371016535142 0 0 0 0 0 0
758.736941543557 -36.0897340159303 531.615822451751 -0.631869483695375 0.76970152275181 0.0911071975646587 0.774036595094416 0.620566419459239 0.125557431059187 0 0 0 0 0 0
759.059917576754 -35.6759682809123 531.431838335417 -0.670858921978449 0.512042572037182 0.536433324117229 0.705331552216566 0.663967348691575 0.248303768234094 0 0 0 0 0 0
759.161021617652 -35.2077159889203 531.446862161749 -0.100743823996448 -0.142452148656782 0.984661397267933 0.80121423209934 0.575127467506699 0.165179146385964 0 0 0 0 0 0
759.407051354145 -34.7982298030184 531.636523393814 -0.0472650830635995 -0.511835445424091 0.857782308473725 0.710050684817978 0.586779015413639 0.389253660303562 0 0 0 0 0 0
759.465988411235 -34.361065775998 532.018070166035 0.491884855136583 -0.781963661965244 0.382860445401675 0.616341201980864 0.623323576747201 0.481239276672073 0 0 0 0 0 0
759.602555481372 -34.2344467320279 532.507225157001 0.796442554512596 -0.545624590206896 -0.260716443522474 0.558271058516001 0.49772955079703 0.663776106444643 0 0 0 0 0 0
759.79087778187 -34.2255560784251 532.967244202793 0.734433733426075 -0.0521411543774933 -0.676674509070661 0.627805772967824 0.430944538112747 0.64818725419362 0 0 0 0 0 0
760.105453910935 -34.2051357308838 533.302539650629 0.388895010777996 0.40964623602067 -0.825197329071102 0.677283993047494 0.480075223681821 0.557507105217944 0 0 0 0 0 0
760.60503298354 -34.0840220697484 533.437973881276 -0.242765951068457 0.689522396380403 -0.682366146501755 0.614647691847433 0.653529506233272 0.441709632438687 0 0 0 0 0 0
761.024001100584 -33.7742611475717 533.550666184764 -0.610546089329279 0.653861669630694 -0.446876257808004 0.563837610739498 0.755107195027364 0.33451498132891 0 0 0 0 0 0
761.323907968821 -33.3683827037461 533.450934263684 -0.844941273474053 0.523688796741021 0.108739544545612 0.534858482986171 0.827599996349285 0.170307513693307 0 0 0 0 0 0
761.434426167586 -32.8982306093785 533.169003019151 -0.585893701682283 0.102178585791932 0.80392046057716 0.420975724127937 0.886041795615492 0.194189021619233 0 0 0 0 0 0
761.420478677415 -32.3376668253273 533.225704872368 0.230953588930458 -0.299106213362572 0.925848752706426 0.221517431158281 0.94274884870156 0.249308315073766 0 0 0 0 0 0
760.64246359857 -32.1471284218574 532.815262046611 -0.261031970560896 -0.612013509143847 0.746526473054057 -0.123630871526716 0.788164363602866 0.602919848364634 0 0 0 0 0 0
760.312369804626 -31.9150627761341 533.16450840712 0.372897242212182 -0.638774709704896 0.672989239878302 0.007747999473074 0.727421801780505 0.686146843466155 0 0 0 0 0 0
760.167048796282 -31.7287040751006 533.5970819782 0.892659395743259 -0.360168618263638 0.270994039804092 0.108483315822289 0.755236671129947 0.646412361243779 0 0 0 0 0 0
760.131366486298 -31.5761966433921 534.15106442564 0.952100761410867 0.0106828191104285 -0.305597803488018 0.14203131532107 0.869592305728268 0.472902027153999 0 0 0 0 0 0
760.41637023565 -31.3841933145624 534.509555052913 0.506378445418115 0.283115098135988 -0.814510105046821 0.200388873034247 0.880072170493073 0.430484929222472 0 0 0 0 0 0
760.804912463819 -31.0434201644751 534.663182899728 -0.256244912247334 0.369969155535364 -0.893006925448961 0.0844974092558583 0.928889542317826 0.360588970992774 0 0 0 0 0 0
761.158510550253 -30.6561503558512 534.629237388255 -0.826855747374838 0.249063961550731 -0.504258580581287 0.0310925452578687 0.915468941758153 0.401185580879468 0 0 0 0 0 0
20.5070143168966 551.794130637777 353.520847153431 -0.589026170705399 0.675290583673974 -0.443881513272853 -0.0641251146464331 -0.586606627536727 -0.807329322025138 0 0 0 0 0 0
20.2115018860575 551.55403264199 353.153178696185 0.0967447559916333 0.857598887361149 -0.50513819949103 -0.074221788831716 -0.499889524031686 -0.862903001400502 0 0 0 0 0 0
19.8598482086795 551.472308736081 352.79362189813 0.88300756083318 0.402631818365646 -0.241216223233454 -0.0317295242303131 -0.461544872661035 -0.886549247257267 0 0 0 0 0 0
19.8013161842554 551.474650179595 352.280235009127 0.930208118286295 -0.2001565211165 0.307652764864564 0.165089919244243 -0.520465888903232 -0.837771196122246 0 0 0 0 0 0
20.1037374433454 551.584116209354 351.887818547729 0.201733560061143 -0.863403413726486 0.462426335658456 0.317199160363751 -0.389095217113967 -0.864863922639606 0 0 0 0 0 0
20.4436708028144 551.386090608597 351.650299979153 -0.495569143683066 -0.844790738425144 0.201841106071914 0.346890630912177 -0.405548887329537 -0.845693200972508 0 0 0 0 0 0
20.7134301589017 551.089582070758 351.432796846517 -0.939628407026148 -0.0134413924632429 -0.341932428526679 0.338502870484953 -0.182927990687048 -0.923013085983426 0 0 0 0 0 0
20.8156770173152 550.926387857303 351.045067367432 -0.473164844661595 0.85020204036449 -0.230806239812589 0.317976115007426 -0.0795117966443969 -0.944758733475994 0 0 0 0 0 0
20.654061015627 550.836466307424 350.586935680965 0.230444324033832 0.969416802918542 0.0844184561561215 0.485548465293087 -0.0393714362955573 -0.87332272262638 0 0 0 0 0 0
20.7461311609441 550.990122869933 350.10800542913 0.62723397756084 0.643115285104433 0.439295193984923 0.53791315707507 0.0501805389862782 -0.841505406371568 0 0 0 0 0 0
20.9548805415701 551.177151865087 349.592293674413 0.679256017885552 0.335663923098807 0.652641550084103 0.690169379676216 0.0102297714320325 -0.723575551780044 0 0 0 0 0 0
21.2729284162405 551.377555216674 349.255746250774 0.504781369896524 -0.359809330014782 0.784686570956648 0.764942369721272 -0.234837271436638 -0.599762141977467 0 0 0 0 0 0
21.6942092408899 551.512414914129 349.175391716375 0.155850136335499 -0.890582216067962 0.427286849116239 0.658385535184459 -0.228816373500394 -0.717057566920538 0 0 0 0 0 0
22.4059426754511 551.276125070267 348.974032282851 0.876188633722046 -0.0416545666156665 0.480164945842942 -0.480003134038499 -0.165291527639853 0.861554236368032 0 0 0 0 0 0
22.3923140858888 550.945508293982 349.266387464506 0.209987195735828 0.822580516889716 0.52845687701122 -0.745903296328614 -0.214654805847448 0.630516920354008 0 0 0 0 0 0
22.2370441991913 550.935758204198 349.71513640219 -0.32212312992099 0.926840331847471 -0.192882576794212 -0.760533556490971 -0.132021936757853 0.635734942932902 0 0 0 0 0 0
21.9808671879096 551.067152440745 350.199744835662 -0.506232432343153 0.569322584902034 -0.647765790054092 -0.705182075159555 0.159107625283144 0.690943560973269 0 0 0 0 0 0
21.750690931617 551.402676704643 350.414055870976 -0.698584761292678 -0.112441135177078 -0.70663733442958 -0.709607194096235 0.235646462701117 0.664024378094148 0 0 0 0 0 0
21.4486477459608 551.801242611769 350.641005287958 -0.558849116715463 -0.694962305232529 -0.4524544828513 -0.738958474157478 0.169730460290521 0.652021429341414 0 0 0 0 0 0
20.904131123278 551.97272813283 350.688472152881 -0.145955474187501 -0.988702174669599 -0.0341322334210305 -0.7949355791517 0.0966741789928203 0.598942007305228 0 0 0 0 0 0
546.788267974208 832.756286249759 -20.6949813387576 -0.701216568678667 -0.712248196713404 0.0315884486643442 -0.712901745335568 0.699975680200099 -0.0424870406819425 0 0 0 0 0 0
546.299786491875 832.982135781354 -20.8118315834932 -0.3982483751251 -0.848113354653015 0.349430922171218 -0.916387003581915 0.384645086843058 -0.110828772589322 0 0 0 0 0 0
545.848969097753 832.967617921634 -21.0834826132863 -0.0713813846840528 -0.163327488746669 0.983986193673618 -0.908138675743775 0.418653919039301 0.00361132820130413 0 0 0 0 0 0
545.34560509744 832.936779410272 -21.006834273906 0.34665351969389 0.535737763586571 0.769945703248675 -0.854964774583335 0.518110709616349 0.0244238981841801 0 0 0 0 0 0
544.970266686684 833.026618692291 -20.7844104030629 0.535775469304718 0.843686000446627 0.0337428383762341 -0.844245822401725 0.535933372066558 0.00494085646455617 0 0 0 0 0 0
544.697772910546 833.289578536511 -20.4589293671973 0.0930019887220476 0.475045950816228 -0.875032556369676 -0.909972507184357 0.397243521197904 0.118943772577235 0 0 0 0 0 0
544.407413019519 833.69545324944 -20.3294734572804 -0.372084266667635 -0.287610163577082 -0.882515547911521 -0.898031027988734 0.351977306190635 0.263917124674173 0 0 0 0 0 0
544.07305503791 834.012801884534 -20.4041152344378 -0.363689095076155 -0.915961926372761 -0.16954053072404 -0.898302551538063 0.296691939261671 0.324077797877846 0 0 0 0 0 0
543.608591571324 834.092428756971 -20.6354162351619 -0.133491703210543 -0.827197098058616 0.545824995889115 -0.981093907474537 0.188172639174301 0.0452305492175826 0 0 0 0 0 0
543.20017615045 834.007443241481 -20.8178506346684 -0.0819270432840343 -0.170870142246224 0.981881537695608 -0.958956991128303 0.281855760263014 -0.0309648118468466 0 0 0 0 0 0
542.658289803597 834.193203500833 -20.9575207842057 0.196726830027722 -0.498127923360574 0.844492229872914 -0.938683253388082 0.15305253081114 0.308947685896935 0 0 0 0 0 0
542.214788970881 833.938430772253 -20.9257076229763 0.30565058864649 0.440490721072676 0.844124186544213 -0.952136872696025 0.138033063544416 0.272731092875704 0 0 0 0 0 0
541.934622849481 833.87318012826 -20.6088619699844 0.0250817937584845 0.988887186731935 0.146536806090673 -0.953459443080464 -0.0203949485311229 0.300830743899463 0 0 0 0 0 0
541.737909760442 834.035363650987 -20.1968205925157 -0.505029165848648 0.517616822153873 -0.690665162771038 -0.797122779180949 0.0271321522278682 0.603207361714299 0 0 0 0 0 0
541.427180146614 834.348523103376 -19.9693995795165 -0.602547503351197 -0.378519326588125 -0.702609155650929 -0.66834355636436 -0.241831554984196 0.70344465999833 0 0 0 0 0 0
540.931944064945 834.372287684422 -19.8013136297804 -0.11756368879092 -0.82972017748319 -0.545658506902564 -0.7108517384926 -0.31337643003788 0.629670563849671 0 0 0 0 0 0
540.444312127194 834.227881615183 -19.6669560780468 0.619541102525716 -0.782805113801291 -0.0581805473312905 -0.477925845755826 -0.434967635866693 0.763144836651024 0 0 0 0 0 0
540.128282260761 833.876494094885 -19.3648565496271 0.931721058613285 -0.358899464026566 -0.0555611704158896 -0.189642226198492 -0.611271092842098 0.768364156567775 0 0 0 0 0 0
540.023623932745 833.419437552299 -19.2835093344379 0.871085934288846 0.117558111989059 0.476853630991415 -0.305243740958501 -0.631042625402334 0.713170010257715 0 0 0 0 0 0
540.101334546698 832.912950064068 -19.1584482646279 0.264730653157438 0.532100986802429 0.804230204060204 -0.257076978099849 -0.764861426726964 0.590676244008716 0 0 0 0 0 0
340.663089636349 376.80254832873 -414.69260691532 -0.722743481100387 -0.651971960482354 -0.229291132126147 -0.689148523075588 0.704884992567566 0.167962675603118 0 0 0 0 0 0
340.284384231684 377.11394568177 -414.878001856001 -0.490048827391937 -0.566123996751576 0.662839171348382 -0.697419639315948 0.710801311935925 0.0914731744643288 0 0 0 0 0 0
339.792319837282 377.116763824713 -415.050273962984 0.0560275529982155 0.0132500248644797 0.99834129942927 -0.908110557431389 0.416257730844274 0.0454391570567512 0 0 0 0 0 0
339.243376352973 377.07754157636 -414.815884146506 0.429943258580256 0.365433063805928 0.825595221811999 -0.843660548435997 0.488267999430471 0.223229119392697 0 0 0 0 0 0
338.872921430536 377.139519069226 -414.517967533988 0.580261837977131 0.798678209784852 0.159403000606219 -0.810324920043893 0.546544382156896 0.211335662604768 0 0 0 0 0 0
338.609590767779 377.463568512553 -414.181855949183 0.590185621743813 0.683890871707443 -0.428922146178189 -0.718304585106013 0.687359952866563 0.107586329108093 0 0 0 0 0 0
338.579386848835 377.90504687556 -413.898750848525 -0.0727393617260195 0.350656311756957 -0.933675069968508 -0.658497131631385 0.686213213278034 0.309019341718076 0 0 0 0 0 0
338.675796385591 378.333211814559 -413.906638003887 -0.884967600301566 -0.047599575005391 -0.463213370786934 -0.362752202048441 0.694187930340556 0.621702466842864 0 0 0 0 0 0
339.556822227293 378.051929340565 -413.970007140824 -0.551730418394781 -0.716022226182743 -0.427674779511521 0.833738852394374 -0.486881435206146 -0.260434241334959 0 0 0 0 0 0
339.812817072953 377.536867105541 -413.856395236064 -0.501102123895888 -0.356208253722465 -0.788677590278196 0.741762605661774 -0.646214657747925 -0.17942924219198 0 0 0 0 0 0
339.757950157907 377.035229222297 -413.795250959717 0.188329269903768 0.0787844695986774 -0.978940801809573 0.597366009225514 -0.800376662633363 0.0505079096168451 0 0 0 0 0 0
339.909377686539 376.561048311598 -413.981421744877 0.444697595803856 0.638670639594409 -0.627968042504027 0.746747900183159 -0.651509585467014 -0.133801470906122 0 0 0 0 0 0
340.083118339542 376.276705137388 -414.364348661934 0.650623232048743 0.750370556918722 0.116762310819605 0.751771991652515 -0.658167521756699 0.0406741425411337 0 0 0 0 0 0
340.541363678117 375.957279884783 -414.414634264467 0.201491114826284 0.84318398205375 0.498439668419401 0.924605966271009 -0.331682821405635 0.187324085799053 0 0 0 0 0 0
340.926486699575 376.030302131678 -414.574766933706 0.0368160420902663 0.0263323554016789 0.998975067808906 0.979578681016126 -0.198678157088329 -0.0308641797994449 0 0 0 0 0 0
341.381689162002 376.183440526687 -414.622953137829 -0.158431687302664 -0.713981390830742 0.682004379755607 0.963569171236348 -0.262548259599941 -0.0510182675513338 0 0 0 0 0 0
341.740089736847 376.143130838977 -414.316615550565 -0.247006124602991 -0.935490589555989 -0.252676336962525 0.965109617096484 -0.26088405279096 0.0224262789432962 0 0 0 0 0 0
342.013623781672 376.001105232892 -413.993954119058 0.0739970767718661 -0.377045997146388 -0.923233853725644 0.978490087071218 -0.151311601500088 0.14022107100874 0 0 0 0 0 0
342.319748925485 375.668970692907 -413.913298501096 0.23115998978873 0.489076323247693 -0.841052560283477 0.9571940607457 -0.26910382385955 0.10659578817817 0 0 0 0 0 0
342.648148641299 375.336412770709 -414.06913190452 0.37211109841697 0.904267625974534 -0.20936425446885 0.928186500861293 -0.362089356939166 0.0857969533855959 0 0 0 0 0 0
310.709475530798 1003.8051909684 -342.921272175068 -0.0650552879016764 -0.9978211563104 0.0109886093482018 -0.167080211065291 3.53825019706487e-05 -0.985943305580223 0 0 0 0 0 0
310.871328582749 1003.66108872227 -343.377276436561 -0.642691343698128 -0.750570148248933 0.153597816693694 -0.232908258077826 0.000418956741191558 -0.972498620973008 0 0 0 0 0 0
310.866694195488 1003.4210984035 -343.835196596072 -0.912300785083188 -0.187840332501877 0.363900105828761 -0.380112115919651 0.0577474858368268 -0.92313596355608 0 0 0 0 0 0
310.582982382365 1003.11071737783 -344.159589461258 -0.621010973779055 0.711392418860286 0.329038290832695 -0.510987634007305 -0.0491345999359127 -0.858182631483972 0 0 0 0 0 0
310.078856901138 1002.9576909026 -344.342971973312 -0.0955302776634327 0.99325229122444 0.0657560037330994 -0.562567437219889 0.000625852201304673 -0.82675116382674 0 0 0 0 0 0
309.57483041974 1002.99047176043 -344.469041802386 0.500232511629537 0.759320953852455 -0.416171987703887 -0.579876255015457 -0.063166475757535 -0.812252131551295 0 0 0 0 0 0
309.224397873663 1003.1215962292 -344.785671354996 0.878650389743528 0.213502408919217 -0.42707167312904 -0.364842343620887 -0.276767013513572 -0.888982612052675 0 0 0 0 0 0
309.197539037616 1003.26705680806 -345.268581601666 0.84116501989056 -0.540103494441099 -0.0270115642832521 -0.230836243258764 -0.313440612778655 -0.921124101877224 0 0 0 0 0 0
308.753624612604 1003.11395638712 -346.149260258804 0.719059843244076 0.0400218751129132 -0.693794776101876 0.685197778595797 0.125818297656305 0.717407666659797 0 0 0 0 0 0
309.113401192769 1002.94491136418 -345.945013693503 0.267725726377912 0.877204540616021 -0.398541251764551 0.422392780945922 0.264914787372687 0.866835909521551 0 0 0 0 0 0
309.532325921094 1003.01245683805 -345.724483346985 -0.32583436439796 0.936759643596641 -0.127723674806486 0.407472019335076 0.261049679973262 0.875111203244966 0 0 0 0 0 0
309.921333192963 1003.36557064396 -345.681015463192 -0.748000569310235 0.340091748077285 0.569941006772895 0.634922077154017 0.116553541374865 0.763733741519521 0 0 0 0 0 0
310.13306095905 1003.68120002585 -345.305281175334 -0.79052253443702 -0.407337055316721 0.457329909270291 0.398225586101704 0.225439864891117 0.889153108239424 0 0 0 0 0 0
310.154513934948 1003.99924506831 -344.889236774733 -0.372992682109998 -0.888358893518068 0.267759099564784 0.257428655803447 0.178170831935914 0.949729246584781 0 0 0 0 0 0
310.0401685003 1004.12840076474 -344.400729726403 0.169157323807446 -0.983621372466706 0.0622478548145797 0.235804071231247 0.101714170630501 0.966462967466275 0 0 0 0 0 0
309.931597884002 1004.05446081352 -343.87937041699 0.577305484675613 -0.779449381934925 -0.243263310765761 0.375453938754011 -0.0111597510224268 0.926773866609982 0 0 0 0 0 0
309.968616536946 1003.76592121811 -343.406430215176 0.870104370726837 0.00712239591359186 -0.492816046328147 0.487422649988426 -0.160650953342501 0.858260118768434 0 0 0 0 0 0
309.813380385261 1003.12521499176 -343.321542650366 0.870163136739712 0.215204129944427 -0.4432869250431 0.45779478248319 -0.0202147178663825 0.88882804991334 0 0 0 0 0 0
310.113456923557 1002.78233689212 -343.105727523112 0.558623187335219 0.793982907472804 -0.23985678479558 0.348209698295394 0.037964628352291 0.936647582075085 0 0 0 0 0 0
310.534300107863 1002.65958356764 -342.83798803049 0.0724879484567717 0.996697300067729 -0.0366058651888975 0.542181162494136 -0.00857301170071865 0.840217882758327 0 0 0 0 0 0
-729.132967533864 602.64788540158 -873.183686244952 -0.571719592427232 0.756441032270362 0.317700601718961 -0.249972969719352 0.208216194744524 -0.945600090236776 0 0 0 0 0 0
-729.540127122785 602.645040908819 -873.545817023171 0.0510199772408696 0.968432856083224 0.243997469619729 -0.274830843627807 0.248497322449305 -0.928825650015305 0 0 0 0 0 0
-729.941726571099 602.845172194446 -873.750657866074 0.756243338092292 0.586712135570284 -0.289594343117374 -0.430912472645668 0.113554643857122 -0.895220522428345 0 0 0 0 0 0
-730.17148362522 603.258352678543 -873.943845644187 0.743456219295115 -0.227462623170683 -0.628914624612694 -0.586443668883825 0.230324704161943 -0.776552866119746 0 0 0 0 0 0
-730.374828620129 603.563003011225 -874.327425239489 0.383468879912145 -0.832447309765552 -0.399978867695557 -0.694268606823024 0.0257747483126189 -0.719254311025967 0 0 0 0 0 0
-730.411450453765 603.598892567045 -874.85393795176 -0.302810769635224 -0.909060386851961 0.286207705782858 -0.73332295834664 0.0304337467576779 -0.679198958936203 0 0 0 0 0 0
-730.625798608482 603.354298500677 -875.280619624217 -0.485295657162243 -0.396689806164308 0.779182470814629 -0.809367156539378 -0.133320971041149 -0.57197056270057 0 0 0 0 0 0
-730.931467300497 602.938434413098 -875.480426709329 -0.579736814053466 0.422222910964043 0.696873761802083 -0.800306186926201 -0.134449309489642 -0.58432301883924 0 0 0 0 0 0
-731.386423291463 602.69193327846 -875.519100493345 -0.282252962790082 0.925397334166103 0.252928920676327 -0.788508268447001 -0.0736112142556502 -0.610603062329793 0 0 0 0 0 0
-731.912816326237 602.649624904636 -875.590523071668 0.232253914006836 0.960070086438236 -0.155960086416311 -0.76761266333697 0.0824466193255535 -0.635588982005283 0 0 0 0 0 0
-732.337358201636 602.823744025279 -875.728458707555 0.616045427588067 0.528840450533563 -0.583794320824804 -0.736664134448753 0.124333211384329 -0.664730927190641 0 0 0 0 0 0
-732.754005409068 603.214825447129 -876.234502370442 0.0474462628393715 0.996881695360056 -0.0630534503309479 0.910115353658264 -0.0171308189375066 0.414000698161277 0 0 0 0 0 0
-732.364587242282 603.315805599039 -876.311233823944 -0.351604540613226 0.375916334251927 0.857357076522236 0.908027607816346 -0.0858386703168315 0.410021445928823 0 0 0 0 0 0
-731.992541563081 603.633418400122 -876.163605712946 -0.388871712016607 -0.515811105917501 0.763359479279217 0.902323371676255 -0.0459680153277883 0.428601766787795 0 0 0 0 0 0
-731.77138036426 603.756567757488 -875.687637422147 -0.336348198547003 -0.896017706213402 0.289865761148603 0.727148175931786 -0.0515041276043955 0.684545728990245 0 0 0 0 0 0
-731.723732885566 603.757745142028 -875.200008042278 0.292289603252113 -0.903520785078645 -0.313395881851678 0.642055907793982 -0.057469766406463 0.76450077646529 0 0 0 0 0 0
-731.570089724447 603.533979464065 -874.810860467627 0.703267330821694 -0.250972568450275 -0.665152487242137 0.700448626043887 0.0845772074488004 0.708673703655917 0 0 0 0 0 0
-731.606438147057 603.009609905113 -874.59492915119 0.660808525857376 0.104161614199414 -0.743291632054051 0.694803079651451 -0.459445272226349 0.553316114292468 0 0 0 0 0 0
-731.153696199152 602.759538905326 -874.415658390609 0.429153689411986 0.480968521120654 -0.764523637669295 0.903227480896277 -0.226002726221876 0.364832681504887 0 0 0 0 0 0
-730.767865390459 602.525861474238 -874.410401463763 0.24681916739029 0.922485163056729 -0.29681883792806 0.824661502968756 -0.0390845749137475 0.564274579903369 0 0 0 0 0 0
64.4558570895508 615.135747617601 -284.741091048495 -0.810560648670866 0.232027949231196 -0.53773084866114 0.135154414604397 -0.819277119091109 -0.5572416767855 0 0 0 0 0 0
64.2484491258241 614.687790414572 -284.974633631131 -0.273959679925253 0.699302965155894 -0.660243482890538 0.16363538457927 -0.642605323481809 -0.748519778727613 0 0 0 0 0 0
63.9302329392754 614.431957857095 -285.325978718956 0.321967517414156 0.742891785720521 -0.586897531464515 0.295888913556906 -0.667812286964544 -0.682990849289579 0 0 0 0 0 0
63.8729451365015 614.271675778684 -285.828206286186 0.821225330294874 0.563690895152369 -0.0885524229165821 0.402672204420287 -0.682468077911444 -0.609993785557825 0 0 0 0 0 0
64.0413938865074 614.167554390623 -286.235070388643 0.826066637819897 -0.0262022148295393 0.562963012833843 0.318374487353982 -0.80255539060534 -0.504522081590489 0 0 0 0 0 0
64.4588080856884 613.833276679457 -286.406003005518 0.386233456893591 0.0879556615529423 0.918197973411405 0.3110766265955 -0.949547175926028 -0.0398935217406132 0 0 0 0 0 0
65.1761214249225 613.098956675503 -286.834821825396 0.870440530947246 -0.449000466466594 -0.201821364570397 -0.245971148624511 -0.0415642339289447 -0.968385568098905 0 0 0 0 0 0
65.369235892064 613.254069533433 -287.270445431415 0.128476191720991 -0.990570287200581 -0.0475854418517797 -0.0780070528064243 0.0377402662348563 -0.996238210478286 0 0 0 0 0 0
65.6750170081271 613.102960691899 -287.624167359661 -0.88543139810146 -0.437890669893482 -0.155765851444825 0.0293614088938293 0.281775305274196 -0.959031065714455 0 0 0 0 0 0
65.7023191199656 612.926052265332 -288.105909022754 -0.823577534502659 0.547242148765747 0.149151182619418 0.133558609913852 0.442666608025904 -0.886683918798982 0 0 0 0 0 0
65.4763708107662 613.101363995949 -288.526596088559 -0.150150093091207 0.860880211894892 0.486148341879829 0.0643522035641494 0.499190253567587 -0.864099464552297 0 0 0 0 0 0
65.3751614048295 613.08463229372 -289.681559333153 -0.769526929308493 0.14492196265404 -0.621953318030817 -0.413666949630549 0.628852930898021 0.658349182489297 0 0 0 0 0 0
65.6777149749143 613.810968632814 -289.449959966855 -0.91954782405332 0.392976477201951 0.00113474435409509 -0.219561440715382 -0.516154740383117 0.827875025430181 0 0 0 0 0 0
65.5865971771543 613.781419731097 -288.903797138427 -0.919801146077595 0.168474785068729 -0.354375645989376 -0.392366714408921 -0.386231329070393 0.834789627312455 0 0 0 0 0 0
65.3539907933329 613.863761569018 -288.48940581676 -0.594767574510901 -0.515921603908693 -0.616503390850936 -0.387003896426723 -0.488421035326952 0.782095183721702 0 0 0 0 0 0
64.9851120520289 613.789114307802 -288.203400648381 0.134137037309374 -0.888371179572866 -0.439094411859429 -0.241386483103873 -0.459043625713585 0.854992114271512 0 0 0 0 0 0
64.6654346839783 613.531053206508 -287.998830410881 0.838942418055928 -0.533574308893603 -0.107117113829618 -0.144898262595439 -0.40872056585425 0.901083787749289 0 0 0 0 0 0
64.5523999753702 613.078233558122 -287.798694575864 0.967635905869011 0.127403632347722 0.217828070132537 -0.0649163630381732 -0.708474029668959 0.702744914669984 0 0 0 0 0 0
64.6122690955791 612.560448085221 -287.75984037989 0.420693238567909 0.550545800467137 0.721052370227881 -0.0101922895691234 -0.791889781509888 0.610578980291298 0 0 0 0 0 0
64.8488447537753 612.248070205983 -287.547019295051 -0.468114082685189 0.533281571799884 0.704613348419152 -0.0463872796602587 -0.811103547156791 0.583060250810662 0 0 0 0 0 0
-404.868437309354 376.663433565443 568.106985410018 0.420092718526629 -0.192822898865147 0.886758951189187 -0.133826995745192 -0.979644705159437 -0.149621478614857 0 0 0 0 0 0
-404.622222790958 376.220951489054 568.086351418648 -0.266979434639063 -0.0888503234653139 0.959597624788596 -0.142397533106176 -0.981173573894862 -0.130465935997332 0 0 0 0 0 0
-404.355969187477 375.711027373271 568.235909363022 -0.742964629527814 0.140218948199605 0.654478575536583 -0.0874603840810619 -0.989764725617358 0.11276732301509 0 0 0 0 0 0
-404.255801941164 375.234674354484 568.481788447111 -0.962380633867172 0.257109556183414 0.0878532394200087 -0.22581591933679 -0.936689935090228 0.267617518250852 0 0 0 0 0 0
-404.425705599397 374.926629072611 568.900678850443 -0.81455996869768 0.098104320503796 -0.571723359408835 -0.290531564341358 -0.922064232731751 0.2557126528707 0 0 0 0 0 0
-404.755784338542 374.582278701198 569.136363949712 -0.285913075866278 -0.0174630454572238 -0.958096422648599 -0.324820316138982 -0.938874607695316 0.1140448738363 0 0 0 0 0 0
-405.097429805518 374.180837571525 569.237553765596 0.438722840994933 -0.10282326217229 -0.892720362457127 -0.0490897517109477 -0.994691009828816 0.0904433040235069 0 0 0 0 0 0
-405.343609779896 373.798921642042 569.087914507803 0.978231618751438 -0.206930254590915 0.0155810721672351 -0.207041144387307 -0.978314693692841 0.00585872302456846 0 0 0 0 0 0
-405.764481542848 373.524415474871 568.062697854133 -0.431152152624958 0.318052252319196 -0.844364012782136 0.632209086362259 0.774169001588523 -0.0312094232632955 0 0 0 0 0 0
-405.340571285327 373.74139026671 567.919281430038 -0.805947914966585 0.584649671453839 -0.0929124320526209 0.563611930504901 0.805816738320962 0.181661707671997 0 0 0 0 0 0
-405.124131896299 374.290293994805 567.980774009555 -0.93004177990243 0.0847271847690966 0.357552222475295 0.249831013076091 0.859349791021233 0.44620892144503 0 0 0 0 0 0
-405.193901393313 374.79372966602 568.095048600955 -0.432357281201692 -0.338905880292948 0.835589603630121 0.343080732808334 0.795154287415194 0.500025269342391 0 0 0 0 0 0
-405.377281256258 375.19962112028 568.233734869093 0.511978391633404 -0.542405586006332 0.666088812974366 0.427049439986724 0.833529454054623 0.350510235271992 0 0 0 0 0 0
-405.435129037322 375.515822990528 568.599005189641 0.960038793816157 -0.277325509793485 0.0376307850808591 0.257495474856298 0.927952858854713 0.269443077795471 0 0 0 0 0 0
-405.261983453717 375.821180587758 568.984324717859 0.832767630437895 -0.0865303429438755 -0.546818592811975 0.235659594231692 0.949163311394693 0.208694906379664 0 0 0 0 0 0
-404.874978454352 376.12641174304 569.228450606689 0.285196553257378 0.0655995666914147 -0.956221534405082 0.334891322752911 0.927955543709021 0.163542993871642 0 0 0 0 0 0
-404.46469686509 376.427745166222 569.254960754235 -0.278316033954102 0.153392247277903 -0.948161907966722 0.314218391678631 0.94738677291957 0.0610336368565557 0 0 0 0 0 0
-404.191249538062 376.827440878093 569.056160470811 -0.870913570344801 0.117663105637726 -0.477142480356713 0.217492329121761 0.962938114440101 -0.1595220189558 0 0 0 0 0 0
-404.151066641121 377.229303810593 568.748874623698 -0.82707803009999 0.109642435025516 0.551289822659185 0.0626521132927802 0.992661596263028 -0.103429531587872 0 0 0 0 0 0
-404.37861259351 377.666919526999 568.588458978369 -0.0571242340841834 -0.0705724514447372 0.995869645574849 0.0112868054873553 0.997389085807633 0.0713275510143596 0 0 0 0 0 0
736.812344814501 -673.04817383179 192.756273697144 -0.211002078158797 0.861475731124482 -0.461884929063732 0.735936334037014 0.45099803266528 0.504973748601061 0 0 0 0 0 0
737.228713543833 -672.895355614931 192.674187855104 -0.525268498476093 0.820637784564773 0.225048063873678 0.821927506654667 0.420829940962515 0.383845456654014 0 0 0 0 0 0
737.630732459253 -672.541616872669 192.53288833814 -0.590722451694908 0.474221812791562 0.652809817126122 0.806843051814409 0.354349668239225 0.472695041604588 0 0 0 0 0 0
738.793231205226 -673.165191595265 192.644437700794 0.553586289895709 -0.137748634183836 0.82132060330908 0.520784307943165 0.826858389990691 -0.212341487943737 0 0 0 0 0 0
738.93020843385 -672.700030600857 192.842743259645 0.850827309041486 -0.498353091833992 0.166544546739677 0.516338216824716 0.851728163036759 -0.089185100416494 0 0 0 0 0 0
737.941622552623 -671.998120252574 192.705837383612 -0.632160362126582 -0.189716936487453 0.751252794048584 0.736924814902702 0.15236136117696 0.658580164293553 0 0 0 0 0 0
738.078955971779 -671.587442332301 193.083880865969 -0.4254691959561 -0.694070605522012 0.580725372136243 0.624661512330892 0.239076288298218 0.743397957614917 0 0 0 0 0 0
738.130438778191 -671.325418014062 193.614023810391 -0.0622513337160186 -0.99250067540132 0.105200669097214 0.474562604536219 0.0632927158612663 0.877943259268334 0 0 0 0 0 0
738.151517111097 -671.388876621034 194.225265747645 0.320348651032128 -0.891013765260337 -0.321669413992833 0.629026195597676 -0.0538185032129276 0.775518932047332 0 0 0 0 0 0
738.38247561271 -671.582757431851 194.613484418572 0.630242822385404 -0.171059699435204 -0.757319327668862 0.775851764626962 0.102174429849247 0.622586881656055 0 0 0 0 0 0
738.813639415688 -671.766067408367 194.873759559585 0.228721834842985 0.672655853942994 -0.703718995354168 0.869399669179327 0.184090475693908 0.458535616925956 0 0 0 0 0 0
739.265640830465 -671.891099001409 194.825996019169 -0.0888663309805663 0.995998086158867 -0.00951775109607561 0.930404081542081 0.0864176800157826 0.356202512105861 0 0 0 0 0 0
739.133588140899 -671.768527037827 194.204212944391 0.118888059680515 0.974877010071984 0.18836253475283 -0.740100299363737 0.21347381131935 -0.637715045112234 0 0 0 0 0 0
738.663885417227 -672.431384589274 193.853439524869 -0.433504878611669 0.849193144217121 0.301570098044422 -0.742042940522506 -0.146501108241205 -0.65414807169693 0 0 0 0 0 0
738.161527108398 -672.498145444721 193.792625012982 -0.020007796070072 0.974469231937609 -0.22362782497566 -0.854673709987997 -0.132730301704677 -0.501911861251294 0 0 0 0 0 0
737.590993336126 -672.410334826558 193.838553211633 0.397706990704713 0.702421123889769 -0.590282740945418 -0.812283456151242 -0.0296053231608127 -0.582511039984254 0 0 0 0 0 0
737.160630716766 -672.207563847592 193.599855482051 0.640432829128037 0.185410755487933 -0.74529768758829 -0.747886942989674 -0.0701496687798522 -0.660109191327948 0 0 0 0 0 0
736.914237961337 -671.929697678135 193.289167130292 0.544914127583621 -0.56763264899682 -0.617139991697697 -0.79311577889143 -0.110086650638509 -0.599039473344315 0 0 0 0 0 0
736.6802183912 -671.801275419338 192.791074877144 0.462240745529657 -0.881907700675351 -0.0925867196832365 -0.671183742045214 -0.279721604596331 -0.686489772929093 0 0 0 0 0 0
736.575589844028 -671.935684259223 192.300356391026 0.130909082676791 -0.916733103504049 0.377443014258519 -0.623228068729748 -0.372181595547079 -0.687799123497129 0 0 0 0 0 0
13.5457947385046 129.501811720623 255.73513735692 0.924786956188443 -0.181662578890717 -0.334316905188011 0.102053783548394 0.964892664236889 -0.242006553145358 0 0 0 0 0 0
13.8080393233328 130.002253320902 255.895045024945 0.592605580715454 -0.363198252247434 -0.718961511674519 0.369578710446535 0.915676962193333 -0.157947072442216 0 0 0 0 0 0
14.2303629569463 130.308370839673 255.963431692231 -0.0808870700922669 -0.188078747149317 -0.978817483886875 0.33955589255547 0.918092366014106 -0.204470543838174 0 0 0 0 0 0
14.6245779522634 130.600748104977 255.709875679036 -0.67249350187808 -0.0385417690898138 -0.739098790397592 0.294635067071008 0.90215543359889 -0.315128149932788 0 0 0 0 0 0
14.7713741759308 130.851418382235 255.312369280687 -0.942790987269911 0.331288367862137 0.0373252145588999 0.29718889629769 0.885883307750235 -0.35621555969225 0 0 0 0 0 0
14.8164393763157 131.202655741028 254.96853974563 -0.676400438311646 0.377186422284918 0.632623782271673 0.197133026749972 0.920294858999326 -0.337928901196399 0 0 0 0 0 0
14.7517895662496 131.696422362941 254.619904439509 -0.0938744897987587 0.149973469097981 0.984223317510686 0.317459905582547 0.941492840059485 -0.113183216354045 0 0 0 0 0 0
14.5982647525031 132.146583035018 254.690989648232 0.724281869216677 -0.1281484278834 0.677490778059015 0.240375442098538 0.96786248675394 -0.073904354204681 0 0 0 0 0 0
14.6469009797432 132.556967210335 254.995443858943 0.953441522868091 -0.216230575170465 -0.210222740997317 0.230606426387094 0.971951560412391 0.0461610259948078 0 0 0 0 0 0
14.5297080791408 132.147411823394 255.298852075966 -0.616155881161129 -0.143034414690456 -0.774527653686239 0.385986058963661 -0.912028106123312 -0.138634396622294 0 0 0 0 0 0
14.3688401056638 131.676708262972 255.232011820224 0.0871824876895376 0.122049885638287 -0.988687533680862 -0.0188094027968258 -0.992087889875316 -0.124128260799744 0 0 0 0 0 0
14.0374070733673 131.390464240423 255.120518506744 0.796468041299638 -0.0985196152363552 -0.596600825177101 -0.177388090043035 -0.981296657606174 -0.0747685447353123 0 0 0 0 0 0
13.9094346635571 131.070818324345 254.849133337186 0.931912283318623 -0.303577418215845 0.198444569966713 -0.308291516152787 -0.95126264953741 -0.00746409159129613 0 0 0 0 0 0
13.9262015205068 130.551369073288 254.757571902438 0.576705487647383 0.056289732954014 0.815010580594731 -0.178998162803964 -0.964676094700481 0.193286549004927 0 0 0 0 0 0
14.1336992902245 130.013818057336 254.781706634634 0.102699623686076 0.229856338093052 0.967790706265147 0.0361215620775483 -0.973155260542859 0.227297319893654 0 0 0 0 0 0
14.4454030336347 129.650873476266 254.958187258126 -0.502710889038513 0.218109367061155 0.836486739908225 0.117166798219373 -0.941525994530722 0.315912555967558 0 0 0 0 0 0
14.6370953674208 129.256468283711 255.27804192123 -0.916454813662654 0.124550892865954 0.380259976333093 0.0430412362044586 -0.914123055948989 0.403145743582235 0 0 0 0 0 0
14.6405947527143 129.085664412512 255.760335417724 -0.890734991161349 -0.295276272380713 -0.345547534341865 0.0758022973335115 -0.846099634628616 0.527607259237669 0 0 0 0 0 0
14.4230731111257 128.779966819629 256.14205375636 -0.480652379042272 -0.307813408322747 -0.821111561347018 -0.00130122783508536 -0.936116559800731 0.351687493768213 0 0 0 0 0 0
14.1495067213768 128.360333864811 256.225244432266 0.381419956682417 -0.236878295699227 -0.893536507184241 0.00997179701750152 -0.965499868633124 0.260212541845436 0 0 0 0 0 0
93.8565466412423 579.594861004069 -282.298413145816 -0.395635907439666 0.803185347092392 -0.445382450216065 0.918144056819941 0.357514155224357 -0.170865794530199 0 0 0 0 0 0
94.1685747882946 579.814675866044 -282.604672445104 -0.518570440792681 0.823928235205423 0.228532188471037 0.836344910730017 0.544359876612343 -0.0648036652558708 0 0 0 0 0 0
94.4633625607603 580.200645266379 -282.857382974917 -0.306815192192879 0.322653983460319 0.895409875306742 0.803374981596366 0.592250981800594 0.0618660933086272 0 0 0 0 0 0
94.4985264001289 580.675035467532 -282.950667333591 0.245760004469445 -0.192008869792492 0.950123473093991 0.606799622714932 0.794846351050733 0.00367370308418093 0 0 0 0 0 0
94.6184065598804 581.11932197553 -282.664253949635 0.793757907947871 -0.525720776118825 0.305885679833561 0.593374215186061 0.779800226807801 -0.19954610249972 0 0 0 0 0 0
94.9175436905193 581.503548753572 -282.544710371056 0.550324724166388 -0.627032957831607 -0.551336891350593 0.469000906957905 0.778453235133406 -0.41719145482979 0 0 0 0 0 0
95.4042291529066 581.702089886223 -282.462503184915 -0.161136130362247 -0.198075153863811 -0.966851271351343 0.574527452066466 0.777722500946352 -0.255080219428648 0 0 0 0 0 0
95.8183146920267 581.815671919936 -282.705267956378 -0.645096549546732 0.490059797758638 -0.586252365780867 0.732974058091264 0.613638617141765 -0.293592707194111 0 0 0 0 0 0
96.1652300007266 581.986402254243 -283.112772981672 -0.807823346486742 0.58508160343392 -0.0714209926713044 0.58384522677952 0.777647875248519 -0.23321349293777 0 0 0 0 0 0
96.3506393111072 582.329151455376 -283.410862046973 -0.551834322447659 0.448050354452234 0.703370286864579 0.471066798909768 0.863445139512721 -0.180439912482696 0 0 0 0 0 0
96.249337077034 582.750281869659 -283.732055488453 0.220214704095709 0.130960190409652 0.966620355997072 0.562297620474074 0.792692851036146 -0.235498258858489 0 0 0 0 0 0
95.6131322924609 582.985809669175 -284.590621045788 -0.282099579040289 0.910971700628382 0.300915915430748 -0.128876538930938 0.274829281995771 -0.952816720818265 0 0 0 0 0 0
95.2923350767298 583.262784547203 -284.855219706536 0.494413505862767 0.828938658240522 0.2615644970077 0.0347385917629074 0.281832489435948 -0.958834541587164 0 0 0 0 0 0
95.1752553968886 583.544792942203 -285.245545554389 0.958413678479078 0.257401811621962 0.123237690167966 0.03395970135715 0.32589850721021 -0.944794634659771 0 0 0 0 0 0
95.2388605971151 583.889336350134 -285.611412079098 0.784706856131236 -0.618819287357338 0.0360255400402022 0.108860058148638 0.0803611066396699 -0.990803502355297 0 0 0 0 0 0
95.0235749408044 584.615629613895 -285.763526727439 -0.69348090979907 -0.389769649662256 -0.605940465678285 -0.621564317381308 0.74896224055081 0.229593905815071 0 0 0 0 0 0
94.7653122307333 585.035584399029 -285.913867439624 -0.69864608115035 -0.714058905556403 0.0448724045360943 -0.683093331451631 0.684372534485613 0.254985753657043 0 0 0 0 0 0
94.28610668593 585.316879908173 -286.022958047375 -0.33540160357776 -0.725586486463752 0.600857732727686 -0.505265582530196 0.676858267595954 0.535321937433378 0 0 0 0 0 0
93.8352642033065 585.495649852923 -285.79193676469 0.318045181884524 -0.630327604576836 0.708190915776578 -0.427971338292785 0.571088303522184 0.700498881640818 0 0 0 0 0 0
93.5080811535921 585.518082807473 -285.353660006724 0.805422685817638 -0.316985901485619 0.500813573527766 -0.252385969879764 0.581108063663065 0.773701971403469 0 0 0 0 0 0
105.471152178622 673.245879224971 -38.2326424438924 0.649038624042624 -0.380944114373677 -0.658506223375992 -0.725066919445221 -0.047746206292531 -0.687021296693842 0 0 0 0 0 0
105.244725247922 673.35344374342 -38.6863102630515 0.493176996170476 -0.84087571559797 -0.222945018706111 -0.578330124317465 -0.12546905862674 -0.80609663355845 0 0 0 0 0 0
105.056440938944 673.324793203879 -39.1975548400726 0.357437170018849 -0.906218147047515 0.225848045045083 -0.600332220153851 -0.408186074198034 -0.687739306915016 0 0 0 0 0 0
104.930097627435 673.109937709064 -39.6467366014548 -0.122445601683062 -0.755047939214142 0.644134833801861 -0.757791578535193 -0.347986892398901 -0.55195746776332 0 0 0 0 0 0
104.7401788785 672.726362983498 -39.9108753386349 -0.418412848922684 -0.00897211090155403 0.908212634289115 -0.82605479299363 -0.411936286534763 -0.384632259188176 0 0 0 0 0 0
105.284963559052 672.390487993315 -39.4400626036017 -0.313802518246842 -0.693359927831164 0.648675566072828 -0.395228877226419 -0.525798106730254 -0.753213439580857 0 0 0 0 0 0
105.237156714205 671.962174293226 -39.7676951439213 -0.664820341523949 -0.114078083345711 0.738241223717661 -0.583403718928811 -0.537922951032103 -0.608505545983721 0 0 0 0 0 0
105.064294107981 671.483077498707 -39.7859211634108 -0.803810005108183 0.541100809245849 0.247182907826309 -0.561290758464371 -0.552187175868943 -0.616475471749178 0 0 0 0 0 0
104.652349585891 671.129575342003 -39.8834574463927 -0.335099446817438 0.936952280190717 -0.0991402309260146 -0.684834376017176 -0.314484403938339 -0.657344230296967 0 0 0 0 0 0
104.218013420189 671.084644091247 -40.1488073085862 0.388055918189124 0.857336833351593 -0.338210228315257 -0.53901083790709 -0.0865469962775159 -0.837840637623908 0 0 0 0 0 0
103.858681767123 671.374824349832 -40.435226155889 0.863695367981064 0.0772650733115424 -0.498056643138325 -0.497500722513877 -0.0276608277592645 -0.867022438986352 0 0 0 0 0 0
103.885226791507 671.653587242484 -40.9759477900832 0.527777138221404 -0.819308907709077 -0.224018316481897 -0.406173116367698 -0.0118135144623686 -0.913719782217831 0 0 0 0 0 0
104.167627007164 671.956696045361 -40.4165045882054 -0.316868881082846 -0.772726155568205 0.54998945508263 0.593266599467492 0.290953314138954 0.750587044217949 0 0 0 0 0 0
104.138079415488 672.174614795237 -39.9837178345918 0.433885842371086 -0.894669254949862 0.106348483944963 0.698790358203807 0.408677692406811 0.587089924126142 0 0 0 0 0 0
104.100225925445 672.184595367296 -39.4817912401253 0.778748852927377 -0.505802950525646 -0.371097829829071 0.604329460555214 0.446126729509907 0.660118810762001 0 0 0 0 0 0
104.459879968873 672.137442486883 -39.1170322764864 0.475997188153125 0.183075770340436 -0.860180178325782 0.703366496636974 0.5078887167467 0.497317426610027 0 0 0 0 0 0
104.915514438591 672.106127556006 -38.9109986649336 -0.0307940553855911 0.766534192142979 -0.641464775672538 0.804765721666116 0.399631211443008 0.438915741426312 0 0 0 0 0 0
105.393953698223 672.209567134624 -38.9767742142468 -0.310475291183721 0.941809735468857 -0.128839107962086 0.874105606877694 0.336125520357306 0.350655133413884 0 0 0 0 0 0
105.809909131319 672.482016205336 -39.1297667611017 -0.469152185687677 0.699430518550137 0.539159694696444 0.88195876547019 0.339819440172662 0.326606007432559 0 0 0 0 0 0
106.255854782583 672.809957161742 -39.0519595240116 -0.707987161626908 0.268030835415843 0.653386294804046 0.693391465284307 0.439393052172721 0.571088453370598 0 0 0 0 0 0
