t = 1000000
b = 30 30 30
E = -1.18163060141043 -1.18163060141043 0
-737.564620670805 778.029302040861 585.869637750728 0.508996011615675 -0.430931850221881 -0.745131398226972 0.500857976234449 0.852295936117573 -0.15077441732536 0 0 0 0 0 0
-737.175212688636 778.229897393534 585.863741320904 -0.355574407301126 0.0687524811671408 -0.932115838941607 0.299309242856626 0.953146926927292 -0.0438738285274098 0 0 0 0 0 0
-736.724053318856 778.450516012657 585.626891744996 -0.729731629098304 0.637420393624384 -0.247360043833421 0.573235837735083 0.767553810514267 0.286813218491035 0 0 0 0 0 0
-736.442325002754 778.856674590268 585.484491867004 -0.848276069320569 0.331489918763267 0.412967485374294 0.4819066906237 0.806513394025303 0.342493922267097 0 0 0 0 0 0
-736.577956192622 779.29500414577 585.595958261132 -0.321976747735142 -0.0656889808189172 0.944465950533355 0.465864745254194 0.857465620672344 0.218455369570621 0 0 0 0 0 0
-736.550256294456 779.859503734857 585.782178945165 -0.126452169047684 -0.421746426965039 0.897852883430999 0.538819931813747 0.730749510638917 0.419139873766756 0 0 0 0 0 0
-736.56479795488 780.334276405641 586.025625086794 0.397907300085779 -0.643326214329513 0.654065105700422 0.514272920996172 0.746801336897156 0.421676565555505 0 0 0 0 0 0
-736.487896907845 780.644855283132 586.473047962993 0.755764038653284 -0.650442836656151 0.0757946839902216 0.5882953338886 0.725234523870203 0.35769188628156 0 0 0 0 0 0
-736.261225116108 780.741091527829 586.976089112334 0.669693920078577 -0.187012912443094 -0.718704545685736 0.582474752466142 0.732621912093277 0.35211971921535 0 0 0 0 0 0
-735.752583801462 780.831079768772 587.145151082972 0.0270422924363644 0.433961780512434 -0.900525339718025 0.699491641994207 0.635347076220997 0.327178140342046 0 0 0 0 0 0
-735.280122936419 781.037060051933 587.150215364532 -0.603626991374087 0.70417285378823 -0.373865012099833 0.716118793934031 0.684999310511843 0.133976929255632 0 0 0 0 0 0
-735.392609569719 780.382680284979 586.776509900795 -0.969793495333353 0.104491624625 0.220413422441433 -0.227717786235389 -0.711725613754895 -0.664523333342985 0 0 0 0 0 0
-735.580616912743 779.877881871237 586.622203218372 -0.811846375602678 0.581540591712118 -0.0521152819422139 -0.46978008186668 -0.703604295209219 -0.533148825793017 0 0 0 0 0 0
-735.988599417299 779.558723202043 586.766303284516 -0.533656089641254 0.678077733226826 -0.505392684643115 -0.637642130808889 -0.715177268990248 -0.286241134250739 0 0 0 0 0 0
-736.50392860732 779.368649655015 586.806966495811 -0.185537574869557 0.459405735323588 -0.868632361050011 -0.707324224673064 -0.676062234416896 -0.206475897832853 0 0 0 0 0 0
-736.969051294309 779.286699388435 586.731611841548 0.402726430629197 -0.0740715206294646 -0.912318382969622 -0.692581036179288 -0.67633050025637 -0.250815794454401 0 0 0 0 0 0
-737.113519465807 778.850416702667 587.462798893342 -0.268319950660792 0.698068675564234 0.663855803825942 -0.958096719892687 -0.121646916136422 -0.259331261373118 0 0 0 0 0 0
-737.555422030124 778.724763646245 587.706228087448 -0.24319234703174 0.967392440165741 -0.0707767550497209 -0.967747009885041 -0.246932372674302 -0.0499011841943837 0 0 0 0 0 0
-737.970553856202 778.811046218403 588.033942863877 -0.215697018631801 0.728371784227722 -0.650345554374194 -0.960660938331034 -0.277617326838491 0.00769294507896535 0 0 0 0 0 0
-738.484132456482 778.842323154027 588.1023933315 0.117206474258415 0.339353204208505 -0.933328476574744 -0.935541201116619 -0.277592138278282 -0.218415351519451 0 0 0 0 0 0
-826.487648225207 -177.937485710494 252.702622989091 0.285061853685081 0.854749556973445 0.433754463293838 -0.932896682398713 0.351323878018087 -0.0792168713331163 0 0 0 0 0 0
-826.885888802393 -177.868458862774 253.048335955126 0.296621748761888 0.884488756274523 -0.360132167662634 -0.94551039650068 0.325009780923372 0.0194610486168979 0 0 0 0 0 0
-827.281105264577 -177.562388394219 253.268347144985 0.27991376677039 0.532096620133449 -0.799075384438146 -0.944999608521068 0.299400545890213 -0.131662648521402 0 0 0 0 0 0
-827.532254000624 -177.122523041959 253.316698483014 0.028278886224729 -0.322396809849279 -0.946182118618238 -0.968510915006334 0.225397812496544 -0.105747026602956 0 0 0 0 0 0
-827.81030308929 -176.804513927171 253.044671146472 -0.301119002645052 -0.789139114848133 -0.535338027476803 -0.9345486690997 0.355833520472417 0.00113613035586155 0 0 0 0 0 0
-828.215748273146 -176.689264354133 252.783230657675 -0.260740574989054 -0.901966770099959 0.344195145505896 -0.936089176439848 0.323406261464704 0.13836706182322 0 0 0 0 0 0
-828.770542485242 -176.148260705486 252.48824313161 -0.107346916663093 -0.599629110570872 -0.79304575482056 0.469237604629807 -0.733782592879895 0.491303548519384 0 0 0 0 0 0
-828.78289281043 -176.679635933133 252.621528215251 0.527057699728741 -0.116633232038422 -0.841787901042133 0.613734855833068 -0.632914436365692 0.471962755919853 0 0 0 0 0 0
-828.546980287197 -177.130077411879 252.615043798738 0.68955000628588 0.586418450482307 -0.42501081135081 0.714373159408348 -0.647254825191036 0.265955222516603 0 0 0 0 0 0
-828.103075039401 -177.444275701155 252.47482168824 0.515647366817002 0.856632604810315 0.0169815626662252 0.839275211020677 -0.508988894620688 0.191173809186847 0 0 0 0 0 0
-827.633292384064 -177.620851708446 252.239207790713 0.170718858741682 0.504974089392088 0.846082880285714 0.869148118376024 -0.481677130562315 0.112110169996622 0 0 0 0 0 0
-827.357446947887 -177.087457008656 252.233339253399 -0.217952911595089 0.241551639498539 0.945594698474347 0.93785731036101 -0.21624295424666 0.271408640505584 0 0 0 0 0 0
-826.961818939164 -176.835616024679 252.404228672299 -0.236505521208753 -0.608627696789421 0.757388582656605 0.95888750396236 -0.272033581593964 0.080823791237451 0 0 0 0 0 0
-826.530815185024 -176.774234916443 252.672086108442 -0.317449885099161 -0.922254373397507 0.220618315648773 0.942879258603136 -0.282198721018354 0.177038373104832 0 0 0 0 0 0
-826.219395730167 -176.892993971757 253.046751257976 -0.182924778147355 -0.906660184478602 -0.380139231625688 0.896959816569246 -0.31221226940067 0.31302809186357 0 0 0 0 0 0
-825.974242906718 -177.084641737277 253.438199237355 0.0788482249984313 -0.621390538162781 -0.779523416259169 0.856729615756988 -0.357572670958547 0.371693624465707 0 0 0 0 0 0
-825.789737926247 -177.554151440661 253.715767549072 0.396740987641499 0.0257550160948347 -0.917569216937449 0.910010225547444 -0.142066298564114 0.389484988428798 0 0 0 0 0 0
-825.48500951499 -177.947242190072 253.736268141628 0.43498865949883 0.619356136962965 -0.653592259527088 0.900104364481849 -0.279396105157543 0.334290217421213 0 0 0 0 0 0
-825.088044706291 -178.195732002731 253.637684635071 0.206729534303062 0.953819965297402 -0.217922861230531 0.960171232415491 -0.154989239699094 0.232485569485965 0 0 0 0 0 0
-825.240539828902 -179.283005241933 253.89550642465 -0.00477153958038596 -0.476401271454266 -0.879215025444169 0.599093189802074 0.702610932854737 -0.383959928854266 0 0 0 0 0 0
-801.245655238381 1047.79528302445 -101.821986449582 0.447139181111038 0.805630797240355 0.388620086013604 0.790280591006771 -0.152322083618179 -0.593510379285995 0 0 0 0 0 0
-800.949439939552 1047.9577760024 -102.201042125004 0.562334408105728 0.136095425789271 0.815633525880109 0.826894165052137 -0.0986374877984876 -0.553639490827319 0 0 0 0 0 0
-800.48605427436 1048.24587370297 -102.319832192535 0.341647141431818 -0.670283590729428 0.658784592071135 0.920454992910344 0.0970475611720542 -0.378608474412518 0 0 0 0 0 0
-800.101812625722 1048.43334650666 -102.17951870573 0.151004219693738 -0.943965112848182 -0.293475026808422 0.837793208928812 0.279784643861745 -0.468852953634635 0 0 0 0 0 0
-799.639589693288 1048.36037588107 -102.184457757744 -0.276454207089102 -0.268574050729578 -0.922735634218947 0.82851843698843 0.41991195250139 -0.370447232027342 0 0 0 0 0 0
-799.169705050815 1048.27599085196 -102.455982332016 -0.508764675408102 0.593128244303663 -0.623985088656888 0.834621251458163 0.517547521272994 -0.188552193937357 0 0 0 0 0 0
-798.920151232976 1048.46927124315 -102.776996985064 -0.487244615813163 0.828694188248281 0.275424448305894 0.848266297267554 0.524064840386663 -0.076159910651834 0 0 0 0 0 0
-798.719231820028 1048.8550358151 -103.048916772335 -0.150791021230864 0.445222069860021 0.882632073077855 0.851544573210975 0.512006317456303 -0.112789054077845 0 0 0 0 0 0
-798.411533486658 1049.30330204353 -103.059298160509 -0.0519104608962808 -0.289878715307145 0.955654558123078 0.842103257424213 0.501687233540329 0.197919234886815 0 0 0 0 0 0
-798.176839267288 1049.70785513061 -102.801732096861 0.0879606852492436 -0.708870921885957 0.699832075540295 0.868199328689797 0.398989747735436 0.295020519395853 0 0 0 0 0 0
-797.897901792745 1049.85966884337 -102.376129915098 0.375643440935226 -0.92626720751747 0.0303490619316524 0.858432266846273 0.360101281287916 0.365268545664654 0 0 0 0 0 0
-797.616069746919 1049.8343045634 -101.971093094125 0.575280815574438 -0.293124070646748 -0.763629663147975 0.774272913475574 0.496159568317896 0.392844928979165 0 0 0 0 0 0
-797.127328580639 1050.02169902624 -101.714494947597 0.0990625643046875 0.241540285595408 -0.965321137646881 0.722196658179193 0.649914997500053 0.236732935898896 0 0 0 0 0 0
-796.737779617088 1050.10121358523 -101.702440294385 -0.621782995129801 0.730563033621221 -0.282247339887507 0.620028124946624 0.679345336362133 0.392498456351353 0 0 0 0 0 0
-796.434734950817 1050.48184757705 -101.702455115879 -0.763692700386104 0.3645086193995 0.532829171273919 0.616680359430187 0.656073907078147 0.435054436529811 0 0 0 0 0 0
-796.337086671397 1050.93425651278 -101.67522857332 -0.0319801842521832 -0.553650041455935 0.832135144920006 0.500969365692425 0.711549662153273 0.49267308930699 0 0 0 0 0 0
-796.36089357752 1051.39076910972 -101.313038825553 0.42362707901758 -0.685111332301384 0.592589706521515 0.339226283280718 0.726572875693581 0.5975093179507 0 0 0 0 0 0
-796.405695385852 1051.59529127737 -100.847351654754 0.883405247511689 -0.464818482296387 0.0594890509631401 0.326536151343706 0.701646093277582 0.633298430168548 0 0 0 0 0 0
-796.274549393999 1051.69808517848 -100.355779513961 0.86454238732676 -0.071970524579541 -0.497379838862707 0.420092812140532 0.646708178503824 0.636624348453722 0 0 0 0 0 0
-795.876577948164 1051.82210388115 -100.07031943753 0.149515762468591 0.378041548053331 -0.913635389375257 0.442392559223881 0.800796942811323 0.403748783189973 0 0 0 0 0 0
-885.044428153016 66.0089406073737 682.030402377766 -0.907102795302111 -0.414559968949601 0.0728323478929712 0.307061530395769 -0.770116762609707 -0.559136287946465 0 0 0 0 0 0
-884.903536090478 65.5103829896746 682.096613103761 -0.751089495828433 0.158727972941727 -0.640835392173373 0.358764519273628 -0.716709095284642 -0.598010110655859 0 0 0 0 0 0
-884.873670104653 65.0487850453289 681.812504526071 -0.39950184717632 0.709605522350734 -0.580394931707756 0.334928381642718 -0.47636545861056 -0.81295690476983 0 0 0 0 0 0
-884.962863346497 64.808632952308 681.365700709272 0.171369505646874 0.916557412146584 -0.361323958205795 0.167035334073557 -0.388469854520008 -0.90619554694345 0 0 0 0 0 0
-885.116445329327 64.799659122681 680.920032302173 0.93084679652476 0.364774829712283 0.0215305598619214 0.178692026101199 -0.403014418694368 -0.897579265654176 0 0 0 0 0 0
-885.059211328308 64.9002741650852 680.442419586406 0.89609493170815 -0.358526626606297 0.26167256520559 0.0967812315971462 -0.417527701947247 -0.903495440673162 0 0 0 0 0 0
-884.762731966091 64.9523007220112 679.953569342965 0.495786917450102 -0.738591200080022 0.45681327875805 0.335536265502788 -0.322253721565951 -0.885193737816382 0 0 0 0 0 0
-884.348089526043 64.8685354536778 679.641210476784 -0.226026161448241 -0.891496360619543 0.392614840961322 0.429192669888775 -0.452955167647553 -0.78142515202361 0 0 0 0 0 0
-884.049447406948 64.5835009168539 679.307221209717 -0.707714722469263 -0.616842224221476 0.344449621886505 0.0742192236846935 -0.549759350410965 -0.832019328784708 0 0 0 0 0 0
-883.871538159271 64.1834990929843 679.130171358506 -0.973542921445113 -0.00343262875852637 -0.228478439166412 0.200122544802988 -0.495439496909464 -0.845275500629039 0 0 0 0 0 0
-883.841135429038 64.1991405706998 679.876728784375 -0.846684258655457 -0.530963762679358 0.0346878778024528 0.305649604305327 -0.538685493012344 -0.785109074591579 0 0 0 0 0 0
-883.74953942692 63.7606124306411 679.691859820278 -0.897024439549352 0.0243963054688821 -0.441307121096681 0.344495958665579 -0.586933757533856 -0.732687722519132 0 0 0 0 0 0
-883.764758446982 63.2750343212689 679.449197698184 -0.599906479525732 0.560039105306822 -0.571374147428965 0.274692457544663 -0.526567765087401 -0.804531194260939 0 0 0 0 0 0
-883.8884596763 62.8541900129676 679.115681287897 -0.155283347164793 0.848895483438351 -0.505236123304011 0.134542196259699 -0.488500907179498 -0.862128332158516 0 0 0 0 0 0
-884.224875154221 62.6933385102851 678.655304551355 0.488150816410457 0.76997220031011 -0.410915552379576 0.0272364912970552 -0.484033893038058 -0.874625270577204 0 0 0 0 0 0
-885.193923750229 61.8492317671208 679.196619780983 -0.398486604311705 -0.325627393872994 0.857423598079508 -0.588564923600518 -0.62619183256934 -0.511346379209405 0 0 0 0 0 0
-885.295816585168 61.3981707389927 679.105970861395 -0.674110567794969 0.261223874120037 0.690895817020818 -0.616242347123049 -0.714579014163644 -0.331092437438837 0 0 0 0 0 0
-885.418671437071 60.907307398649 679.300500088715 -0.80950643088945 0.585471942660535 0.04383996699274 -0.517477730560951 -0.676231742079107 -0.524335226146541 0 0 0 0 0 0
-885.88196849963 60.558873931134 679.442482903657 -0.452041947001869 0.625911438237022 -0.635525726965339 -0.469277744132744 -0.772782611341955 -0.427300169048869 0 0 0 0 0 0
-886.350983754209 60.2993655518514 679.346669930719 0.0555250513751884 0.51826386201187 -0.853416391922679 -0.578375545920403 -0.680030363818945 -0.450600080077168 0 0 0 0 0 0
-1064.2190421061 482.968363424806 1218.05252710036 -0.163562199989702 0.980268109083322 0.111003788443175 0.437643726591836 0.172939742174853 -0.882360365242743 0 0 0 0 0 0
-1064.35026086159 483.066636780802 1217.58824309409 0.639890607677744 0.703366314564045 0.309541334465045 0.319225366888935 0.123109025371127 -0.939648515673172 0 0 0 0 0 0
-1064.45980432731 483.372251345978 1217.28200972395 0.967868335821827 -0.201704893292426 0.150153323424351 0.134020180373398 -0.0914684806640524 -0.986748249705917 0 0 0 0 0 0
-1064.22078725521 483.469170091483 1216.84767653893 0.588302396977295 -0.751591444637556 0.29834642625378 0.365446499888712 -0.0820093585606479 -0.927212662137204 0 0 0 0 0 0
-1063.75564247563 483.561687165601 1216.5886749127 -0.0453132735503349 -0.993161723699411 0.107594134684782 0.494421875878192 -0.115884644605236 -0.861462569005646 0 0 0 0 0 0
-1063.24608827215 483.432701679812 1216.39251028117 -0.601446067113317 -0.718985067652943 -0.348314657811032 0.546058753554506 -0.0517143875654338 -0.836149185125018 0 0 0 0 0 0
-1062.81025965271 482.960985714838 1215.86974484265 -0.186089162780942 -0.975398219115811 0.118191106438651 0.191344050344226 -0.153966032253845 -0.969371917949904 0 0 0 0 0 0
-1062.56834253406 482.630952529157 1215.58131691878 -0.926789143404153 -0.341353391035258 -0.1566516712229 0.262397706098614 -0.290069227855141 -0.920329988040001 0 0 0 0 0 0
-1062.51061970217 482.246214714943 1215.28779719999 -0.751343590845657 0.533982224896863 -0.387744493177337 0.276310376282401 -0.279024312005109 -0.919672772929999 0 0 0 0 0 0
-1062.71224645633 481.91566961252 1214.90784813445 -0.117748145574528 0.950266895921584 -0.288319615581942 0.18192727025181 -0.264783034450327 -0.946991242306919 0 0 0 0 0 0
-1062.8146854482 481.87202010806 1214.36431618306 0.333944120086311 0.937069577128171 0.101891767482025 0.373675094877074 -0.0323705718324913 -0.926994643753591 0 0 0 0 0 0
-1062.68263603762 481.990877810107 1213.87090031429 0.522750884149131 0.723310382692878 0.451169151660421 0.628354952377452 0.0307329387237812 -0.777319458331084 0 0 0 0 0 0
-1063.42996257663 481.367142743829 1213.46790271339 -0.132027067959424 0.608952222093762 -0.782141959322671 -0.91379798736298 0.230988885853326 0.334091862971259 0 0 0 0 0 0
-1063.84316065685 481.682952796556 1213.59690905498 0.325541745854491 0.577057127128139 -0.749017785994851 -0.86401957626857 0.503309534043089 0.0122345725716083 0 0 0 0 0 0
-1064.11654567163 482.108566626314 1213.71516936491 0.110183589106446 0.0928396212925246 -0.989565753959727 -0.81215286946691 0.582345652546829 -0.0357946584907879 0 0 0 0 0 0
-1064.28193881047 482.488017289243 1213.48486252629 -0.411089374192963 -0.701318753209327 -0.582372331779725 -0.813876593373816 0.570127762671859 -0.112067948089598 0 0 0 0 0 0
-1064.62715768788 482.704691902508 1213.20139767145 -0.340304439115223 -0.939037194632481 -0.0490105684034986 -0.900064678267256 0.34038109546606 -0.272074042835745 0 0 0 0 0 0
-1064.99816208859 482.720749512753 1212.83009374949 -0.370851050239436 -0.600686306972512 0.708269340824543 -0.917707762459543 0.120079960877984 -0.378673032730138 0 0 0 0 0 0
-1065.36026921515 482.412487388178 1212.59438070966 -0.282105147824411 0.142088002013308 0.948803291127741 -0.959382927475719 -0.0428540029439119 -0.278833163199433 0 0 0 0 0 0
-1065.77964382255 482.135816205999 1212.55664238168 -0.21369420387693 0.738029687846231 0.640036691984921 -0.955104941130457 -0.0202162106906706 -0.295577157868292 0 0 0 0 0 0
-1181.80743989191 242.292947399961 1183.97823763553 -0.661044896894152 0.43687090329869 -0.610052012652354 -0.608481914150486 0.163621630547524 0.776516401738386 0 0 0 0 0 0
-1181.99414122663 242.694722307224 1184.25970011049 -0.811419394040214 -0.253785212325024 -0.526489917263906 -0.583995415283995 0.315973360641094 0.747736711879554 0 0 0 0 0 0
-1182.36524123461 242.989027785108 1184.41648047332 -0.504582835770705 -0.861518539942964 -0.0564089281952496 -0.602719403496527 0.30471945748817 0.737479066060119 0 0 0 0 0 0
-1182.87199079851 243.083732418078 1184.58240807831 0.0927807267640271 -0.962993739874145 0.253050970565903 -0.553449422709962 0.161390110232296 0.817096670425977 0 0 0 0 0 0
-1183.32464804764 242.986337091563 1184.89595527289 0.671105118868008 -0.667857299887691 0.321845531918466 -0.495693046942811 -0.0814107416625394 0.864673750240232 0 0 0 0 0 0
-1183.64257359639 242.688543933435 1185.24067822333 0.953586986447851 -0.046005299686189 0.297582545990335 -0.300619115100696 -0.0886034203365896 0.94961970363969 0 0 0 0 0 0
-1183.7321916542 242.341668766248 1185.60161050486 0.655568964874976 0.678816811289335 0.330812740086793 -0.419817485641894 -0.0365136533691767 0.906873768430289 0 0 0 0 0 0
-1183.78140596553 242.327362508858 1186.09251934758 0.42049908639575 0.906973700522817 0.024067091645801 -0.444610781719606 0.182866371129846 0.876858679086022 0 0 0 0 0 0
-1183.75364693935 242.376487629737 1186.74108943876 0.0560139902099525 0.980120654212496 -0.190331122223423 -0.452741874418671 0.194839007636508 0.870093418117325 0 0 0 0 0 0
-1183.52000662152 242.55782564804 1187.12268264751 -0.677286468834845 0.693757254508106 -0.244916130441835 -0.160098787039613 0.185938784652839 0.969430320729794 0 0 0 0 0 0
-1183.40650242073 242.890312748149 1187.54046669324 -0.937474816582454 0.283850509240986 -0.20141960350802 -0.106584382827987 0.316774089963803 0.942493472266403 0 0 0 0 0 0
-1183.45071985701 243.183609386641 1188.04190163944 -0.962188181375235 -0.122165674044073 -0.243453181756114 -0.266527762008806 0.237900051057485 0.934005630489144 0 0 0 0 0 0
-1183.5986451305 243.662862790096 1188.33263682811 -0.669853206763212 -0.732933375238964 0.118765941455718 -0.417399967051107 0.504003730872076 0.756146484996633 0 0 0 0 0 0
-1184.0576363989 243.798972229533 1188.41867498348 0.00079287016529992 -0.798642732504648 0.601804916209905 -0.452513069653607 0.536377795284997 0.712411947203214 0 0 0 0 0 0
-1184.46297818216 243.934697023965 1188.73929181277 0.61134332026794 -0.567589367196713 0.55145412774682 -0.423646562153115 0.353847078571425 0.833856003973297 0 0 0 0 0 0
-1184.83499649727 243.817881334685 1189.10950065715 0.911712739586072 0.0734885729607137 0.40420206595298 -0.397982585705628 0.402093956758692 0.824578869128479 0 0 0 0 0 0
-1184.91487245231 243.800290314826 1189.61880621578 0.770895878029754 0.628151078466773 -0.105573518733469 -0.234335036155652 0.433807666204559 0.869998850328024 0 0 0 0 0 0
-1184.65368649673 243.790093494377 1190.08781861358 0.383281765011498 0.873767747426248 -0.29937436791972 -0.203204513985982 0.395957827936634 0.89550283304489 0 0 0 0 0 0
-1184.36660336364 244.049166996127 1190.54187249337 -0.191729342686369 0.841659778506253 -0.504825391990001 -0.132104805246382 0.487555730125057 0.863039819737791 0 0 0 0 0 0
-1184.09809389521 244.354582111963 1190.86198744506 -0.844972064958651 0.384263477946563 -0.371972833626228 -0.0930090346338549 0.579340343490185 0.809761746368124 0 0 0 0 0 0
