#id1 id2 FENE BEXC STCK NEXC HB CRSTCK CXSTCK total, t = 100000
0 1 0.0254649 0 -1.07977 0 0 0 0 -1.05431
1 2 0.149421 0 -1.11441 0 0 0 0 -0.96499
2 3 0.0760982 0 -1.32712 0 0 0 0 -1.25102
3 4 0.0140503 0 -1.19055 0 0 0 0 -1.1765
4 5 0.0953407 0 -1.29081 0 0 0 0 -1.19547
5 6 0.00830059 0 -1.11549 0 0 0 0 -1.10719
6 7 0.0720143 0 -1.09653 0 0 0 0 -1.02451
7 8 0.0131458 0 -1.37132 0 0 0 0 -1.35818
8 9 0.0641164 0 -1.08349 0 0 0 0 -1.01937
9 10 7.75562e-05 0 -1.0304 0 0 0 0 -1.03032
10 11 0.0235351 0 -1.41596 0 0 0 0 -1.39242
11 12 0.0554216 0 -1.2779 0 0 0 0 -1.22248
12 13 0.00127169 0 -1.19726 0 0 0 0 -1.19599
13 14 0.217144 0 -1.10781 0 0 0 0 -0.890662
14 15 0.00169028 0 -1.23093 0 0 0 0 -1.22924
15 16 0.0027974 0.351669 -0.55673 0 0 0 0 -0.202263
16 17 0.00470081 0 -1.28164 0 0 0 0 -1.27694
17 18 0.00417638 0 -1.12836 0 0 0 0 -1.12419
18 19 0.00165206 0 -1.29847 0 0 0 0 -1.29682
20 21 0.0492455 0 -1.0699 0 0 0 0 -1.02066
21 22 0.0264121 0 0 0 0 0 0 0.0264121
22 23 0.0772211 0 -0.919937 0 0 0 0 -0.842716
23 24 0.000502286 0 -1.3157 0 0 0 0 -1.3152
24 25 0.0380987 0 -1.15959 0 0 0 0 -1.12149
25 26 0.00269491 0 0 0 0 0 0 0.00269491
26 27 0.0241691 0 -0 0 0 0 0 0.0241691
27 28 0.124844 0 -0.938794 0 0 0 0 -0.81395
28 29 0.0144486 0 -1.08755 0 0 0 0 -1.07311
29 30 0.0112456 0 -1.26411 0 0 0 0 -1.25287
30 31 0.0150913 0 -1.27119 0 0 0 0 -1.2561
31 32 0.369032 0 -0.980651 0 0 0 0 -0.611619
32 33 0.274359 0 -1.30325 0 0 0 0 -1.02889
33 34 0.0323156 0 -1.00825 0 0 0 0 -0.97593
34 35 0.0351101 0 -0.945668 0 0 0 0 -0.910558
35 36 0.0474269 0 -1.36519 0 0 0 0 -1.31776
36 37 0.0616479 0 -1.18521 0 0 0 0 -1.12357
37 38 0.00298408 0 -1.35002 0 0 0 0 -1.34704
38 39 0.0164639 0 -1.39254 0 0 0 0 -1.37608
40 41 0.0033221 0 -1.0813 0 0 0 0 -1.07797
41 42 0.0139223 0 0 0 0 0 0 0.0139223
42 43 0.0588994 0 -1.39471 0 0 0 0 -1.33581
43 44 0.129771 0 -0.744421 0 0 0 0 -0.614649
44 45 0.168169 0 -1.13987 0 0 0 0 -0.971702
45 46 0.0069366 0 -1.23351 0 0 0 0 -1.22657
46 47 2.7491e-06 0 -1.26953 0 0 0 0 -1.26953
47 48 0.000438017 0 -1.20134 0 0 0 0 -1.20091
48 49 0.00865387 0 0 0 0 0 0 0.00865387
49 50 0.0859342 0 -0.969194 0 0 0 0 -0.88326
50 51 0.00663476 0 -1.12756 0 0 0 0 -1.12092
51 52 0.0022485 0 -1.31052 0 0 0 0 -1.30828
52 53 0.152089 0 -1.3708 0 0 0 0 -1.21871
53 54 0.0309023 0 -1.26864 0 0 0 0 -1.23773
54 55 0.0530286 0 -1.31128 0 0 0 0 -1.25825
55 56 0.137595 0 -1.25133 0 0 0 0 -1.11374
56 57 0.0154066 0 -1.23624 0 0 0 0 -1.22083
57 58 0.0464961 0 -1.31411 0 0 0 0 -1.26761
58 59 0.0183293 0 -1.23744 0 0 0 0 -1.21911
60 61 0.168121 0 -0.933914 0 0 0 0 -0.765793
61 62 0.0259351 0 -0.81053 0 0 0 0 -0.784594
62 63 0.0185665 0 0 0 0 0 0 0.0185665
63 64 0.0392591 0 -0.947404 0 0 0 0 -0.908145
64 65 0.035325 0 -1.11193 0 0 0 0 -1.0766
65 66 0.0725355 0 -1.11079 0 0 0 0 -1.03825
66 67 0.0125401 0 -1.19758 0 0 0 0 -1.18504
67 68 0.162475 0 -1.01327 0 0 0 0 -0.8508
68 69 0.228217 0 -1.1125 0 0 0 0 -0.884286
69 70 0.0535073 0 -1.07169 0 0 0 0 -1.01818
70 71 0.00171521 0 -0.688049 0 0 0 0 -0.686334
71 72 0.00769674 0 -1.04295 0 0 0 0 -1.03526
72 73 3.50771e-06 0 -1.25304 0 0 0 0 -1.25303
73 74 0.0845786 0 -0.929166 0 0 0 0 -0.844587
74 75 0.00239413 0 -1.30431 0 0 0 0 -1.30191
75 76 0.0322738 0 -0.998597 0 0 0 0 -0.966323
76 77 0.00700795 0 -1.0801 0 0 0 0 -1.07309
77 78 0.00507938 0 -0.947961 0 0 0 0 -0.942882
78 79 0.00158379 0 -1.30113 0 0 0 0 -1.29954
80 81 0.0114163 0 -1.38628 0 0 0 0 -1.37486
81 82 0.103708 0 -1.20987 0 0 0 0 -1.10616
82 83 0.00247267 0 -1.23131 0 0 0 0 -1.22884
83 84 0.0073915 0 -0.990882 0 0 0 0 -0.983491
84 85 0.0347478 0 -1.18522 0 0 0 0 -1.15047
85 86 0.0083591 0 -1.13995 0 0 0 0 -1.13159
86 87 0.0886371 0 -1.273 0 0 0 0 -1.18436
87 88 0.000636768 0 -1.34767 0 0 0 0 -1.34704
88 89 0.0841451 0 -1.2201 0 0 0 0 -1.13596
89 90 0.00373862 0 -1.35968 0 0 0 0 -1.35594
90 91 0.00952201 0 -0.922682 0 0 0 0 -0.91316
89 92 0 0 0 0 0 -0.148382 0 -0.148382
88 92 0 0 0 0 -0.710598 0 -0 -0.710598
87 92 0 0 0 0 0 -0.0845388 0 -0.0845388
91 92 0.0626913 0 0 0 0 0 0 0.0626913
88 93 0 0 0 0 0 -0.177068 0 -0.177068
87 93 0 0 0 0 -0.322286 0 -0 -0.322286
86 93 0 0 0 0 -0 -0.0289669 -0 -0.0289669
92 93 0.147668 0 -1.05704 0 0 0 0 -0.909376
88 94 0 0 0 0 -0 -0.0279368 0 -0.0279368
87 94 0 0 0 0 0 -0.000163355 0 -0.000163355
86 94 0 0 0 0 0 -0.0123048 0 -0.0123048
93 94 0.00812308 0 -0 0 0 0 0 0.00812308
87 95 0 0 0 0 -0 -0.156565 0 -0.156565
86 95 0 0 0 0 -0.649397 0 -0 -0.649397
93 95 0 0 0 0 0 -0 -0.0416747 -0.0416747
85 95 0 0 0 0 0 -0.148213 0 -0.148213
94 95 0.0589076 0 -0.976876 0 0 0 0 -0.917968
86 96 0 0 0 0 0 -0.155764 0 -0.155764
85 96 0 0 0 0 -0.607274 0 -0 -0.607274
84 96 0 0 0 0 -0 -0.196991 0 -0.196991
95 96 0.0238297 0 -1.16367 0 0 0 0 -1.13985
83 97 0 0 0 0 0 -0.0234606 0 -0.0234606
96 97 0.0100758 0 -0.368116 0 0 0 0 -0.35804
83 98 0 0 0 0 -0.633564 0 -0 -0.633564
82 98 0 0 0 0 0 -0.175648 0 -0.175648
97 98 0.140991 0 -1.34377 0 0 0 0 -1.20278
83 99 0 0 0 0 0 -0.154139 0 -0.154139
82 99 0 0 0 0 -0.794229 0 -0 -0.794229
81 99 0 0 0 0 0 -0.0929753 0 -0.0929753
98 99 0.0543148 0 -1.11466 0 0 0 0 -1.06034
100 101 0.0998379 0 -1.38476 0 0 0 0 -1.28492
101 102 0.00588801 0 -1.25088 0 0 0 0 -1.24499
102 103 0.00659834 0 -0.934189 0 0 0 0 -0.927591
103 104 0.000333494 0 -1.22589 0 0 0 0 -1.22555
104 105 0.0136043 0 -1.28921 0 0 0 0 -1.2756
105 106 0.0062749 0 -1.2935 0 0 0 0 -1.28722
106 107 0.13809 0 -0.947318 0 0 0 0 -0.809228
107 108 0.00507724 0 -1.25023 0 0 0 0 -1.24515
108 109 0.00104902 0 -1.28488 0 0 0 0 -1.28384
109 110 0.0476446 0 -1.28739 0 0 0 0 -1.23974
110 111 0.0599931 0 -1.2663 0 0 0 0 -1.20631
111 112 4.79072e-07 0 -1.16418 0 0 0 0 -1.16418
112 113 0.156182 0 -1.25299 0 0 0 0 -1.0968
113 114 0.0464543 0 -1.03688 0 0 0 0 -0.990424
114 115 0.013423 0 -1.33988 0 0 0 0 -1.32645
115 116 0.00169413 0 -1.082 0 0 0 0 -1.08031
116 117 0.123505 0 -1.06094 0 0 0 0 -0.937436
117 118 0.000230423 0 -1.17997 0 0 0 0 -1.17974
118 119 0.000191236 0 -0.881735 0 0 0 0 -0.881543
120 121 0.0937045 0 -1.05081 0 0 0 0 -0.95711
121 122 0.129678 0 -0.739662 0 0 0 0 -0.609985
122 123 0.0398044 0 0 0 0 0 0 0.0398044
123 124 0.0113658 0 -0.969137 0 0 0 0 -0.957771
124 125 0.00117149 0 -1.22574 0 0 0 0 -1.22456
125 126 0.105559 0 -0.852938 0 0 0 0 -0.747379
126 127 0.0138847 0 -1.31471 0 0 0 0 -1.30082
127 128 0.013672 0 -1.33764 0 0 0 0 -1.32397
128 129 0.000619054 0 -0.954997 0 0 0 0 -0.954378
129 130 0.0800823 0 -1.38975 0 0 0 0 -1.30967
130 131 0.036263 0 -1.02684 0 0 0 0 -0.990573
131 132 0.179027 0 -1.31849 0 0 0 0 -1.13947
132 133 0.0176746 0 -1.1816 0 0 0 0 -1.16393
133 134 0.00412227 0 -0.899898 0 0 0 0 -0.895776
134 135 0.0111899 0 -1.18711 0 0 0 0 -1.17592
133 136 0 0 0 0 -0 -0.0441043 0 -0.0441043
132 136 0 0 0 0 -0.596927 0 -0 -0.596927
131 136 0 0 0 0 0 -0.0952387 0 -0.0952387
135 136 0.00466911 0 0 0 0 0 0 0.00466911
132 137 0 0 0 0 0 -0.154531 -0 -0.154531
131 137 0 0 0 0 -0.796025 0 -0 -0.796025
130 137 0 0 0 0 0 -0.104154 0 -0.104154
136 137 0.0212515 0 -1.00265 0 0 0 0 -0.981401
131 138 0 0 0 0 0 -0.072335 0 -0.072335
130 138 0 0 0 0 -0.74717 0 -0 -0.74717
129 138 0 0 0 0 0 -0.141766 0 -0.141766
137 138 0.035661 0 -0.738822 0 0 0 0 -0.703161
130 139 0 0 0 0 0 -0.117493 0 -0.117493
129 139 0 0 0 0 0 -0.00178634 -0 -0.00178634
128 139 0 0 0 0 0 -0.00302838 0 -0.00302838
138 139 0.00800643 0 -1.33201 0 0 0 0 -1.32401
119 140 0 0 0 0 -0.816693 0 -0 -0.816693
118 140 0 0 0 0 0 -0.0394847 -0 -0.0394847
119 141 0 0 0 0 0 -0.203087 0 -0.203087
118 141 0 0 0 0 -0.444336 0 -0 -0.444336
117 141 0 0 0 0 0 -0.0189939 0 -0.0189939
140 141 0.0354642 0 -1.30857 0 0 0 0 -1.2731
118 142 0 0 0 0 0 -0.0555894 0 -0.0555894
117 142 0 0 0 0 0 -6.46575e-05 -0 -6.46575e-05
116 142 0 0 0 0 0 -0.176086 0 -0.176086
141 142 0.000550328 0 -0.73419 0 0 0 0 -0.73364
117 143 0 0 0 0 0 -0.0519758 0 -0.0519758
116 143 0 0 0 0 -0.740379 0 -0 -0.740379
115 143 0 0 0 0 0 -0.126262 0 -0.126262
142 143 0.0653832 0 -1.17668 0 0 0 0 -1.11129
116 144 0 0 0 0 0 -0.077695 0 -0.077695
114 144 0 0 0 0 0 -0.0776696 0 -0.0776696
143 144 0.00956739 0 -1.28952 0 0 0 0 -1.27996
115 145 0 0 0 0 0 -0.0233144 -0 -0.0233144
144 145 0.0581885 0 -0.942883 0 0 0 0 -0.884694
145 146 0.0188536 0 0 0 0 0 0 0.0188536
146 147 0.0380436 0 -1.17017 0 0 0 0 -1.13213
147 148 0.0581911 0 -1.28523 0 0 0 0 -1.22704
148 149 0.022541 0 -1.05809 0 0 0 0 -1.03554
149 150 0.244318 0 -1.02904 0 0 0 0 -0.784721
150 151 0.0130635 0 -1.01154 0 0 0 0 -0.99848
151 152 0.00084067 0 -1.02277 0 0 0 0 -1.02193
152 153 0.181802 0 -1.00964 0 0 0 0 -0.827839
153 154 0.0818235 0 -1.05447 0 0 0 0 -0.972644
154 155 1.05242e-05 0 -1.04542 0 0 0 0 -1.0454
155 156 0.329523 0 -1.33364 0 0 0 0 -1.00412
156 157 0.00531534 0 -1.40195 0 0 0 0 -1.39664
157 158 0.0177984 0 -1.37483 0 0 0 0 -1.35703
158 159 0.0123542 0 -0.807787 0 0 0 0 -0.795433
160 161 2.13382e-05 0 0 0 0 0 0 2.13382e-05
161 162 0.119135 0 -1.31617 0 0 0 0 -1.19704
162 163 0.244185 0 -1.21858 0 0 0 0 -0.974394
163 164 0.056016 0 -1.15727 0 0 0 0 -1.10126
164 165 0.0560063 0 -1.13455 0 0 0 0 -1.07855
165 166 0.015948 0 0 0 0 0 0 0.015948
166 167 0.0394388 0 -1.29028 0 0 0 0 -1.25084
167 168 6.15784e-06 0 -1.28521 0 0 0 0 -1.28521
168 169 0.264605 0 -1.20485 0 0 0 0 -0.940247
169 170 0.000577258 0 -1.26451 0 0 0 0 -1.26393
170 171 0.00774523 0 -1.20524 0 0 0 0 -1.1975
171 172 0.0144518 0 -1.03591 0 0 0 0 -1.02146
172 173 0.00134869 0 -1.31329 0 0 0 0 -1.31194
173 174 0.125429 0 -1.2472 0 0 0 0 -1.12177
172 175 0 0 0 0 0 -0.125889 -0 -0.125889
171 175 0 0 0 0 -0.657074 0 -0 -0.657074
170 175 0 0 0 0 0 -0.128394 0 -0.128394
174 175 0.123562 0 0 0 0 0 0 0.123562
171 176 0 0 0 0 0 -0.171533 0 -0.171533
170 176 0 0 0 0 -0.762875 0 -0 -0.762875
169 176 0 0 0 0 0 -0.161222 0 -0.161222
175 176 0.0372027 0 -1.13809 0 0 0 0 -1.10088
168 177 0 0 0 0 0 -0.107642 0 -0.107642
170 177 0 0 0 0 0 -0.116445 0 -0.116445
169 177 0 0 0 0 -0.617615 -6.31332e-29 -0 -0.617615
176 177 0.0362107 0 -1.19971 0 0 0 0 -1.16349
168 178 0 0 0 0 -0.562455 0 -0 -0.562455
167 178 0 0 0 0 0 -0.112894 -0 -0.112894
169 178 0 0 0 0 0 -0.122318 0 -0.122318
177 178 0.00647199 0 -1.36549 0 0 0 0 -1.35902
168 179 0 0 0 0 0 -0.0195519 -0 -0.0195519
166 179 0 0 0 0 0 -0.0873718 0 -0.0873718
178 179 0.0128164 0 -1.07676 0 0 0 0 -1.06394
180 181 0.0169353 0 -1.3743 0 0 0 0 -1.35736
181 182 0.0960027 0 -1.16807 0 0 0 0 -1.07206
182 183 0.00588342 0 -1.20383 0 0 0 0 -1.19794
183 184 0.0232755 0 -1.11795 0 0 0 0 -1.09467
184 185 0.00427471 0 -1.28991 0 0 0 0 -1.28563
185 186 0.0768548 0 -1.35007 0 0 0 0 -1.27322
186 187 0.00403432 0 -1.1732 0 0 0 0 -1.16916
187 188 0.00012637 0 -0.896862 0 0 0 0 -0.896735
188 189 3.43339e-06 0 -0.89892 0 0 0 0 -0.898916
189 190 0.0116335 0 -1.29952 0 0 0 0 -1.28789
190 191 0.0227031 0 -1.10566 0 0 0 0 -1.08296
191 192 0.00769319 0 -1.17165 0 0 0 0 -1.16396
192 193 0.0290704 0 -1.09895 0 0 0 0 -1.06988
193 194 0.00986005 0 -1.24359 0 0 0 0 -1.23373
194 195 0.0182956 0 -1.14099 0 0 0 0 -1.12269
195 196 0.0599019 0 -1.30932 0 0 0 0 -1.24942
196 197 0.0504626 0 -1.2292 0 0 0 0 -1.17874
197 198 0.0179291 0 -1.40427 0 0 0 0 -1.38634
198 199 0.010933 0 -1.16385 0 0 0 0 -1.15292
200 201 0.0359529 0 -1.38464 0 0 0 0 -1.34869
201 202 0.0260615 0 -1.2611 0 0 0 0 -1.23504
202 203 0.106989 0 -1.08985 0 0 0 0 -0.982862
203 204 0.0405014 0 -1.17402 0 0 0 0 -1.13351
204 205 0.0128328 0 -1.04798 0 0 0 0 -1.03515
205 206 8.3378e-05 0 -1.3257 0 0 0 0 -1.32562
206 207 0.0194308 0 -1.14691 0 0 0 0 -1.12748
207 208 0.00445671 0 -1.10099 0 0 0 0 -1.09653
208 209 0.0614319 0 -1.28878 0 0 0 0 -1.22734
209 210 1.60383e-05 0 -1.14585 0 0 0 0 -1.14583
207 211 0 0 0 0 0 -0.000485181 0 -0.000485181
210 211 0.0104221 0 -0 0 0 0 0 0.0104221
208 212 0 0 0 0 0 -0.130954 -0 -0.130954
207 212 0 0 0 0 -0 -5.0066e-05 -0 -5.0066e-05
206 212 0 0 0 0 0 -0.183162 0 -0.183162
211 212 0.0534288 0 -1.27428 0 0 0 0 -1.22085
207 213 0 0 0 0 0 -0.139311 0 -0.139311
206 213 0 0 0 0 -0.823646 0 -0 -0.823646
205 213 0 0 0 0 0 -0.121324 0 -0.121324
212 213 0.0093186 0 -1.18812 0 0 0 0 -1.1788
204 214 0 0 0 0 0 -0.0379126 0 -0.0379126
206 214 0 0 0 0 0 -0.115242 0 -0.115242
205 214 0 0 0 0 -0.443969 0 -0 -0.443969
213 214 0.0134605 0 -1.19605 0 0 0 0 -1.18259
204 215 0 0 0 0 -0.613374 0 -0 -0.613374
203 215 0 0 0 0 0 -0.166651 0 -0.166651
205 215 0 0 0 0 0 -0.0290567 -0 -0.0290567
214 215 0.059436 0 -1.19269 0 0 0 0 -1.13326
204 216 0 0 0 0 0 -0.0988367 0 -0.0988367
203 216 0 0 0 0 -0.700665 0 -0 -0.700665
202 216 0 0 0 0 0 -0.0967755 -0 -0.0967755
215 216 0.167103 0 -1.11983 0 0 0 0 -0.952726
203 217 0 0 0 0 0 -0.114067 -0 -0.114067
202 217 0 0 0 0 -0.80406 0 -0 -0.80406
201 217 0 0 0 0 0 -0.11215 -0 -0.11215
216 217 0.0472608 0 -1.17676 0 0 0 0 -1.1295
202 218 0 0 0 0 0 -0.171589 0 -0.171589
201 218 0 0 0 0 -0.772179 0 -0 -0.772179
200 218 0 0 0 0 0 -0.173436 0 -0.173436
217 218 0.0188201 0 -1.15702 0 0 0 0 -1.1382
201 219 0 0 0 0 0 -0.131723 -0 -0.131723
200 219 0 0 0 0.000776588 0 0 -0 0.000776588
218 219 0.0360205 0 -1.07313 0 0 0 0 -1.03711
220 221 0.0150395 0 -1.32735 0 0 0 0 -1.31231
221 222 0.00423985 0 -0.956371 0 0 0 0 -0.952131
222 223 0.00629308 0 -1.13291 0 0 0 0 -1.12661
223 224 0.117929 0 -0.947976 0 0 0 0 -0.830047
224 225 0.0115899 0 -1.21868 0 0 0 0 -1.20709
225 226 0.00630893 0 -0.918326 0 0 0 0 -0.912017
226 227 0.29065 0 -1.24716 0 0 0 0 -0.956511
227 228 0.0604695 0 -0.818792 0 0 0 0 -0.758323
228 229 0.0353872 0 -1.35683 0 0 0 0 -1.32144
229 230 0.0444717 0 -1.1837 0 0 0 0 -1.13923
230 231 0.0571227 0 -1.19945 0 0 0 0 -1.14233
231 232 0.000749388 0 -1.24102 0 0 0 0 -1.24027
232 233 0.122623 0 -1.07056 0 0 0 0 -0.947939
233 234 0.068895 0 -1.4192 0 0 0 0 -1.3503
234 235 0.017283 0 -1.31674 0 0 0 0 -1.29945
235 236 0.0363591 0 -1.15852 0 0 0 0 -1.12216
236 237 0.00250172 0 -1.1971 0 0 0 0 -1.1946
237 238 0.0212109 0 -1.20407 0 0 0 0 -1.18286
238 239 0.0264854 0 0 0 0 0 0 0.0264854
240 241 0.000186784 0 -0.739039 0 0 0 0 -0.738852
241 242 0.0166056 0 -1.31083 0 0 0 0 -1.29423
242 243 0.0338167 0 -1.3272 0 0 0 0 -1.29339
243 244 0.00281379 0 -0.896814 0 0 0 0 -0.894
244 245 0.00750118 0 -1.34013 0 0 0 0 -1.33263
245 246 0.000132875 0 -1.06785 0 0 0 0 -1.06771
246 247 0.107746 0 -1.07166 0 0 0 0 -0.963914
247 248 0.0509379 0 -1.24453 0 0 0 0 -1.1936
248 249 0.00139444 0 0 0 0 0 0 0.00139444
249 250 0.0119619 0 -1.15569 0 0 0 0 -1.14372
250 251 0.0107465 0 -0.960149 0 0 0 0 -0.949403
251 252 0.0358323 0 -1.23422 0 0 0 0 -1.19839
252 253 0.0101892 0 -1.23918 0 0 0 0 -1.22899
253 254 0.0549388 0 -1.18834 0 0 0 0 -1.1334
254 255 0.0450712 0 -1.37695 0 0 0 0 -1.33188
255 256 0.0018357 0 -1.15313 0 0 0 0 -1.15129
256 257 0.00750025 0 0 0 0 0 0 0.00750025
257 258 0.0139753 0 -1.24732 0 0 0 0 -1.23334
258 259 0.0319571 0 -1.01448 0 0 0 0 -0.982526
260 261 0.223651 0 -1.33991 0 0 0 0 -1.11626
261 262 0.0392808 0 -1.13306 0 0 0 0 -1.09378
262 263 0.00114004 0 -0.906958 0 0 0 0 -0.905817
263 264 0.0093426 0 -1.32252 0 0 0 0 -1.31318
264 265 0.00918702 0 -0.798818 0 0 0 0 -0.789631
265 266 0.0285344 0 -1.08447 0 0 0 0 -1.05593
266 267 0.0663178 0 -1.09319 0 0 0 0 -1.02687
267 268 0.00895629 0 -1.20056 0 0 0 0 -1.1916
268 269 0.0151424 0 -1.00569 0 0 0 0 -0.990547
269 270 0.0317924 0 -0.991148 0 0 0 0 -0.959355
270 271 0.108285 0 -1.23545 0 0 0 0 -1.12717
271 272 0.0436873 0 -1.25835 0 0 0 0 -1.21466
272 273 0.0224613 0 -1.1794 0 0 0 0 -1.15694
273 274 0.328717 0 -1.33696 0 0 0 0 -1.00825
274 275 0.0389319 0 -1.15555 0 0 0 0 -1.11662
275 276 0.000456688 0 -1.13358 0 0 0 0 -1.13312
276 277 0.0115726 0 -0.995069 0 0 0 0 -0.983497
277 278 0.00508011 0 -1.06731 0 0 0 0 -1.06223
278 279 0.233787 0 -1.04673 0 0 0 0 -0.812945
280 281 0.000280738 0 -1.20592 0 0 0 0 -1.20564
281 282 0.00344569 0 -1.28797 0 0 0 0 -1.28453
282 283 0.00641659 0 -1.08892 0 0 0 0 -1.08251
283 284 0.00815622 0 -1.19288 0 0 0 0 -1.18473
284 285 0.00523399 0 -1.21794 0 0 0 0 -1.21271
283 286 0 0 0 0 0 -0.00353932 -0 -0.00353932
282 286 0 0 0 0 0 -0.135617 0 -0.135617
285 286 0.00479715 0 -0 0 0 0 0 0.00479715
283 287 0 0 0 0 0 -0.191468 0 -0.191468
282 287 0 0 0 0 -0.634041 0 -0 -0.634041
281 287 0 0 0 0 0 -0.127827 -0 -0.127827
286 287 0.000173875 0 -1.3581 0 0 0 0 -1.35792
282 288 0 0 0 0 0 -0.1727 0 -0.1727
281 288 0 0 0 0 -0.712116 0 -0 -0.712116
280 288 0 0 0 0 0 -0.180036 0 -0.180036
287 288 0.157034 0 -1.03126 0 0 0 0 -0.874224
281 289 0 0 0 0 0 -0.138109 0 -0.138109
280 289 0 0 0 0 -0.472726 0 -0 -0.472726
288 289 0.0188858 0 -1.25479 0 0 0 0 -1.2359
280 290 0 0 0 0 0 -0.158454 0 -0.158454
289 290 0.0177145 0 -1.12655 0 0 0 0 -1.10884
290 291 0.0173735 0 -1.16047 0 0 0 0 -1.1431
291 292 0.0666078 0 -1.15779 0 0 0 0 -1.09118
292 293 0.00552173 0 0 0 0 0 0 0.00552173
293 294 0.0791784 0 -1.35342 0 0 0 0 -1.27424
259 295 0 0 0 0 0 -0.0512538 0 -0.0512538
294 295 0.0918081 0 -1.13936 0 0 0 0 -1.04756
259 296 0 0 0 0 -0.827479 0 -0 -0.827479
258 296 0 0 0 0 0 -0.0379132 -0 -0.0379132
295 296 0.00855491 0 -1.15198 0 0 0 0 -1.14342
259 297 0 0 0 0 0 -0.119301 0 -0.119301
258 297 0 0 0 0 -0.727211 0 -0 -0.727211
257 297 0 0 0 0 0 -0.10926 -0 -0.10926
296 297 0.000665374 0 -1.1337 0 0 0 0 -1.13303
258 298 0 0 0 0 0 -0.17071 0 -0.17071
257 298 0 0 0 0 -0.762188 0 -0 -0.762188
297 298 0.0143776 0 -1.15695 0 0 0 0 -1.14257
257 299 0 0 0 0 0 -0.150998 -0 -0.150998
298 299 0.0306978 0 -1.32374 0 0 0 0 -1.29304
300 301 0.0508043 0 -1.2727 0 0 0 0 -1.2219
301 302 0.0254573 0 -1.06628 0 0 0 0 -1.04082
302 303 0.000209862 0 -1.23824 0 0 0 0 -1.23803
303 304 0.0444575 0 -1.22025 0 0 0 0 -1.17579
304 305 1.56158e-06 0 -1.18851 0 0 0 0 -1.18851
305 306 0.00700809 0 -1.38278 0 0 0 0 -1.37577
306 307 0.0185678 0 -1.16141 0 0 0 0 -1.14284
307 308 0.0395592 0 -1.04886 0 0 0 0 -1.0093
308 309 0.0348044 0 -1.23571 0 0 0 0 -1.20091
309 310 0.0262685 0 -1.33301 0 0 0 0 -1.30675
310 311 0.0939749 0 0 0 0 0 0 0.0939749
311 312 0.000611192 0 -1.38452 0 0 0 0 -1.38391
312 313 0.00407748 0 -1.3043 0 0 0 0 -1.30023
307 314 0 0 0 0 0 -0.00434152 -0 -0.00434152
306 314 0 0 0 0 0 -0.0843285 0 -0.0843285
313 314 0.09892 0 -1.26817 0 0 0 0 -1.16925
307 315 0 0 0 0 0 -0.0358735 0 -0.0358735
306 315 0 0 0 0 0 -0.000159238 -0 -0.000159238
305 315 0 0 0 0 0 -0.164038 0 -0.164038
314 315 0.00485392 0 -0.780532 0 0 0 0 -0.775678
306 316 0 0 0 0 0 -0.0993204 0 -0.0993204
305 316 0 0 0 0 -0.859455 0 -0 -0.859455
304 316 0 0 0 0 -2.0266e-29 -0.169811 0 -0.169811
315 316 0.0630291 0 -1.31878 0 0 0 0 -1.25575
305 317 0 0 0 0 -0 -0.138426 0 -0.138426
304 317 0 0 0 0 -0.726888 0 -0 -0.726888
303 317 0 0 0 0 -1.9601e-16 -0.0010812 -0 -0.0010812
316 317 0.00066248 0 -1.3198 0 0 0 0 -1.31913
304 318 0 0 0 0 0 -0.133807 -0 -0.133807
302 318 0 0 0 0 0 -0.17965 0 -0.17965
317 318 0.00462386 0 -0.73211 0 0 0 0 -0.727486
303 319 0 0 0 0 -0 -0.169312 0 -0.169312
302 319 0 0 0 0 -0.784326 0 -0 -0.784326
301 319 0 0 0 0 0 -0.111815 0 -0.111815
318 319 2.5079e-05 0 -1.17379 0 0 0 0 -1.17376
320 321 0.0226712 0 -1.38153 0 0 0 0 -1.35886
321 322 0.00186495 0 -1.042 0 0 0 0 -1.04013
322 323 0.0838033 0 -1.3898 0 0 0 0 -1.30599
323 324 0.0949206 0 -0.952301 0 0 0 0 -0.85738
324 325 0.000253822 0 -1.29722 0 0 0 0 -1.29696
325 326 0.00456413 0 -0.823612 0 0 0 0 -0.819048
326 327 0.0204116 0 -1.21662 0 0 0 0 -1.19621
327 328 0.0206653 0 -1.26602 0 0 0 0 -1.24536
328 329 0.0415723 0 0 0 0 0 0 0.0415723
329 330 1.72014e-05 0 -1.01233 0 0 0 0 -1.01231
19 331 0 0 0 0 0 -0.0979718 0 -0.0979718
330 331 0.01318 0 -0.920171 0 0 0 0 -0.906991
19 332 0 0 0 0 -0.637087 0 -0 -0.637087
18 332 0 0 0 0 0 -0.202613 0 -0.202613
331 332 0.166192 0 -1.2399 0 0 0 0 -1.07371
19 333 0 0 0 0 0 -0.176206 0 -0.176206
18 333 0 0 0 0 -0.795859 0 -0 -0.795859
17 333 0 0 0 0 0 -0.169029 0 -0.169029
332 333 0.00734846 0 -1.07323 0 0 0 0 -1.06589
18 334 0 0 0 0 0 -0.0782049 -0 -0.0782049
16 334 0 0 0 0 -0 -0.0501905 -0 -0.0501905
15 334 0 0 0 0 0 -0.00175192 0 -0.00175192
333 334 0.0235815 0 -1.14384 0 0 0 0 -1.12026
17 335 0 0 0 0 0 -0.134542 0 -0.134542
16 335 0 0 0 0 -0.656554 0 -0 -0.656554
14 335 0 0 0 0 0 -0.00310998 0 -0.00310998
334 335 0.000400014 0 -1.2612 0 0 0 0 -1.2608
16 336 0 0 0 0 0 -0.0806224 0 -0.0806224
13 336 0 0 0 0 -0 -0.0311449 0 -0.0311449
335 336 0.0144653 0 -1.15074 0 0 0 0 -1.13627
14 337 0 0 0 0 0 -0.040883 -0 -0.040883
13 337 0 0 0 0 -0.575295 0 -0 -0.575295
12 337 0 0 0 0 0 -0.186186 0 -0.186186
336 337 0.0534862 0 -1.13856 0 0 0 0 -1.08508
13 338 0 0 0 0 0 -0.10383 0 -0.10383
12 338 0 0 0 0 -0.800271 0 -0 -0.800271
11 338 0 0 0 0 0 -0.143226 0 -0.143226
337 338 0.00172367 0 -1.18106 0 0 0 0 -1.17934
12 339 0 0 0 0 0 -0.147182 -0 -0.147182
11 339 0 0 0 0 -0.719894 0 -0 -0.719894
10 339 0 0 0 0 0 -0.168109 0 -0.168109
338 339 0.0143085 0 -1.18084 0 0 0 0 -1.16653
340 341 0.0735523 0 -0.874377 0 0 0 0 -0.800825
341 342 0.00314354 0 -1.10836 0 0 0 0 -1.10521
342 343 0.024523 0 -1.31955 0 0 0 0 -1.29502
343 344 0.116196 0 -1.30403 0 0 0 0 -1.18784
344 345 0.208142 0 0 0 0 0 0 0.208142
345 346 0.00318744 0 -1.22915 0 0 0 0 -1.22596
346 347 0.00524724 0 -1.26152 0 0 0 0 -1.25628
347 348 0.0116502 0 -0.980007 0 0 0 0 -0.968357
348 349 0.00500766 0 -1.30617 0 0 0 0 -1.30116
349 350 2.69338e-06 0 -1.35698 0 0 0 0 -1.35698
350 351 0.00157489 0 -1.34017 0 0 0 0 -1.3386
351 352 0.00746699 0 -1.09032 0 0 0 0 -1.08285
352 353 0.0641873 0 -1.36129 0 0 0 0 -1.2971
353 354 0.019667 0 0 0 0 0 0 0.019667
246 355 0 0 0 0 -0 -0.0759559 -0 -0.0759559
354 355 5.37336e-05 0 -1.33726 0 0 0 0 -1.33721
247 356 0 0 0 0 -0 -0.191012 0 -0.191012
245 356 0 0 0 0 -3.92205e-17 -0.126826 0 -0.126826
355 356 0.00181801 0 -1.31144 0 0 0 0 -1.30962
246 357 0 0 0 0 0 -0.135574 0 -0.135574
245 357 0 0 0 0 -0.686212 0 -0 -0.686212
244 357 0 0 0 0 0 -0.163324 0 -0.163324
356 357 0.00360241 0 -1.05235 0 0 0 0 -1.04875
245 358 0 0 0 0 0 -0.132966 0 -0.132966
244 358 0 0 0 0 -0.562041 0 -0 -0.562041
243 358 0 0 0 0 0 -0.193568 0 -0.193568
357 358 0.0847555 0 -1.1901 0 0 0 0 -1.10534
244 359 0 0 0 0 0 -0.0736703 0 -0.0736703
243 359 0 0 0 0 -0.595686 0 -0 -0.595686
242 359 0 0 0 0 0 -0.152511 -0 -0.152511
358 359 0.0027391 0 -1.19979 0 0 0 0 -1.19705
360 361 9.33416e-06 0 -1.22577 0 0 0 0 -1.22576
361 362 0.039707 0 -1.39659 0 0 0 0 -1.35689
362 363 8.28878e-05 0 -1.16105 0 0 0 0 -1.16097
363 364 0.0078985 0 -1.0849 0 0 0 0 -1.077
364 365 0.028269 0 -0.593894 0 0 0 0 -0.565625
365 366 0.0744916 0 -1.37949 0 0 0 0 -1.30499
366 367 0.0785223 0 -0.967236 0 0 0 0 -0.888714
367 368 0.0173766 0 -1.24211 0 0 0 0 -1.22474
368 369 0.00256488 0 -1.32279 0 0 0 0 -1.32022
369 370 0.0287835 0 -1.26062 0 0 0 0 -1.23184
370 371 0.00504141 0 -0.854972 0 0 0 0 -0.84993
371 372 0.0419774 0 -1.40554 0 0 0 0 -1.36356
372 373 0.0389456 0 -0.62696 0 0 0 0 -0.588014
373 374 0.0485111 0 -1.27245 0 0 0 0 -1.22394
374 375 0.0021816 0 -0.808939 0 0 0 0 -0.806757
375 376 2.48508e-05 0 -1.27851 0 0 0 0 -1.27848
376 377 0.00234686 0 -1.29033 0 0 0 0 -1.28798
377 378 0.0300043 0 -1.267 0 0 0 0 -1.23699
378 379 0.0358776 0 -1.39132 0 0 0 0 -1.35544
379 380 0 0 0 0 -0.235276 -6.56216e-05 -0 -0.235342
378 380 0 0 0 0 0 -0.0298357 0 -0.0298357
379 381 0 0 0 0 0 -0.142742 0 -0.142742
378 381 0 0 0 0 -0.7761 0 -0 -0.7761
377 381 0 0 0 0 0 -0.170242 0 -0.170242
380 381 0.008708 0 -0.717807 0 0 0 0 -0.709099
376 382 0 0 0 0 -5.84263e-32 -0.122669 0 -0.122669
378 382 0 0 0 0 0 -0.0976961 0 -0.0976961
377 382 0 0 0 0 -0.755516 0 -0 -0.755516
381 382 0.00482982 0 -1.10302 0 0 0 0 -1.09819
376 383 0 0 0 0 -0.593967 0 -0 -0.593967
375 383 0 0 0 0 0 -0.13609 0 -0.13609
377 383 0 0 0 0 -0 -0.0338536 -0 -0.0338536
382 383 0.0176911 0 -1.13771 0 0 0 0 -1.12001
376 384 0 0 0 0 -0 -0.0539114 0 -0.0539114
374 384 0 0 0 0 0 -0.0685734 0 -0.0685734
383 384 6.3558e-12 0 -1.10921 0 0 0 0 -1.10921
375 385 0 0 0 0 0 -0.0654175 0 -0.0654175
373 385 0 0 0 0 0 -0.0923229 -0 -0.0923229
384 385 0.000602239 0 -1.23857 0 0 0 0 -1.23797
374 386 0 0 0 0 0 -0.0790473 0 -0.0790473
373 386 0 0 0 0 -0.725695 0 -0 -0.725695
372 386 0 0 0 0 0 -0.0662287 0 -0.0662287
385 386 0.251039 0 -1.01829 0 0 0 0 -0.76725
373 387 0 0 0 0 0 -0.172737 0 -0.172737
371 387 0 0 0 0 0 -0.079139 0 -0.079139
386 387 0.0552135 0 -1.18078 0 0 0 0 -1.12556
372 388 0 0 0 0 0 -0.164951 0 -0.164951
371 388 0 0 0 0 -0.812337 0 -0 -0.812337
370 388 0 0 0 0 0 -0.132988 0 -0.132988
387 388 0.179654 0 -1.18687 0 0 0 0 -1.00722
369 389 0 0 0 0 0 -0.11153 0 -0.11153
371 389 0 0 0 0 0 -0.107855 -0 -0.107855
370 389 0 0 0 0 -0.71029 0 -0 -0.71029
388 389 0.311241 0 -1.34413 0 0 0 0 -1.03289
369 390 0 0 0 0 -0.718138 0 -0 -0.718138
368 390 0 0 0 0 0 -0.1649 0 -0.1649
370 390 0 0 0 0 0 -0.101371 -0 -0.101371
389 390 0.00609417 0 -1.16856 0 0 0 0 -1.16247
369 391 0 0 0 0 0 -0.104203 0 -0.104203
368 391 0 0 0 0 -0.708202 0 -0 -0.708202
367 391 0 0 0 0 0 -0.0353768 -0 -0.0353768
390 391 0.0064745 0 -0.818383 0 0 0 0 -0.811908
368 392 0 0 0 0 0 -0.0177022 -0 -0.0177022
366 392 0 0 0 0 0 -0.117328 -0 -0.117328
391 392 0.148912 0 -1.13042 0 0 0 0 -0.981506
367 393 0 0 0 0 0 -0.000106732 -0 -0.000106732
366 393 0 0 0 0 -0.718625 0 -0 -0.718625
365 393 0 0 0 0 0 -0.181914 0 -0.181914
392 393 0.0259937 0 -1.30027 0 0 0 0 -1.27428
366 394 0 0 0 0 0 -0.105566 0 -0.105566
364 394 0 0 0 0 0 -0.0336845 -0 -0.0336845
393 394 0.00657005 0 -1.12684 0 0 0 0 -1.12027
363 395 0 0 0 0 0 -0.130581 0 -0.130581
365 395 0 0 0 0 0 -0.0487302 -0 -0.0487302
394 395 0.0112898 0 -1.04396 0 0 0 0 -1.03267
363 396 0 0 0 0 -0.820816 0 -0 -0.820816
362 396 0 0 0 0 -0 -0.141604 -0 -0.141604
364 396 0 0 0 0 -0 -0.12548 0 -0.12548
395 396 0.0189487 0 -1.15843 0 0 0 0 -1.13948
363 397 0 0 0 0 -0 -0.131411 0 -0.131411
362 397 0 0 0 0 -0.827391 0 -0 -0.827391
361 397 0 0 0 0 0 -0.136647 0 -0.136647
396 397 0.00116553 0 -1.22008 0 0 0 0 -1.21891
362 398 0 0 0 0 0 -0.134627 -0 -0.134627
361 398 0 0 0 0 -0.615767 0 -0 -0.615767
360 398 0 0 0 0 0 -0.143414 0 -0.143414
397 398 0.000282487 0 -1.08279 0 0 0 0 -1.0825
361 399 0 0 0 0 0 -0.0403654 0 -0.0403654
398 399 0.00252361 0 -1.33024 0 0 0 0 -1.32771
400 401 0.000276229 0 -1.23432 0 0 0 0 -1.23405
401 402 0.0491245 0 -1.28809 0 0 0 0 -1.23896
402 403 0.0702037 0 -1.15082 0 0 0 0 -1.08062
403 404 0.00250004 0 -1.11482 0 0 0 0 -1.11232
404 405 0.00952961 0 -1.42387 0 0 0 0 -1.41434
79 406 0 0 0 0 0 -0.0110989 -0 -0.0110989
78 406 0 0 0 0 0 -0.0818927 0 -0.0818927
405 406 0.000341659 0 -1.01861 0 0 0 0 -1.01827
405 407 0 0 0 0 0 -9.05453e-10 0 -9.05453e-10
79 407 0 0 0 0 0 -0.211556 0 -0.211556
78 407 0 0 0 0 -0.883097 0 -0 -0.883097
77 407 0 0 0 0 0 -0.182137 0 -0.182137
406 407 0.00114314 0 -1.01314 0 0 0 0 -1.01199
78 408 0 0 0 0 0 -0.180944 0 -0.180944
77 408 0 0 0 0 -0.810294 0 -0 -0.810294
76 408 0 0 0 0 0 -0.157862 0 -0.157862
407 408 0.0822862 0 -0.957809 0 0 0 0 -0.875523
77 409 0 0 0 0 0 -0.184424 0 -0.184424
76 409 0 0 0 0 -0.463686 -3.60502e-06 -0 -0.46369
75 409 0 0 0 0 0 -0.132356 0 -0.132356
408 409 0.0489878 0 -1.13955 0 0 0 0 -1.09056
76 410 0 0 0 0 -0 -0.126108 0 -0.126108
74 410 0 0 0 0 0 -0.000275069 -0 -0.000275069
409 410 0.122164 0 -1.12585 0 0 0 0 -1.00369
410 411 0.177298 0 -1.07696 0 0 0 0 -0.899664
76 412 0 0 0 0 0 -0.142521 0 -0.142521
75 412 0 0 0 0 -0.752851 0 -0 -0.752851
74 412 0 0 0 0 0 -0.151743 0 -0.151743
411 412 0.10283 0 -0 0 0 0 0 0.10283
75 413 0 0 0 0 0 -0.129035 -0 -0.129035
73 413 0 0 0 0 0 -0.182213 0 -0.182213
74 413 0 0 0 0 -0.767344 0 -0 -0.767344
412 413 0.00767106 0 -1.24911 0 0 0 0 -1.24144
72 414 0 0 0 0 0 -0.0237948 -0 -0.0237948
73 414 0 0 0 0 -0.788515 0 -0 -0.788515
74 414 0 0 0 0 0 -0.132815 0 -0.132815
413 414 0.0688364 0 -1.25502 0 0 0 0 -1.18618
72 415 0 0 0 0 -0.651229 0 -0 -0.651229
71 415 0 0 0 0 0 -0.00901856 -0 -0.00901856
70 415 0 0 0 0 0 -0.0481693 0 -0.0481693
73 415 0 0 0 0 0 -0.173753 0 -0.173753
414 415 0.0307278 0 -1.31826 0 0 0 0 -1.28753
72 416 0 0 0 0 0 -0.0227642 0 -0.0227642
71 416 0 0 0 0 0 -7.21815e-05 -0 -7.21815e-05
70 416 0 0 0 0 -0.838501 0 -0 -0.838501
69 416 0 0 0 0 0 -0.113405 -0 -0.113405
415 416 0.118515 0 -1.1019 0 0 0 0 -0.983388
70 417 0 0 0 0 0 -0.173082 0 -0.173082
69 417 0 0 0 0 -0.900815 0 -0 -0.900815
68 417 0 0 0 0 0 -0.173083 0 -0.173083
416 417 0.192665 0 -1.26865 0 0 0 0 -1.07598
69 418 0 0 0 0 0 -0.10489 0 -0.10489
68 418 0 0 0 0 -0.302139 0 -0 -0.302139
67 418 0 0 0 0 0 -0.00470684 0 -0.00470684
417 418 0.00207853 0 -1.04964 0 0 0 0 -1.04756
68 419 0 0 0 0 0 -0.0398682 0 -0.0398682
67 419 0 0 0 0 0 -0.000917454 -0 -0.000917454
418 419 0.0636341 0 -0.960936 0 0 0 0 -0.897302
420 421 0.0176981 0 0 0 0 0 0 0.0176981
421 422 0.0500265 0 -1.40951 0 0 0 0 -1.35949
422 423 0.132723 0 -1.03367 0 0 0 0 -0.900943
423 424 0.0485717 0 -1.07422 0 0 0 0 -1.02565
424 425 0.00366588 0 -0.633718 0 0 0 0 -0.630052
425 426 0.0703763 0 -1.00639 0 0 0 0 -0.936015
426 427 0.0377812 0 -1.23621 0 0 0 0 -1.19842
427 428 0.0132056 0 -1.08252 0 0 0 0 -1.06931
428 429 0.0329216 0 -1.24771 0 0 0 0 -1.21479
429 430 0.0403051 0 -1.28389 0 0 0 0 -1.24358
430 431 0.00342525 0 -1.15466 0 0 0 0 -1.15123
431 432 0.0759606 0 -0.842697 0 0 0 0 -0.766736
432 433 0.0295878 0 -1.09076 0 0 0 0 -1.06117
431 434 0 0 0 0 -0 -0.00576461 -0 -0.00576461
430 434 0 0 0 0 0 -0.131975 0 -0.131975
433 434 0.0295272 0 0 0 0 0 0 0.0295272
429 435 0 0 0 0 0 -0.0887354 -0 -0.0887354
434 435 0.00731886 0 -1.13055 0 0 0 0 -1.12323
428 436 0 0 0 0 0 -0.158977 -0 -0.158977
430 436 0 0 0 0 -0 -0.166115 0 -0.166115
429 436 0 0 0 0 -0.762149 0 -0 -0.762149
435 436 0.0702528 0 -1.15434 0 0 0 0 -1.08408
428 437 0 0 0 0 -0.691943 0 -0 -0.691943
427 437 0 0 0 0 0 -0.132122 -0 -0.132122
429 437 0 0 0 0 0 -0.18096 0 -0.18096
436 437 0.00905083 0 -1.121 0 0 0 0 -1.11195
428 438 0 0 0 0 0 -0.0775299 0 -0.0775299
427 438 0 0 0 0 -0.694724 0 -0 -0.694724
426 438 0 0 0 0 0 -0.161289 0 -0.161289
437 438 0.21814 0 -1.26714 0 0 0 0 -1.049
427 439 0 0 0 0 0 -0.0110034 0 -0.0110034
426 439 0 0 0 0 0 -2.52091e-06 -0 -2.52091e-06
425 439 0 0 0 0 0 -0.0192627 0 -0.0192627
438 439 0.0351656 0 -0.657155 0 0 0 0 -0.62199
440 441 0.00499874 0 -0.933243 0 0 0 0 -0.928244
441 442 0.0127746 0 -1.25936 0 0 0 0 -1.24658
442 443 0.0421472 0 -0.972342 0 0 0 0 -0.930195
443 444 0.00582557 0 -1.16397 0 0 0 0 -1.15815
444 445 0.103542 0 -1.011 0 0 0 0 -0.90746
445 446 0.00698727 0 -1.16124 0 0 0 0 -1.15425
446 447 0.00058528 0 -1.20812 0 0 0 0 -1.20754
447 448 0.0881523 0 -1.26106 0 0 0 0 -1.17291
448 449 0.0153717 0 -1.32212 0 0 0 0 -1.30674
449 450 0.0298105 0 -1.30606 0 0 0 0 -1.27625
450 451 0.00771505 0 -1.39926 0 0 0 0 -1.39155
451 452 0.072937 0 -0.29032 0 0 0 0 -0.217383
452 453 0.0931815 0 -1.26112 0 0 0 0 -1.16794
453 454 0.0289409 0 -1.21516 0 0 0 0 -1.18622
454 455 0.00213253 0 -1.23732 0 0 0 0 -1.23519
455 456 0.00386205 0 -1.08685 0 0 0 0 -1.08299
456 457 0.169317 0 -1.21463 0 0 0 0 -1.04532
457 458 0.0298957 0 -0.77616 0 0 0 0 -0.746265
458 459 0.0842919 0 -1.24706 0 0 0 0 -1.16277
460 461 0.00470174 0 -1.17783 0 0 0 0 -1.17313
461 462 0.060539 0 -1.28077 0 0 0 0 -1.22023
462 463 0.0596932 0 -1.25151 0 0 0 0 -1.19182
463 464 0.010905 0 -1.2533 0 0 0 0 -1.24239
464 465 0.000878099 0 -0.854645 0 0 0 0 -0.853767
465 466 0.0397771 0 -1.24427 0 0 0 0 -1.20449
466 467 0.073627 0 -1.34114 0 0 0 0 -1.26751
467 468 0.00352778 0 -1.24013 0 0 0 0 -1.2366
468 469 0.0406875 0 -1.31074 0 0 0 0 -1.27005
469 470 0.0128287 0 0 0 0 0 0 0.0128287
470 471 0.0986762 0 0 0 0 0 0 0.0986762
471 472 0.000509552 0 -1.24415 0 0 0 0 -1.24365
469 473 0 0 0 0 0 -0.0817267 0 -0.0817267
472 473 0.000718702 0 -1.27961 0 0 0 0 -1.27889
468 474 0 0 0 0 0 -0.144108 0 -0.144108
473 474 0.0170405 0 -1.3417 0 0 0 0 -1.32466
469 475 0 0 0 0 0 -0.17071 0 -0.17071
468 475 0 0 0 0 -0.842884 0 -0 -0.842884
467 475 0 0 0 0 0 -0.159163 -0 -0.159163
474 475 0.0013936 0 -0.938474 0 0 0 0 -0.937081
466 476 0 0 0 0 0 -0.139251 0 -0.139251
468 476 0 0 0 0 0 -0.186099 0 -0.186099
475 476 0.0931503 0 -1.24453 0 0 0 0 -1.15138
466 477 0 0 0 0 -0.619654 0 -0 -0.619654
465 477 0 0 0 0 0 -0.098286 -0 -0.098286
467 477 0 0 0 0 0 -0.0863299 0 -0.0863299
476 477 0.0188206 0 -0.623937 0 0 0 0 -0.605116
464 478 0 0 0 0 -1.2599e-17 -0.0726055 0 -0.0726055
466 478 0 0 0 0 0 -0.137241 0 -0.137241
465 478 0 0 0 0 -0.774231 0 -0 -0.774231
477 478 0.140272 0 -1.25465 0 0 0 0 -1.11438
463 479 0 0 0 0 0 -0.0733469 -0 -0.0733469
465 479 0 0 0 0 0 -0.146832 0 -0.146832
478 479 0.000655679 0 -1.22681 0 0 0 0 -1.22615
277 480 0 0 0 0 0 -0.0854629 0 -0.0854629
276 480 0 0 0 0 -0.016874 -0.0170703 0 -0.0339442
275 480 0 0 0 0 0 -0.185184 0 -0.185184
276 481 0 0 0 0 0 -0.0520869 0 -0.0520869
275 481 0 0 0 0 -0.74616 0 -0 -0.74616
274 481 0 0 0 0 0 -0.116886 -0 -0.116886
480 481 0.0379709 0 -1.2568 0 0 0 0 -1.21883
275 482 0 0 0 0 0 -0.203722 0 -0.203722
274 482 0 0 0 0 -0.479628 0 -0 -0.479628
273 482 0 0 0 0 0 -0.160205 0 -0.160205
481 482 0.0186658 0 -1.01922 0 0 0 0 -1.00055
274 483 0 0 0 0 -0 -0.0459083 0 -0.0459083
273 483 0 0 0 0 0 -0.0419229 -0 -0.0419229
272 483 0 0 0 0 -0 -0.00711242 0 -0.00711242
482 483 0.00784825 0 -1.37662 0 0 0 0 -1.36877
273 484 0 0 0 0 0 -0.0232264 -0 -0.0232264
272 484 0 0 0 0 -0 -0.104699 0 -0.104699
483 484 0.0363315 0 -0 0 0 0 0 0.0363315
273 485 0 0 0 0 0 -0.0753432 0 -0.0753432
272 485 0 0 0 0 -0.832678 0 -0 -0.832678
271 485 0 0 0 0 0 -0.127504 -0 -0.127504
484 485 0.00606299 0 -1.33479 0 0 0 0 -1.32873
270 486 0 0 0 0 0 -0.0891433 -0 -0.0891433
272 486 0 0 0 0 0 -0.205407 0 -0.205407
271 486 0 0 0 0 -0.875544 0 -0 -0.875544
485 486 0.112325 0 -0.939582 0 0 0 0 -0.827257
269 487 0 0 0 0 0 -0.00385569 -0 -0.00385569
271 487 0 0 0 0 0 -0.107075 0 -0.107075
486 487 0.0213507 0 -1.30854 0 0 0 0 -1.28719
268 488 0 0 0 0 0 -0.000367322 0 -0.000367322
270 488 0 0 0 0 0 -0.0534357 0 -0.0534357
487 488 0.161661 0 -1.11276 0 0 0 0 -0.951099
488 489 0.0748256 0 0 0 0 0 0 0.0748256
489 490 0.00882703 0 -1.31696 0 0 0 0 -1.30813
490 491 0.125306 0 -1.20564 0 0 0 0 -1.08033
491 492 0.0257405 0 -1.16673 0 0 0 0 -1.14099
492 493 0.182005 0 -1.19508 0 0 0 0 -1.01307
493 494 0.0792626 0 -0 0 0 0 0 0.0792626
494 495 0.107405 0 -1.05126 0 0 0 0 -0.943854
492 496 0 0 0 0 0 -0.163055 0 -0.163055
495 496 0.030114 0 -1.02748 0 0 0 0 -0.997362
493 497 0 0 0 0 0 -0.086149 -0 -0.086149
492 497 0 0 0 0 -0.735353 0 -0 -0.735353
491 497 0 0 0 0 0 -0.141808 0 -0.141808
496 497 0.00341302 0 -1.22055 0 0 0 0 -1.21714
492 498 0 0 0 0 0 -0.140038 -0 -0.140038
491 498 0 0 0 0 -0.693093 0 -0 -0.693093
490 498 0 0 0 0 0 -0.133718 0 -0.133718
497 498 0.0667692 0 -1.07379 0 0 0 0 -1.00702
491 499 0 0 0 0 0 -0.146463 -0 -0.146463
490 499 0 0 0 0 -0.652028 0 -0 -0.652028
489 499 0 0 0 0 -0 -0.105278 0 -0.105278
498 499 0.0197195 0 -1.19206 0 0 0 0 -1.17234
322 500 0 0 0 0 0 -0.0915436 0 -0.0915436
323 501 0 0 0 0 -0 -0.11934 0 -0.11934
322 501 0 0 0 0 -0.701127 0 -0 -0.701127
321 501 0 0 0 0 0 -0.172391 0 -0.172391
500 501 0.0783779 0 -0.864269 0 0 0 0 -0.785891
322 502 0 0 0 0 0 -0.135168 -0 -0.135168
321 502 0 0 0 0 -0.603597 -4.11687e-08 -0 -0.603597
320 502 0 0 0 0 0 -0.0733915 0 -0.0733915
501 502 0.250038 0 -1.08438 0 0 0 0 -0.83434
321 503 0 0 0 0 -0 -0.104338 0 -0.104338
502 503 0.0190317 0 -0.930366 0 0 0 0 -0.911335
503 504 0.0385167 0 0 0 0 0 0 0.0385167
504 505 0.0331957 0 -1.18529 0 0 0 0 -1.15209
505 506 0.00991517 0 -1.42295 0 0 0 0 -1.41304
506 507 0.00414659 0 -1.17069 0 0 0 0 -1.16655
507 508 0.189462 0 0 0 0 0 0 0.189462
508 509 0.0244344 0 -1.14567 0 0 0 0 -1.12124
328 510 0 0 0 0 0 -0.111797 0 -0.111797
509 510 0.00289058 0 0 0 0 0 0 0.00289058
328 511 0 0 0 0 -0.713409 -1.03343e-29 -0 -0.713409
327 511 0 0 0 0 0 -0.123911 0 -0.123911
510 511 0.189406 0 -1.31407 0 0 0 0 -1.12466
328 512 0 0 0 0 0 -0.149777 0 -0.149777
327 512 0 0 0 0 -0.862251 0 -0 -0.862251
326 512 0 0 0 0 0 -0.0896375 -0 -0.0896375
511 512 0.0150451 0 -1.07593 0 0 0 0 -1.06088
327 513 0 0 0 0 0 -0.136041 0 -0.136041
325 513 0 0 0 0 0 -0.102334 -0 -0.102334
512 513 0.00871103 0 -1.29451 0 0 0 0 -1.2858
326 514 0 0 0 0 0 -0.121158 0 -0.121158
325 514 0 0 0 0 -0.482228 0 -0 -0.482228
324 514 0 0 0 0 -0 -0.0508739 0 -0.0508739
513 514 0.000294845 0 -1.34579 0 0 0 0 -1.34549
325 515 0 0 0 0 0 -0.115409 0 -0.115409
324 515 0 0 0 0 0 -0.011613 -0 -0.011613
514 515 0.00020908 0 -1.29529 0 0 0 0 -1.29508
515 516 0.000253456 0 0 0 0 0 0 0.000253456
516 517 0.00988036 0 -1.24249 0 0 0 0 -1.23261
517 518 0.0307708 0 -1.1114 0 0 0 0 -1.08063
518 519 0.0181577 0 -1.35137 0 0 0 0 -1.33321
237 520 0 0 0 0 0 -0.117168 -0 -0.117168
236 520 0 0 0 0 -0.805852 0 -0 -0.805852
235 520 0 0 0 0 0 -0.0758096 0 -0.0758096
236 521 0 0 0 0 0 -0.109279 -0 -0.109279
235 521 0 0 0 0 -0.660341 0 -0 -0.660341
234 521 0 0 0 0 0 -0.0980246 0 -0.0980246
520 521 0.0622695 0 -1.09592 0 0 0 0 -1.03365
235 522 0 0 0 0 0 -0.0275803 0 -0.0275803
234 522 0 0 0 0 -0.0683988 -0.00773197 0 -0.0761308
521 522 0.00301382 0 -1.27182 0 0 0 0 -1.2688
235 523 0 0 0 0 0 -0.0214148 0 -0.0214148
234 523 0 0 0 0 -0.600987 0 -0 -0.600987
233 523 0 0 0 0 0 -0.10176 0 -0.10176
522 523 0.049985 0 -0 0 0 0 0 0.049985
234 524 0 0 0 0 -0 -0.077502 -0 -0.077502
232 524 0 0 0 0 -2.06098e-28 -0.0941571 0 -0.0941571
523 524 0.000551306 0 -1.20784 0 0 0 0 -1.20728
233 525 0 0 0 0 0 -0.024041 0 -0.024041
232 525 0 0 0 0 -0.666933 0 -0 -0.666933
231 525 0 0 0 0 0 -0.174931 0 -0.174931
524 525 0.0656772 0 -1.06127 0 0 0 0 -0.995594
230 526 0 0 0 0 0 -0.043877 0 -0.043877
232 526 0 0 0 0 0 -0.0730057 -0 -0.0730057
231 526 0 0 0 0 -0.620087 0 -0 -0.620087
525 526 0.00931117 0 -1.3186 0 0 0 0 -1.30929
526 527 0.00198243 0 0 0 0 0 0 0.00198243
527 528 0.0220699 0 -1.38913 0 0 0 0 -1.36706
230 529 0 0 0 0 0 -0.017238 -0 -0.017238
229 529 0 0 0 0 -0 -0.091691 -0 -0.091691
528 529 0.000679419 0 -1.03918 0 0 0 0 -1.0385
230 530 0 0 0 0 0 -0.00409026 0 -0.00409026
229 530 0 0 0 0 -0.755969 0 -0 -0.755969
228 530 0 0 0 0 0 -0.0430818 -0 -0.0430818
529 530 0.145226 0 -1.24336 0 0 0 0 -1.09813
229 531 0 0 0 0 0 -0.101102 0 -0.101102
228 531 0 0 0 0 -0.597583 0 -0 -0.597583
227 531 0 0 0 0 0 -0.126497 0 -0.126497
530 531 0.150959 0 -1.37667 0 0 0 0 -1.22571
228 532 0 0 0 0 0 -0.0614967 0 -0.0614967
227 532 0 0 0 0 -0.758945 -2.15825e-28 -0 -0.758945
226 532 0 0 0 0 0 -0.167462 0 -0.167462
531 532 0.018725 0 -1.03532 0 0 0 0 -1.01659
227 533 0 0 0 0 0 -0.133526 0 -0.133526
226 533 0 0 0 0 -0.789455 0 -0 -0.789455
225 533 0 0 0 0 0 -0.166677 0 -0.166677
532 533 0.0534666 0 -1.27455 0 0 0 0 -1.22108
224 534 0 0 0 0 0 -0.151588 0 -0.151588
226 534 0 0 0 0 0 -0.144492 0 -0.144492
225 534 0 0 0 0 -0.766575 0 -0 -0.766575
533 534 0.00961185 0 -1.08982 0 0 0 0 -1.08021
224 535 0 0 0 0 -0.675225 0 -0 -0.675225
223 535 0 0 0 0 0 -0.180971 0 -0.180971
225 535 0 0 0 0 0 -0.103047 -0 -0.103047
534 535 0.0226591 0 -0.908564 0 0 0 0 -0.885905
224 536 0 0 0 0 0 -0.0745005 0 -0.0745005
223 536 0 0 0 0 -0.791994 0 -0 -0.791994
222 536 0 0 0 0 0 -0.14964 -0 -0.14964
535 536 0.0313989 0 -1.27878 0 0 0 0 -1.24738
221 537 0 0 0 0 0 -0.156432 0 -0.156432
223 537 0 0 0 0 0 -0.101585 0 -0.101585
222 537 0 0 0 0 -0.69894 0 -0 -0.69894
536 537 0.0710817 0 -1.04452 0 0 0 0 -0.973442
221 538 0 0 0 0 -0.572668 0 -0 -0.572668
220 538 0 0 0 0 0 -0.0640313 0 -0.0640313
222 538 0 0 0 0 0 -0.0747658 0 -0.0747658
537 538 0.0330305 0 -1.17119 0 0 0 0 -1.13816
221 539 0 0 0 0 0 -0.0926806 0 -0.0926806
220 539 0 0 0 0 0 -0.0110979 0 -0.0110979
538 539 0.149461 0 -1.30927 0 0 0 0 -1.15981
540 541 0.0157308 0 -1.30224 0 0 0 0 -1.28651
541 542 0.0186796 0 -1.12743 0 0 0 0 -1.10875
542 543 0.00297093 0 -1.27782 0 0 0 0 -1.27485
543 544 0.000553662 0 -1.26406 0 0 0 0 -1.2635
544 545 0.169017 0 -1.35749 0 0 0 0 -1.18847
545 546 0.00112834 0 -1.33859 0 0 0 0 -1.33746
546 547 0.0374409 0 -1.13448 0 0 0 0 -1.09704
547 548 0.0157078 0 -1.26838 0 0 0 0 -1.25267
548 549 0.00825662 0 -1.03244 0 0 0 0 -1.02419
549 550 0.066892 0 -1.11939 0 0 0 0 -1.0525
550 551 0.00102744 0 -1.09438 0 0 0 0 -1.09336
551 552 0.00067428 0 -1.02198 0 0 0 0 -1.02131
552 553 7.51847e-06 0 -1.28791 0 0 0 0 -1.2879
553 554 0.00915874 0 -0.994675 0 0 0 0 -0.985517
554 555 0.015982 0 -1.24509 0 0 0 0 -1.22911
555 556 0.0445232 0 -1.32451 0 0 0 0 -1.27999
556 557 0.00784763 0 -1.23408 0 0 0 0 -1.22623
557 558 0.0012235 0 -1.26184 0 0 0 0 -1.26062
558 559 0.0272006 0 -1.06146 0 0 0 0 -1.03426
403 560 0 0 0 0 0 -0.0026651 -0 -0.0026651
402 560 0 0 0 0 0 -0.0930737 0 -0.0930737
403 561 0 0 0 0 -0 -0.178058 0 -0.178058
402 561 0 0 0 0 -0.814624 0 -0 -0.814624
401 561 0 0 0 0 0 -0.204708 0 -0.204708
560 561 9.26502e-05 0 -1.28476 0 0 0 0 -1.28466
402 562 0 0 0 0 0 -0.179652 0 -0.179652
401 562 0 0 0 0 -0.634424 0 -0 -0.634424
400 562 0 0 0 0 0 -0.00798932 0 -0.00798932
561 562 0.0227338 0 -1.12318 0 0 0 0 -1.10045
401 563 0 0 0 0 -0 -0.199708 0 -0.199708
400 563 0 0 0 0 0 -0.0197282 -0 -0.0197282
562 563 0.0666876 0 -1.28016 0 0 0 0 -1.21348
400 564 0 0 0 0 0 -0.000507519 0 -0.000507519
563 564 0.0657783 0 -1.21719 0 0 0 0 -1.15141
564 565 0.0763815 0 -1.02018 0 0 0 0 -0.943798
565 566 0.0147516 0 -0.969301 0 0 0 0 -0.954549
566 567 0.0213965 0 -1.25252 0 0 0 0 -1.23112
567 568 0.0146767 0 -1.41206 0 0 0 0 -1.39738
568 569 0.00831029 0 -1.13661 0 0 0 0 -1.1283
569 570 0.00525573 0 -0.693153 0 0 0 0 -0.687897
570 571 0.0420131 0 -1.07789 0 0 0 0 -1.03587
571 572 0.0246158 0 -1.28064 0 0 0 0 -1.25602
572 573 0.0374443 0 -1.20972 0 0 0 0 -1.17228
573 574 0.0865112 0 -1.01018 0 0 0 0 -0.923668
574 575 0.0814286 0 -1.28021 0 0 0 0 -1.19878
575 576 0.0370917 0 -1.21542 0 0 0 0 -1.17832
576 577 0.00225166 0 -1.07334 0 0 0 0 -1.07109
577 578 0.00610752 0 -1.16475 0 0 0 0 -1.15864
578 579 0.00735235 0 -1.20122 0 0 0 0 -1.19387
580 581 0.00573811 0 -1.12254 0 0 0 0 -1.11681
581 582 0.00699664 0 -1.11227 0 0 0 0 -1.10528
582 583 0.113272 0 -1.06796 0 0 0 0 -0.954683
583 584 0.0150507 0 -1.16191 0 0 0 0 -1.14686
584 585 0.128183 0 -1.31138 0 0 0 0 -1.1832
585 586 0.0351179 0 0 0 0 0 0 0.0351179
586 587 0.0041095 0 -0 0 0 0 0 0.0041095
587 588 0.0333366 0 -0.983797 0 0 0 0 -0.95046
588 589 0.032446 0 -1.20337 0 0 0 0 -1.17093
581 590 0 0 0 0 0 -0.151685 0 -0.151685
582 590 0 0 0 0 0 -0.0210414 0 -0.0210414
589 590 0.164373 0 -1.33357 0 0 0 0 -1.1692
581 591 0 0 0 0 -0.612764 0 -0 -0.612764
580 591 0 0 0 0 0 -0.155164 0 -0.155164
582 591 0 0 0 0 0 -0.00362988 0 -0.00362988
590 591 0.22095 0 -1.39032 0 0 0 0 -1.16937
581 592 0 0 0 0 0 -0.15693 0 -0.15693
580 592 0 0 0 0 -0.771019 0 -0 -0.771019
591 592 0.0468553 0 -1.23513 0 0 0 0 -1.18828
580 593 0 0 0 0 0 -0.159361 0 -0.159361
579 593 0 0 0 0 0 -0.154145 0 -0.154145
592 593 0.00798065 0 -1.24041 0 0 0 0 -1.23243
579 594 0 0 0 0 -0.54875 0 -0 -0.54875
578 594 0 0 0 0 0 -0.0892095 -0 -0.0892095
593 594 0.0136928 0 -1.37532 0 0 0 0 -1.36163
577 595 0 0 0 0 0 -0.120579 0 -0.120579
579 595 0 0 0 0 0 -0.155424 -0 -0.155424
578 595 0 0 0 0 -0.59557 0 -0 -0.59557
594 595 0.0253362 0 -1.00605 0 0 0 0 -0.980711
577 596 0 0 0 0 -0.838266 0 -0 -0.838266
576 596 0 0 0 0 0 -0.0862164 -0 -0.0862164
578 596 0 0 0 0 0 -0.0957193 -0 -0.0957193
595 596 2.77945e-06 0 -1.25616 0 0 0 0 -1.25616
577 597 0 0 0 0 0 -0.142216 0 -0.142216
576 597 0 0 0 0 -0.882095 0 -0 -0.882095
575 597 0 0 0 0 0 -0.153658 0 -0.153658
596 597 0.0996393 0 -1.27371 0 0 0 0 -1.17407
576 598 0 0 0 0 0 -0.163719 0 -0.163719
575 598 0 0 0 0 -0.631405 0 -0 -0.631405
574 598 0 0 0 0 0 -0.127922 -0 -0.127922
597 598 0.0117677 0 -1.10979 0 0 0 0 -1.09802
573 599 0 0 0 0 0 -0.105422 -0 -0.105422
575 599 0 0 0 0 0 -0.137603 -0 -0.137603
574 599 0 0 0 0 -0.773328 0 -0 -0.773328
598 599 0.0368918 0 -1.08577 0 0 0 0 -1.04888
#Total energy per particle is  -1.15705 and should be -1.1570510
