#id1 id2 FENE BEXC STCK NEXC HB CRSTCK CXSTCK total, t = 300000
0 1 0.000525048 0 -1.19337 0 0 0 0 -1.19284
1 2 0.0351219 0 -1.19534 0 0 0 0 -1.16022
2 3 0.0226751 0 -1.12318 0 0 0 0 -1.10051
3 4 0.0378832 0 -1.3844 0 0 0 0 -1.34651
4 5 0.128199 0 -1.254 0 0 0 0 -1.1258
5 6 0.00868701 0 -1.25794 0 0 0 0 -1.24925
6 7 0.0405446 0 -1.31587 0 0 0 0 -1.27533
7 8 0.000118108 0 -1.18294 0 0 0 0 -1.18283
8 9 0.143143 0 -1.30938 0 0 0 0 -1.16623
9 10 0.0429858 0 -1.1557 0 0 0 0 -1.11271
10 11 3.00582e-06 0 -1.03857 0 0 0 0 -1.03857
11 12 0.0663413 0 -1.29637 0 0 0 0 -1.23003
12 13 9.24336e-05 0 -0.897821 0 0 0 0 -0.897729
13 14 0.0936172 0 -0 0 0 0 0 0.0936172
14 15 0.00235028 0 -1.18457 0 0 0 0 -1.18222
15 16 0.0660093 0 -1.32685 0 0 0 0 -1.26084
16 17 0.0831905 0 -1.25789 0 0 0 0 -1.1747
17 18 0.00484907 0 -1.09661 0 0 0 0 -1.09176
18 19 0.0469828 0 -1.15548 0 0 0 0 -1.1085
20 21 0.0222738 0 -0.925517 0 0 0 0 -0.903244
21 22 0.00234587 0 -1.16505 0 0 0 0 -1.16271
22 23 0.0366296 0 -1.25694 0 0 0 0 -1.22031
23 24 3.21266e-05 0 -1.24905 0 0 0 0 -1.24902
24 25 0.0871254 0 -1.28428 0 0 0 0 -1.19716
25 26 0.00211724 0 -1.28522 0 0 0 0 -1.28311
26 27 0.3391 0 -1.30637 0 0 0 0 -0.967267
27 28 0.00567128 0 -1.16956 0 0 0 0 -1.16389
28 29 8.37209e-07 0 -1.12696 0 0 0 0 -1.12696
29 30 0.0153659 0 -1.18025 0 0 0 0 -1.16488
30 31 0.000796235 0 -0.98775 0 0 0 0 -0.986953
31 32 0.0356589 0 -1.13471 0 0 0 0 -1.09905
32 33 0.280355 0 -0.466998 0 0 0 0 -0.186643
33 34 0.0435384 0 0 0 0 0 0 0.0435384
31 35 0 0 0 0 0 -0.084751 0 -0.084751
30 35 0 0 0 0 0 -0.074988 0 -0.074988
34 35 1.37873e-05 0 -1.12418 0 0 0 0 -1.12416
31 36 0 0 0 0 0 -0.00943613 0 -0.00943613
30 36 0 0 0 0 -0.484675 0 -0 -0.484675
29 36 0 0 0 0 0 -0.112287 0 -0.112287
35 36 0.00396719 0 -0.94324 0 0 0 0 -0.939273
28 37 0 0 0 0 0 -0.133244 0 -0.133244
30 37 0 0 0 0 0 -0.156845 0 -0.156845
29 37 0 0 0 0 -0.628562 0 -0 -0.628562
36 37 0.00185124 0 -1.16783 0 0 0 0 -1.16598
28 38 0 0 0 0 -0.16501 0 -0 -0.16501
29 38 0 0 0 0 0 -0.184006 0 -0.184006
27 38 0 0 0 0 0 -0.0888842 -0 -0.0888842
37 38 0.0290746 0 -1.04594 0 0 0 0 -1.01686
27 39 0 0 0 0 0 -0.135115 0 -0.135115
26 39 0 0 0 0 0 -0.0256343 -0 -0.0256343
38 39 6.46678e-05 0 -0.647569 0 0 0 0 -0.647504
40 41 0.0605905 0 -0.943484 0 0 0 0 -0.882893
41 42 0.00395492 0 -0.865966 0 0 0 0 -0.862011
42 43 2.90388e-05 0 0 0 0 0 0 2.90388e-05
43 44 0.0393212 0 -1.27858 0 0 0 0 -1.23926
44 45 0.117217 0 -1.08866 0 0 0 0 -0.971442
45 46 0.0103302 0 -1.34438 0 0 0 0 -1.33405
46 47 0.00239947 0 -0.575606 0 0 0 0 -0.573206
47 48 0.0285339 0 -1.32355 0 0 0 0 -1.29502
48 49 0.0190958 0 -1.3448 0 0 0 0 -1.32571
49 50 0.0398347 0 -1.22057 0 0 0 0 -1.18073
50 51 0.193987 0 -1.35012 0 0 0 0 -1.15613
51 52 0.110945 0 0 0 0 0 0 0.110945
52 53 0.000112173 0 -0.83998 0 0 0 0 -0.839867
53 54 0.00539715 0 -1.15311 0 0 0 0 -1.14772
54 55 0.0108943 0 -0.913201 0 0 0 0 -0.902307
55 56 0.000486136 0 -1.36735 0 0 0 0 -1.36686
56 57 0.0802931 0 -1.06244 0 0 0 0 -0.982146
57 58 0.047226 0 0 0 0 0 0 0.047226
58 59 0.303306 0 -1.11447 0 0 0 0 -0.81116
60 61 0.00425426 0 -0.957218 0 0 0 0 -0.952964
61 62 1.62241e-05 0 -1.21432 0 0 0 0 -1.2143
62 63 0.03848 0 -0.841194 0 0 0 0 -0.802714
63 64 0.0809917 0 -1.31697 0 0 0 0 -1.23598
64 65 0.0619324 0 -1.31076 0 0 0 0 -1.24882
65 66 0.0187746 0 -0.373943 0 0 0 0 -0.355168
66 67 0.00224486 0 -1.21467 0 0 0 0 -1.21242
67 68 2.43916e-05 0 -1.35857 0 0 0 0 -1.35855
68 69 0.00834135 0 -1.30389 0 0 0 0 -1.29555
69 70 0.0139606 0 -1.15239 0 0 0 0 -1.13843
70 71 0.0133724 0 -0 0 0 0 0 0.0133724
71 72 0.00480823 0 -1.04641 0 0 0 0 -1.04161
72 73 0.106927 0 -1.2966 0 0 0 0 -1.18968
73 74 0.0805456 0 -1.20268 0 0 0 0 -1.12213
74 75 0.00209009 0 -1.10515 0 0 0 0 -1.10306
75 76 0.000535454 0 -1.24925 0 0 0 0 -1.24872
76 77 0.0137204 0 -1.25551 0 0 0 0 -1.24179
77 78 0.02182 0 -1.33791 0 0 0 0 -1.31609
78 79 0.00385081 0 -1.16579 0 0 0 0 -1.16194
80 81 0.0628651 0 -1.22157 0 0 0 0 -1.1587
81 82 0.00363398 0 -1.27982 0 0 0 0 -1.27618
82 83 0.0372743 0 -1.20252 0 0 0 0 -1.16525
83 84 0.159106 0 -1.24907 0 0 0 0 -1.08997
84 85 0.125246 0 -0.912903 0 0 0 0 -0.787657
85 86 0.0153595 0 -1.01921 0 0 0 0 -1.00385
86 87 0.00346092 0 -1.26945 0 0 0 0 -1.26599
87 88 0.09276 0 -1.25173 0 0 0 0 -1.15897
88 89 0.025207 0 -1.28162 0 0 0 0 -1.25641
89 90 0.0343856 0 -1.14233 0 0 0 0 -1.10795
90 91 0.043536 0 -0.860269 0 0 0 0 -0.816733
91 92 0.0350865 0 0 0 0 0 0 0.0350865
88 93 0 0 0 0 0 -0.00140598 -0 -0.00140598
87 93 0 0 0 0 -0 -0.0022526 0 -0.0022526
92 93 4.78239e-05 0 -1.06998 0 0 0 0 -1.06993
88 94 0 0 0 0 -0 -0.15013 0 -0.15013
86 94 0 0 0 0 0 -0.18126 0 -0.18126
93 94 0.0164736 0 -1.29437 0 0 0 0 -1.2779
87 95 0 0 0 0 -0 -0.132654 0 -0.132654
86 95 0 0 0 0 -0.340571 -2.561e-06 -0 -0.340574
85 95 0 0 0 0 0 -0.0512408 -0 -0.0512408
94 95 0.00673501 0 -1.15148 0 0 0 0 -1.14475
84 96 0 0 0 0 -1.51079e-31 -0.0429399 0 -0.0429399
86 96 0 0 0 0 0 -0.0680963 0 -0.0680963
85 96 0 0 0 0 -0.541236 0 -0 -0.541236
95 96 0.0375329 0 -1.29076 0 0 0 0 -1.25323
85 97 0 0 0 0 0 -0.105279 0 -0.105279
83 97 0 0 0 0 0 -0.0269895 -0 -0.0269895
96 97 0.00309344 0 -1.30996 0 0 0 0 -1.30687
84 98 0 0 0 0 0 -0.11634 0 -0.11634
83 98 0 0 0 0 -0.53467 0 -0 -0.53467
82 98 0 0 0 0 0 -0.0772705 -0 -0.0772705
97 98 0.119731 0 -0.728348 0 0 0 0 -0.608617
81 99 0 0 0 0 0 -0.116843 0 -0.116843
83 99 0 0 0 0 0 -0.164722 -0 -0.164722
82 99 0 0 0 0 -0.768049 0 -0 -0.768049
98 99 0.00233007 0 -1.34186 0 0 0 0 -1.33953
100 101 0.0490991 0 -1.11099 0 0 0 0 -1.06189
101 102 0.0284365 0 -1.0252 0 0 0 0 -0.996759
102 103 0.00307796 0 -1.12522 0 0 0 0 -1.12214
103 104 2.30785e-05 0 -1.40968 0 0 0 0 -1.40965
104 105 0.0465629 0 -1.31904 0 0 0 0 -1.27248
105 106 0.0934169 0 -0.754028 0 0 0 0 -0.660611
106 107 0.0316584 0 -0.993623 0 0 0 0 -0.961964
107 108 0.0419645 0 -1.21598 0 0 0 0 -1.17402
108 109 0.019046 0 -1.30568 0 0 0 0 -1.28663
109 110 3.43723e-05 0 -1.32147 0 0 0 0 -1.32144
110 111 0.00547126 0 -0.265673 0 0 0 0 -0.260201
111 112 0.0465227 0 -1.3664 0 0 0 0 -1.31988
112 113 0.000365996 0 -1.32251 0 0 0 0 -1.32214
113 114 0.00133302 0 -0.85718 0 0 0 0 -0.855847
114 115 0.0288795 0 -0.995134 0 0 0 0 -0.966255
115 116 0.00145429 0 -0.826569 0 0 0 0 -0.825115
116 117 0.00419723 0 -1.10547 0 0 0 0 -1.10127
117 118 0.0126145 0 -0.91844 0 0 0 0 -0.905825
118 119 0.0133237 0 -1.27557 0 0 0 0 -1.26225
120 121 0.0173585 0 -1.26136 0 0 0 0 -1.244
121 122 9.21143e-05 0 -1.08955 0 0 0 0 -1.08946
122 123 0.0574649 0 -1.22709 0 0 0 0 -1.16963
123 124 0.0103006 0 -1.12885 0 0 0 0 -1.11855
124 125 0.00628114 0 -1.18499 0 0 0 0 -1.17871
125 126 0.0360482 0 -1.31086 0 0 0 0 -1.27482
126 127 0.00175681 0 -1.18039 0 0 0 0 -1.17864
127 128 0.00865027 0 -1.22984 0 0 0 0 -1.22119
128 129 0.00375459 0 -0.96798 0 0 0 0 -0.964226
129 130 0.0503368 0 -1.15448 0 0 0 0 -1.10414
130 131 0.00962713 0 -0.922161 0 0 0 0 -0.912534
131 132 0.00847191 0 -1.0733 0 0 0 0 -1.06482
132 133 0.0133663 0 0 0 0 0 0 0.0133663
133 134 0.142633 0 -1.19504 0 0 0 0 -1.0524
132 135 0 0 0 0 0 -0.156361 0 -0.156361
134 135 0.174399 0 -0.840786 0 0 0 0 -0.666388
132 136 0 0 0 0 -0.759841 0 -0 -0.759841
131 136 0 0 0 0 0 -0.143388 0 -0.143388
135 136 0.018091 0 -1.37059 0 0 0 0 -1.3525
132 137 0 0 0 0 0 -0.147454 0 -0.147454
131 137 0 0 0 0 -0.754427 0 -0 -0.754427
130 137 0 0 0 0 0 -0.100675 0 -0.100675
136 137 0.00689037 0 -1.19902 0 0 0 0 -1.19213
131 138 0 0 0 0 0 -0.072652 0 -0.072652
130 138 0 0 0 0 -0.771959 0 -0 -0.771959
129 138 0 0 0 0 0 -0.12075 0 -0.12075
137 138 0.345709 0 -0.887836 0 0 0 0 -0.542128
130 139 0 0 0 0 0 -0.114531 0 -0.114531
129 139 0 0 0 0 0 -1.34673e-07 -0 -1.34673e-07
128 139 0 0 0 0 0 -0.0155045 -0 -0.0155045
138 139 0.00415024 0 -1.36074 0 0 0 0 -1.35659
119 140 0 0 0 0 -0.0292397 -0.00286005 -0 -0.0320997
118 140 0 0 0 0 0 -0.00257392 0 -0.00257392
119 141 0 0 0 0 0 -0.139614 0 -0.139614
118 141 0 0 0 0 -0.653925 0 -0 -0.653925
117 141 0 0 0 0 0 -0.177613 0 -0.177613
140 141 0.113286 0 -1.04018 0 0 0 0 -0.926891
118 142 0 0 0 0 0 -0.100849 0 -0.100849
116 142 0 0 0 0 0 -0.13594 -0 -0.13594
141 142 0.0410001 0 -1.22134 0 0 0 0 -1.18034
117 143 0 0 0 0 0 -0.123744 0 -0.123744
116 143 0 0 0 0 -0.609782 0 -0 -0.609782
115 143 0 0 0 0 0 -0.0782164 -0 -0.0782164
142 143 0.0827394 0 -1.21144 0 0 0 0 -1.1287
114 144 0 0 0 0 0 -0.180356 0 -0.180356
116 144 0 0 0 0 0 -0.132656 0 -0.132656
143 144 0.00120973 0 -1.23091 0 0 0 0 -1.2297
113 145 0 0 0 0 0 -0.0753499 0 -0.0753499
115 145 0 0 0 0 0 -0.141996 0 -0.141996
144 145 0.0775351 0 -1.10585 0 0 0 0 -1.02832
114 146 0 0 0 0 -0 -0.174871 0 -0.174871
113 146 0 0 0 0 -0.440826 0 -0 -0.440826
112 146 0 0 0 0 -0 -0.10832 0 -0.10832
145 146 0.000726872 0 -0.879601 0 0 0 0 -0.878874
113 147 0 0 0 0 -0 -0.142843 -0 -0.142843
112 147 0 0 0 0 -0.826045 0 -0 -0.826045
111 147 0 0 0 0 0 -0.167585 0 -0.167585
146 147 0.0164834 0 -0.835841 0 0 0 0 -0.819358
112 148 0 0 0 0 0 -0.0854166 0 -0.0854166
111 148 0 0 0 0 -0.373764 -6.58636e-06 -0 -0.37377
110 148 0 0 0 0 0 -0.097269 0 -0.097269
147 148 0.190522 0 -1.2899 0 0 0 0 -1.09937
111 149 0 0 0 0 0 -0.127599 -0 -0.127599
110 149 0 0 0 0 -0.761466 0 -0 -0.761466
109 149 0 0 0 0 0 -0.170346 0 -0.170346
148 149 0.00189857 0 -1.04669 0 0 0 0 -1.04479
110 150 0 0 0 0 0 -0.115888 0 -0.115888
109 150 0 0 0 0 -0.563771 0 -0 -0.563771
108 150 0 0 0 0 0 -0.162693 0 -0.162693
149 150 0.0640162 0 -1.03925 0 0 0 0 -0.97523
109 151 0 0 0 0 0 -0.0457943 -0 -0.0457943
108 151 0 0 0 0 -0.74197 0 -0 -0.74197
107 151 0 0 0 0 0 -0.140132 0 -0.140132
150 151 0.00999054 0 -1.22354 0 0 0 0 -1.21355
108 152 0 0 0 0 0 -0.0380681 -0 -0.0380681
107 152 0 0 0 0 -0.752164 0 -0 -0.752164
106 152 0 0 0 0 -1.02262e-29 -0.0917554 0 -0.0917554
151 152 0.15114 0 -1.18836 0 0 0 0 -1.03722
107 153 0 0 0 0 -0 -0.0869813 -0 -0.0869813
106 153 0 0 0 0 -0.732966 0 -0 -0.732966
105 153 0 0 0 0 0 -0.0420551 0 -0.0420551
152 153 0.00180543 0 -1.09406 0 0 0 0 -1.09225
106 154 0 0 0 0 -0 -0.139435 0 -0.139435
105 154 0 0 0 0 0 -0.000564856 -0 -0.000564856
104 154 0 0 0 0 0 -0.0570763 0 -0.0570763
153 154 0.000626275 0 -1.23223 0 0 0 0 -1.23161
105 155 0 0 0 0 0 -0.0423789 0 -0.0423789
103 155 0 0 0 0 0 -0.127526 0 -0.127526
154 155 0.272198 0 -1.05479 0 0 0 0 -0.782591
104 156 0 0 0 0 0 -0.098364 -0 -0.098364
103 156 0 0 0 0 -0.7017 0 -0 -0.7017
102 156 0 0 0 0 0 -0.157409 0 -0.157409
155 156 0.00642863 0 -1.41194 0 0 0 0 -1.40551
103 157 0 0 0 0 0 -0.0270643 -0 -0.0270643
101 157 0 0 0 0 0 -0.147134 -0 -0.147134
156 157 0.0543462 0 -0.851314 0 0 0 0 -0.796968
100 158 0 0 0 0 0 -0.190101 0 -0.190101
102 158 0 0 0 0 0 -0.104526 -0 -0.104526
101 158 0 0 0 0 -0.695197 0 -0 -0.695197
157 158 0.0973706 0 -1.03594 0 0 0 0 -0.938572
100 159 0 0 0 0 -0.771631 0 -0 -0.771631
101 159 0 0 0 0 0 -0.167784 0 -0.167784
158 159 0.0167202 0 -1.32468 0 0 0 0 -1.30796
160 161 0.0206166 0 -1.39132 0 0 0 0 -1.3707
161 162 0.0100312 0 -1.1591 0 0 0 0 -1.14907
162 163 0.00851739 0 -0.794215 0 0 0 0 -0.785697
163 164 0.0943434 0 0 0 0 0 0 0.0943434
164 165 2.22268e-05 0 -1.38115 0 0 0 0 -1.38113
165 166 0.0887154 0 0 0 0 0 0 0.0887154
166 167 0.0039847 0 -1.23334 0 0 0 0 -1.22935
167 168 0.0567768 0 -1.39476 0 0 0 0 -1.33798
168 169 0.00415644 0 -1.29466 0 0 0 0 -1.29051
169 170 0.000789492 0 -1.19894 0 0 0 0 -1.19815
170 171 0.00149768 0 -1.03161 0 0 0 0 -1.03012
171 172 0.00109823 0 -1.33264 0 0 0 0 -1.33154
172 173 0.030557 0 -1.09232 0 0 0 0 -1.06177
173 174 0.0707572 0 0 0 0 0 0 0.0707572
172 175 0 0 0 0 0 -0.0966628 -0 -0.0966628
171 175 0 0 0 0 -0.354953 0 -0 -0.354953
170 175 0 0 0 0 0 -0.151639 0 -0.151639
174 175 0.0948375 0 -0 0 0 0 0 0.0948375
171 176 0 0 0 0 0 -0.190221 0 -0.190221
170 176 0 0 0 0 -0.829328 0 -0 -0.829328
169 176 0 0 0 0 0 -0.131751 0 -0.131751
175 176 0.0491186 0 -1.231 0 0 0 0 -1.18188
170 177 0 0 0 0 0 -0.177077 0 -0.177077
169 177 0 0 0 0 -0.799926 0 -0 -0.799926
168 177 0 0 0 0 0 -0.100954 0 -0.100954
176 177 0.0314195 0 -1.02695 0 0 0 0 -0.995535
167 178 0 0 0 0 0 -0.113857 -0 -0.113857
169 178 0 0 0 0 0 -0.161267 0 -0.161267
168 178 0 0 0 0 -0.752281 0 -0 -0.752281
177 178 0.0193209 0 -1.13955 0 0 0 0 -1.12023
178 179 0.0155369 0 0 0 0 0 0 0.0155369
180 181 0.0113774 0 -1.12692 0 0 0 0 -1.11555
181 182 0.00989415 0 -0.776441 0 0 0 0 -0.766547
182 183 0.0766104 0 -1.04287 0 0 0 0 -0.966258
183 184 0.00178238 0 -0.973142 0 0 0 0 -0.97136
184 185 0.00314692 0 0 0 0 0 0 0.00314692
185 186 0.0666703 0 -1.19265 0 0 0 0 -1.12598
186 187 0.0257104 0 -1.35512 0 0 0 0 -1.32941
187 188 0.0204604 0 -1.26582 0 0 0 0 -1.24536
188 189 0.191141 0 -1.25721 0 0 0 0 -1.06607
189 190 0.00870408 0 -1.30009 0 0 0 0 -1.29139
190 191 0.16135 0 -1.15926 0 0 0 0 -0.997911
191 192 0.00918059 0 -1.3143 0 0 0 0 -1.30512
192 193 0.000745383 0 0 0 0 0 0 0.000745383
189 194 0 0 0 0 -0 -0.156394 -0 -0.156394
191 194 0 0 0 0 -0 -0.00858407 0 -0.00858407
190 194 0 0 0 0 0 -7.43937e-06 -0 -7.43937e-06
193 194 0.0084282 0 0 0 0 0 0 0.0084282
189 195 0 0 0 0 -0.68941 0 -0 -0.68941
188 195 0 0 0 0 0 -0.089263 0 -0.089263
190 195 0 0 0 0 0 -0.0685274 0 -0.0685274
194 195 1.24035e-05 0 -1.38547 0 0 0 0 -1.38546
189 196 0 0 0 0 0 -0.156603 0 -0.156603
188 196 0 0 0 0 -0.759842 0 -0 -0.759842
187 196 0 0 0 0 0 -0.19342 0 -0.19342
195 196 0.122424 0 -0.954097 0 0 0 0 -0.831673
188 197 0 0 0 0 0 -0.198929 0 -0.198929
187 197 0 0 0 0 -0.738349 0 -0 -0.738349
186 197 0 0 0 0 -0 -0.117562 0 -0.117562
196 197 0.00616402 0 -1.35917 0 0 0 0 -1.353
187 198 0 0 0 0 0 -0.142422 0 -0.142422
197 198 0.0392814 0 -1.28262 0 0 0 0 -1.24334
198 199 0.0203742 0 0 0 0 0 0 0.0203742
200 201 0.00897281 0 -1.09979 0 0 0 0 -1.09082
201 202 0.0249105 0 -1.24038 0 0 0 0 -1.21547
202 203 0.00483977 0 -1.27469 0 0 0 0 -1.26985
203 204 0.0822553 0 -1.01831 0 0 0 0 -0.936057
204 205 0.000495721 0 -1.21051 0 0 0 0 -1.21002
205 206 0.015998 0 -1.22789 0 0 0 0 -1.2119
206 207 0.0557495 0 -1.16334 0 0 0 0 -1.10759
207 208 0.00242333 0 -1.39344 0 0 0 0 -1.39102
208 209 0.00433402 0 -1.3647 0 0 0 0 -1.36036
209 210 0.00169219 0 0 0 0 0 0 0.00169219
208 211 0 0 0 0 -0 -0.00509289 -0 -0.00509289
207 211 0 0 0 0 0 -0.189136 0 -0.189136
210 211 0.00200365 0 0 0 0 0 0 0.00200365
208 212 0 0 0 0 0 -0.0874104 0 -0.0874104
207 212 0 0 0 0 -0.562497 0 -0 -0.562497
206 212 0 0 0 0 0 -0.110862 0 -0.110862
211 212 0.0474944 0 -1.3137 0 0 0 0 -1.2662
207 213 0 0 0 0 0 -0.190754 0 -0.190754
206 213 0 0 0 0 -0.796271 0 -0 -0.796271
205 213 0 0 0 0 0 -0.126255 -0 -0.126255
212 213 4.62724e-05 0 -0.837057 0 0 0 0 -0.837011
206 214 0 0 0 0 0 -0.179077 0 -0.179077
205 214 0 0 0 0 -0.841665 0 -0 -0.841665
204 214 0 0 0 0 0 -0.155106 0 -0.155106
213 214 0.00526926 0 -1.25725 0 0 0 0 -1.25198
203 215 0 0 0 0 0 -0.142548 0 -0.142548
205 215 0 0 0 0 0 -0.150518 0 -0.150518
204 215 0 0 0 0 -0.745333 0 -0 -0.745333
214 215 0.030231 0 -1.26326 0 0 0 0 -1.23303
203 216 0 0 0 0 -0.613124 0 -0 -0.613124
202 216 0 0 0 0 0 -0.110554 -0 -0.110554
204 216 0 0 0 0 0 -0.0801263 -0 -0.0801263
215 216 0.00827558 0 -1.09112 0 0 0 0 -1.08284
203 217 0 0 0 0 0 -0.0469852 -0 -0.0469852
202 217 0 0 0 0 -0.557201 0 -0 -0.557201
201 217 0 0 0 0 0 -0.129291 0 -0.129291
216 217 0.00299651 0 -1.20006 0 0 0 0 -1.19707
202 218 0 0 0 0 0 -0.163785 0 -0.163785
201 218 0 0 0 0 -0.675003 -1.77791e-09 -0 -0.675003
217 218 0.000191204 0 -1.12776 0 0 0 0 -1.12757
201 219 0 0 0 0 0 -0.177551 0 -0.177551
200 219 0 0 0 0 0 -0.00759983 -0 -0.00759983
218 219 0.140537 0 -1.29261 0 0 0 0 -1.15207
220 221 0.0236155 0 -1.20535 0 0 0 0 -1.18174
221 222 0.0747316 0 -1.00119 0 0 0 0 -0.926463
222 223 0.015566 0 -1.2273 0 0 0 0 -1.21174
223 224 7.79366e-05 0 -0.945937 0 0 0 0 -0.945859
224 225 0.0044664 0 -1.24443 0 0 0 0 -1.23996
225 226 0.0163712 0 -1.01473 0 0 0 0 -0.998356
226 227 0.00221307 0 -1.26083 0 0 0 0 -1.25862
227 228 0.0016954 0 -1.22449 0 0 0 0 -1.2228
228 229 0.000300915 0 -0.917683 0 0 0 0 -0.917382
229 230 0.00348596 0 -1.17228 0 0 0 0 -1.16879
230 231 0.00426802 0 -1.1427 0 0 0 0 -1.13843
231 232 0.000286044 0 -1.12996 0 0 0 0 -1.12968
232 233 0.127517 0 -1.28743 0 0 0 0 -1.15991
233 234 0.00823601 0 -1.37819 0 0 0 0 -1.36995
234 235 0.0440692 0 -1.23558 0 0 0 0 -1.19151
235 236 0.00106268 0 -1.22272 0 0 0 0 -1.22165
236 237 0.0242995 0 -1.12234 0 0 0 0 -1.09805
237 238 0.0806654 0 -1.22214 0 0 0 0 -1.14147
238 239 0.194796 0 0 0 0 0 0 0.194796
240 241 0.00290026 0 0 0 0 0 0 0.00290026
241 242 0.0216592 0 -0.973109 0 0 0 0 -0.95145
242 243 0.123202 0 -1.25222 0 0 0 0 -1.12902
243 244 0.00106262 0 -1.20689 0 0 0 0 -1.20583
244 245 0.00308161 0 -0.902195 0 0 0 0 -0.899114
245 246 0.030663 0 -0 0 0 0 0 0.030663
246 247 0.00761996 0 -1.18226 0 0 0 0 -1.17464
247 248 0.105818 0 -1.20559 0 0 0 0 -1.09977
248 249 0.0262418 0 -0.959039 0 0 0 0 -0.932798
249 250 0.0189404 0 -1.29159 0 0 0 0 -1.27265
250 251 0.0197765 0 -1.13723 0 0 0 0 -1.11745
251 252 0.00311722 0 -1.21408 0 0 0 0 -1.21096
252 253 0.053905 0 -1.31336 0 0 0 0 -1.25945
253 254 0.0133528 0 -1.1498 0 0 0 0 -1.13645
254 255 0.242067 0 -1.07432 0 0 0 0 -0.832257
255 256 0.0595149 0 -1.3034 0 0 0 0 -1.24389
256 257 0.0746583 0 -1.39705 0 0 0 0 -1.32239
257 258 0.0567858 0 -1.11311 0 0 0 0 -1.05632
258 259 0.062825 0 -1.20776 0 0 0 0 -1.14494
260 261 9.90134e-05 0 -0.730575 0 0 0 0 -0.730476
261 262 0.023644 0 -1.09406 0 0 0 0 -1.07042
262 263 0.113681 0 0 0 0 0 0 0.113681
263 264 0.0513687 0 0 0 0 0 0 0.0513687
264 265 0.00927705 0 -1.12749 0 0 0 0 -1.11821
265 266 0.267036 0 -0.836485 0 0 0 0 -0.569449
261 267 0 0 0 0 0 -0.181544 0 -0.181544
262 267 0 0 0 0 -0.760486 0 -0 -0.760486
266 267 0.00178418 0 -0.912129 0 0 0 0 -0.910345
261 268 0 0 0 0 -0.595873 -7.49934e-17 -0 -0.595873
260 268 0 0 0 0 0 -0.134884 0 -0.134884
262 268 0 0 0 0 0 -0.10573 0 -0.10573
267 268 0.00502938 0 -1.19983 0 0 0 0 -1.1948
261 269 0 0 0 0 0 -0.127897 0 -0.127897
260 269 0 0 0 0 -0.78813 0 -0 -0.78813
268 269 0.0405374 0 -1.38492 0 0 0 0 -1.34438
260 270 0 0 0 0 0 -0.0680956 0 -0.0680956
269 270 0.00887649 0 -1.18747 0 0 0 0 -1.1786
270 271 0.114796 0 -1.06744 0 0 0 0 -0.952646
271 272 0.0183408 0 -1.02924 0 0 0 0 -1.0109
272 273 0.000706397 0 -1.35803 0 0 0 0 -1.35733
273 274 0.0364693 0 -1.3448 0 0 0 0 -1.30833
274 275 0.265462 0 -1.19565 0 0 0 0 -0.930185
275 276 0.10557 0 -1.37776 0 0 0 0 -1.27219
276 277 7.36808e-05 0 -1.08191 0 0 0 0 -1.08183
277 278 0.103182 0 -1.34242 0 0 0 0 -1.23924
278 279 0.00376162 0 -1.24359 0 0 0 0 -1.23983
280 281 0.0169533 0 -1.33773 0 0 0 0 -1.32078
281 282 0.0507814 0 -1.01927 0 0 0 0 -0.96849
282 283 0.0294065 0 -1.15462 0 0 0 0 -1.12522
283 284 2.31115e-05 0 -0.989267 0 0 0 0 -0.989244
284 285 0.000354202 0 -1.02883 0 0 0 0 -1.02848
285 286 0.00182275 0 -1.18976 0 0 0 0 -1.18794
283 287 0 0 0 0 0 -0.0642749 0 -0.0642749
282 287 0 0 0 0 -0.64508 -5.14915e-20 -0 -0.64508
281 287 0 0 0 0 0 -0.00077709 0 -0.00077709
286 287 0.0883888 0 0 0 0 0 0 0.0883888
282 288 0 0 0 0 0 -0.088138 -0 -0.088138
281 288 0 0 0 0 -0.625883 0 -0 -0.625883
280 288 0 0 0 0 0 -0.122209 -0 -0.122209
287 288 0.000598287 0 -0.961882 0 0 0 0 -0.961284
281 289 0 0 0 0 0 -0.176466 0 -0.176466
280 289 0 0 0 0 -0.846235 0 -0 -0.846235
288 289 0.031426 0 -1.04901 0 0 0 0 -1.01758
280 290 0 0 0 0 0 -0.133181 -0 -0.133181
289 290 0.0194474 0 -1.37951 0 0 0 0 -1.36006
290 291 0.0571732 0 -1.11137 0 0 0 0 -1.05419
291 292 0.00358226 0 -1.17444 0 0 0 0 -1.17086
292 293 0.0778716 0 -0.953455 0 0 0 0 -0.875583
293 294 0.111901 0 -1.25345 0 0 0 0 -1.14155
259 295 0 0 0 0 0 -0.000282977 0 -0.000282977
294 295 9.22679e-05 0 -0.951193 0 0 0 0 -0.951101
259 296 0 0 0 0 -0.464066 0 -0 -0.464066
258 296 0 0 0 0 0 -0.0772892 0 -0.0772892
295 296 0.174661 0 -1.02832 0 0 0 0 -0.85366
259 297 0 0 0 0 0 -0.11144 -0 -0.11144
258 297 0 0 0 0 -0.419192 0 -0 -0.419192
257 297 0 0 0 0 0 -0.126292 -0 -0.126292
296 297 0.00158432 0 -1.25479 0 0 0 0 -1.25321
258 298 0 0 0 0 0 -0.0304097 -0 -0.0304097
257 298 0 0 0 0 -0.603888 0 -0 -0.603888
256 298 0 0 0 0 0 -0.133771 0 -0.133771
297 298 0.109809 0 -1.31439 0 0 0 0 -1.20458
257 299 0 0 0 0 0 -0.0595929 -0 -0.0595929
256 299 0 0 0 0 -0.344599 0 -0 -0.344599
255 299 0 0 0 0 0 -0.0630209 0 -0.0630209
298 299 0.0102978 0 -1.1957 0 0 0 0 -1.1854
300 301 0.00011633 0 -1.07433 0 0 0 0 -1.07422
301 302 0.00119477 0 -1.09647 0 0 0 0 -1.09527
302 303 0.0288491 0 -1.33893 0 0 0 0 -1.31008
303 304 0.0408088 0 -1.36079 0 0 0 0 -1.31998
304 305 0.00367079 0 -1.272 0 0 0 0 -1.26832
305 306 0.0214863 0 -1.32133 0 0 0 0 -1.29984
306 307 0.0987262 0 -1.25761 0 0 0 0 -1.15889
307 308 0.0400975 0 -1.17729 0 0 0 0 -1.13719
308 309 0.419757 0 -1.11211 0 0 0 0 -0.692353
309 310 4.29934e-05 0 -1.18492 0 0 0 0 -1.18487
310 311 0.0041365 0 -0.997902 0 0 0 0 -0.993766
311 312 0.0395123 0 -1.32693 0 0 0 0 -1.28742
312 313 0.0466581 0 0 0 0 0 0 0.0466581
313 314 0.0524137 0 -0.84423 0 0 0 0 -0.791816
314 315 0.00129626 0 -1.33119 0 0 0 0 -1.3299
309 316 0 0 0 0 0 -0.0287668 0 -0.0287668
308 316 0 0 0 0 0 -0.00355188 -0 -0.00355188
307 316 0 0 0 0 -0 -0.0563747 0 -0.0563747
315 316 0.0652515 0 -1.08107 0 0 0 0 -1.01582
308 317 0 0 0 0 0 -0.0946672 0 -0.0946672
307 317 0 0 0 0 -0.698657 0 -0 -0.698657
306 317 0 0 0 0 0 -0.0723167 0 -0.0723167
316 317 0.00100123 0 -1.35363 0 0 0 0 -1.35262
307 318 0 0 0 0 0 -0.147796 0 -0.147796
306 318 0 0 0 0 -0.515363 0 -0 -0.515363
305 318 0 0 0 0 0 -0.0255144 -0 -0.0255144
317 318 0.0265484 0 -1.15667 0 0 0 0 -1.13013
306 319 0 0 0 0 0 -0.106715 0 -0.106715
305 319 0 0 0 0 -0.595267 0 -0 -0.595267
304 319 0 0 0 0 -0 -0.0138915 0 -0.0138915
318 319 0.0955258 0 -1.17445 0 0 0 0 -1.07893
320 321 0.0738635 0 -1.39355 0 0 0 0 -1.31969
321 322 0.00120927 0 -1.14714 0 0 0 0 -1.14593
322 323 0.000104526 0 -1.11004 0 0 0 0 -1.10994
323 324 0.0983861 0 -1.11504 0 0 0 0 -1.01665
324 325 0.153835 0 -1.02631 0 0 0 0 -0.872474
325 326 0.00738767 0 -0 0 0 0 0 0.00738767
326 327 0.0858077 0 -1.41012 0 0 0 0 -1.32431
327 328 0.0768323 0 -1.21007 0 0 0 0 -1.13324
328 329 0.000430486 0 -1.1735 0 0 0 0 -1.17307
329 330 0.0261899 0 -1.04198 0 0 0 0 -1.01579
19 331 0 0 0 0 0 -0.0518162 0 -0.0518162
330 331 0.0178574 0 -1.15195 0 0 0 0 -1.13409
19 332 0 0 0 0 -0.753924 0 -0 -0.753924
18 332 0 0 0 0 0 -0.101563 0 -0.101563
331 332 0.00592282 0 -0.841059 0 0 0 0 -0.835136
19 333 0 0 0 0 0 -0.190976 0 -0.190976
18 333 0 0 0 0 -0.704817 0 -0 -0.704817
17 333 0 0 0 0 0 -0.0944713 0 -0.0944713
332 333 0.0500877 0 -1.29028 0 0 0 0 -1.2402
18 334 0 0 0 0 0 -0.025685 0 -0.025685
17 334 0 0 0 0 0 -2.64771e-27 0 -2.64771e-27
16 334 0 0 0 0 -4.9784e-28 -0.110075 0 -0.110075
333 334 0.0667368 0 -0.883451 0 0 0 0 -0.816714
17 335 0 0 0 0 0 -0.110801 0 -0.110801
16 335 0 0 0 0 -0.725745 0 -0 -0.725745
15 335 0 0 0 0 0 -0.113373 -0 -0.113373
334 335 0.000708049 0 -1.04092 0 0 0 0 -1.04021
16 336 0 0 0 0 0 -0.146319 0 -0.146319
15 336 0 0 0 0 -0.488862 0 -0 -0.488862
14 336 0 0 0 0 0 -0.0438389 0 -0.0438389
13 336 0 0 0 0 -0 -0.150802 0 -0.150802
335 336 0.16429 0 -1.40294 0 0 0 0 -1.23865
15 337 0 0 0 0 -0 -0.0580942 -0 -0.0580942
14 337 0 0 0 0 0 -0.0266832 -0 -0.0266832
13 337 0 0 0 0 -0.79136 0 -0 -0.79136
12 337 0 0 0 0 0 -0.101497 0 -0.101497
336 337 0.214962 0 -1.35822 0 0 0 0 -1.14325
14 338 0 0 0 0 -0 -0.00554264 0 -0.00554264
13 338 0 0 0 0 0 -0.124371 0 -0.124371
12 338 0 0 0 0 -0.680738 0 -0 -0.680738
11 338 0 0 0 0 0 -0.158346 0 -0.158346
337 338 0.05943 0 -1.08212 0 0 0 0 -1.02269
12 339 0 0 0 0 0 -0.113475 -0 -0.113475
11 339 0 0 0 0 -0.479584 0 -0 -0.479584
10 339 0 0 0 0 0 -0.125074 -0 -0.125074
338 339 0.00787503 0 -1.08736 0 0 0 0 -1.07949
340 341 0.175636 0 -1.3157 0 0 0 0 -1.14007
341 342 0.0664133 0 -1.37102 0 0 0 0 -1.3046
342 343 0.00802819 0 -1.21538 0 0 0 0 -1.20735
343 344 0.0549026 0 -1.09194 0 0 0 0 -1.03704
344 345 0.0347576 0 -0 0 0 0 0 0.0347576
345 346 0.0118915 0 -1.40543 0 0 0 0 -1.39354
346 347 0.0538772 0 -1.3354 0 0 0 0 -1.28153
256 348 0 0 0 0 0 -0.124773 -0 -0.124773
255 348 0 0 0 0 -0.774606 0 -0 -0.774606
254 348 0 0 0 0 0 -0.131731 -0 -0.131731
347 348 0.0515022 0 0 0 0 0 0 0.0515022
255 349 0 0 0 0 0 -0.145722 0 -0.145722
253 349 0 0 0 0 0 -0.135311 -0 -0.135311
348 349 0.00564612 0 -1.22508 0 0 0 0 -1.21944
254 350 0 0 0 0 0 -0.0943756 0 -0.0943756
253 350 0 0 0 0 -0.726605 0 -0 -0.726605
252 350 0 0 0 0 0 -0.176858 0 -0.176858
349 350 0.00499246 0 -0.836053 0 0 0 0 -0.831061
253 351 0 0 0 0 0 -0.0962785 -0 -0.0962785
252 351 0 0 0 0 -0.78981 0 -0 -0.78981
251 351 0 0 0 0 0 -0.184711 0 -0.184711
350 351 0.0209733 0 -1.23821 0 0 0 0 -1.21723
252 352 0 0 0 0 0 -0.136884 0 -0.136884
250 352 0 0 0 0 0 -0.106559 0 -0.106559
351 352 0.00599337 0 -1.33959 0 0 0 0 -1.3336
251 353 0 0 0 0 0 -0.0740916 -0 -0.0740916
249 353 0 0 0 0 0 -0.0678207 -0 -0.0678207
352 353 0.0446395 0 -1.15394 0 0 0 0 -1.1093
250 354 0 0 0 0 0 -0.0805148 0 -0.0805148
249 354 0 0 0 0 -0.415389 -4.08428e-07 -0 -0.415389
248 354 0 0 0 0 0 -0.0467147 -0 -0.0467147
353 354 0.282205 0 -0.406619 0 0 0 0 -0.124414
247 355 0 0 0 0 0 -0.00397708 -0 -0.00397708
249 355 0 0 0 0 -0 -0.0454421 0 -0.0454421
354 355 0.174307 0 -1.22648 0 0 0 0 -1.05217
247 356 0 0 0 0 -0.818236 0 -0 -0.818236
246 356 0 0 0 0 0 -0.158339 0 -0.158339
248 356 0 0 0 0 0 -0.191162 0 -0.191162
355 356 0.00112278 0 -0.894621 0 0 0 0 -0.893498
245 357 0 0 0 0 -0 -0.0113258 0 -0.0113258
244 357 0 0 0 0 0 -0.113658 0 -0.113658
247 357 0 0 0 0 -0 -0.168836 0 -0.168836
246 357 0 0 0 0 0 -4.4791e-06 -0 -4.4791e-06
356 357 0.0119934 0 -1.27196 0 0 0 0 -1.25997
245 358 0 0 0 0 0 -5.57153e-06 0 -5.57153e-06
244 358 0 0 0 0 -0.819125 0 -0 -0.819125
243 358 0 0 0 0 0 -0.19332 0 -0.19332
246 358 0 0 0 0 0 -0.0287225 0 -0.0287225
357 358 0.233812 0 -1.25872 0 0 0 0 -1.02491
244 359 0 0 0 0 0 -0.193711 0 -0.193711
243 359 0 0 0 0 -0.718243 0 -0 -0.718243
242 359 0 0 0 0 0 -0.1736 0 -0.1736
358 359 0.0216362 0 -1.2997 0 0 0 0 -1.27806
360 361 0.101852 0 -1.20008 0 0 0 0 -1.09823
361 362 0.0798066 0 -0.830606 0 0 0 0 -0.7508
362 363 0.00586735 0 -1.16829 0 0 0 0 -1.16242
363 364 0.139924 0 -1.05401 0 0 0 0 -0.914087
364 365 0.00104208 0 -1.31836 0 0 0 0 -1.31732
365 366 0.0120973 0 -1.10224 0 0 0 0 -1.09014
366 367 0.0430607 0 -1.36572 0 0 0 0 -1.32266
367 368 0.0117934 0 -1.21706 0 0 0 0 -1.20526
368 369 0.0732889 0 -1.04012 0 0 0 0 -0.966832
369 370 0.0995829 0 -1.23254 0 0 0 0 -1.13296
370 371 0.0957349 0 -0.926529 0 0 0 0 -0.830794
371 372 3.10461e-06 0 -1.39658 0 0 0 0 -1.39658
372 373 0.0785398 0 -0.796394 0 0 0 0 -0.717854
373 374 0.00905783 0 -1.01572 0 0 0 0 -1.00667
374 375 0.00775414 0 -0.896824 0 0 0 0 -0.88907
375 376 0.00118291 0 -1.2551 0 0 0 0 -1.25392
376 377 0.0128463 0 -1.33607 0 0 0 0 -1.32322
377 378 0.00151804 0 -1.05116 0 0 0 0 -1.04965
378 379 0.0499669 0 -0.787858 0 0 0 0 -0.737891
379 380 0 0 0 0 -0.847589 0 -0 -0.847589
378 380 0 0 0 0 0 -0.0978868 -0 -0.0978868
379 381 0 0 0 0 0 -0.207511 0 -0.207511
378 381 0 0 0 0 -0.767801 0 -0 -0.767801
377 381 0 0 0 0 0 -0.147774 0 -0.147774
380 381 0.0232179 0 -1.35075 0 0 0 0 -1.32753
378 382 0 0 0 0 0 -0.17649 0 -0.17649
377 382 0 0 0 0 -0.797704 0 -0 -0.797704
376 382 0 0 0 0 -0 -0.166284 -0 -0.166284
381 382 0.0295681 0 -1.31665 0 0 0 0 -1.28708
377 383 0 0 0 0 -0 -0.079509 0 -0.079509
376 383 0 0 0 0 -0.773185 0 -0 -0.773185
375 383 0 0 0 0 0 -0.049471 0 -0.049471
382 383 0.0291377 0 -0.644859 0 0 0 0 -0.615721
376 384 0 0 0 0 -0 -0.0731806 0 -0.0731806
375 384 0 0 0 0 0 -2.82181e-06 -0 -2.82181e-06
374 384 0 0 0 0 0 -0.120963 0 -0.120963
383 384 0.00325773 0 -0.937704 0 0 0 0 -0.934446
375 385 0 0 0 0 0 -0.00869752 0 -0.00869752
373 385 0 0 0 0 0 -0.184656 0 -0.184656
384 385 0.0490419 0 -1.25592 0 0 0 0 -1.20687
374 386 0 0 0 0 0 -0.0228998 -0 -0.0228998
373 386 0 0 0 0 -0.559882 0 -0 -0.559882
372 386 0 0 0 0 0 -0.155788 0 -0.155788
385 386 0.0111817 0 -1.21054 0 0 0 0 -1.19935
373 387 0 0 0 0 0 -0.00890533 -0 -0.00890533
371 387 0 0 0 0 0 -0.0260208 0 -0.0260208
386 387 0.00108599 0 -0.944334 0 0 0 0 -0.943248
372 388 0 0 0 0 0 -0.0510853 0 -0.0510853
371 388 0 0 0 0 -0.295196 -3.33349e-17 -0 -0.295196
370 388 0 0 0 0 0 -0.109525 -0 -0.109525
387 388 0.00604793 0 -1.06711 0 0 0 0 -1.06106
371 389 0 0 0 0 0 -0.0731352 0 -0.0731352
370 389 0 0 0 0 -0.680772 0 -0 -0.680772
369 389 0 0 0 0 0 -0.0583655 0 -0.0583655
388 389 0.00403974 0 -1.24898 0 0 0 0 -1.24494
370 390 0 0 0 0 0 -0.174568 0 -0.174568
368 390 0 0 0 0 0 -0.0743011 0 -0.0743011
369 390 0 0 0 0 -0.726193 0 -0 -0.726193
389 390 0.00714428 0 -1.18561 0 0 0 0 -1.17846
368 391 0 0 0 0 -0.533818 -1.24813e-17 -0 -0.533818
367 391 0 0 0 0 0 -0.179507 0 -0.179507
369 391 0 0 0 0 0 -0.042616 0 -0.042616
390 391 0.251325 0 -1.06897 0 0 0 0 -0.817641
368 392 0 0 0 0 0 -0.150783 0 -0.150783
366 392 0 0 0 0 0 -0.108879 -0 -0.108879
391 392 0.000369164 0 -1.24806 0 0 0 0 -1.2477
365 393 0 0 0 0 0 -0.19819 0 -0.19819
367 393 0 0 0 0 0 -0.159459 0 -0.159459
366 393 0 0 0 0 -0.374553 0 -0 -0.374553
392 393 0.0367541 0 -1.02182 0 0 0 0 -0.985065
364 394 0 0 0 0 0 -0.145469 -0 -0.145469
366 394 0 0 0 0 0 -0.100749 0 -0.100749
393 394 0.186235 0 -1.39286 0 0 0 0 -1.20662
365 395 0 0 0 0 0 -0.137377 -0 -0.137377
363 395 0 0 0 0 0 -0.0406426 -0 -0.0406426
394 395 0.00795971 0 -1.18676 0 0 0 0 -1.1788
364 396 0 0 0 0 -0 -0.00781737 -0 -0.00781737
363 396 0 0 0 0 -0.740964 0 -0 -0.740964
362 396 0 0 0 0 -5.17681e-30 -0.130572 -0 -0.130572
395 396 0.13401 0 -0.964667 0 0 0 0 -0.830657
363 397 0 0 0 0 -0 -0.165767 0 -0.165767
362 397 0 0 0 0 -0.820834 0 -0 -0.820834
361 397 0 0 0 0 0 -0.164769 0 -0.164769
396 397 0.158096 0 -1.29915 0 0 0 0 -1.14106
362 398 0 0 0 0 0 -0.179415 0 -0.179415
361 398 0 0 0 0 -0.728393 0 -0 -0.728393
360 398 0 0 0 0 0 -0.0971318 -0 -0.0971318
397 398 0.064342 0 -0.808943 0 0 0 0 -0.744601
361 399 0 0 0 0 0 -0.201917 0 -0.201917
360 399 0 0 0 0 -0.487762 0 -0 -0.487762
398 399 0.0490634 0 -1.291 0 0 0 0 -1.24193
400 401 0.0183331 0 -1.21542 0 0 0 0 -1.19708
401 402 0.0286338 0 -1.23952 0 0 0 0 -1.21089
402 403 0.0393277 0 -0.959643 0 0 0 0 -0.920316
403 404 0.00222624 0 -1.04436 0 0 0 0 -1.04213
79 405 0 0 0 0 0 -0.00952624 -0 -0.00952624
404 405 0.000698737 0 -1.23398 0 0 0 0 -1.23328
78 406 0 0 0 0 0 -0.0753638 0 -0.0753638
405 406 0.0479363 0 -1.25999 0 0 0 0 -1.21206
79 407 0 0 0 0 0 -0.106177 -0 -0.106177
78 407 0 0 0 0 -0.511243 -6.42897e-11 -0 -0.511243
77 407 0 0 0 0 0 -0.177455 0 -0.177455
406 407 0.345119 0 -1.08137 0 0 0 0 -0.736255
78 408 0 0 0 0 0 -0.202498 0 -0.202498
77 408 0 0 0 0 -0.747511 0 -0 -0.747511
76 408 0 0 0 0 0 -0.199244 0 -0.199244
407 408 0.0311015 0 -1.14997 0 0 0 0 -1.11887
77 409 0 0 0 0 0 -0.156344 0 -0.156344
76 409 0 0 0 0 -0.726177 0 -0 -0.726177
75 409 0 0 0 0 0 -0.0693307 -0 -0.0693307
408 409 0.0104301 0 -0.498538 0 0 0 0 -0.488108
76 410 0 0 0 0 -0 -0.0833566 0 -0.0833566
75 410 0 0 0 0 0 -0.000879902 -0 -0.000879902
409 410 0.0250827 0 -1.14328 0 0 0 0 -1.11819
77 411 0 0 0 0 0 -0.00536806 -0 -0.00536806
76 411 0 0 0 0 0 -0.015354 -0 -0.015354
75 411 0 0 0 0 0 -0.119485 0 -0.119485
410 411 0.182281 0 -0 0 0 0 0 0.182281
76 412 0 0 0 0 0 -0.0969116 0 -0.0969116
75 412 0 0 0 0 -0.71583 0 -0 -0.71583
74 412 0 0 0 0 0 -0.119465 0 -0.119465
411 412 0.0174258 0 -1.2481 0 0 0 0 -1.23068
73 413 0 0 0 0 0 -0.120473 0 -0.120473
75 413 0 0 0 0 0 -0.191379 0 -0.191379
74 413 0 0 0 0 -0.377578 0 -0 -0.377578
412 413 0.219689 0 -1.19627 0 0 0 0 -0.976583
73 414 0 0 0 0 -0.684191 0 -0 -0.684191
72 414 0 0 0 0 0 -0.215453 0 -0.215453
74 414 0 0 0 0 0 -0.0929873 0 -0.0929873
413 414 0.10306 0 -0.782188 0 0 0 0 -0.679128
70 415 0 0 0 0 0 -0.175436 0 -0.175436
73 415 0 0 0 0 0 -0.144946 0 -0.144946
72 415 0 0 0 0 -0.613811 0 -0 -0.613811
71 415 0 0 0 0 0 -0.162932 0 -0.162932
414 415 0.0956582 0 -1.17014 0 0 0 0 -1.07448
70 416 0 0 0 0 -0.647214 0 -0 -0.647214
69 416 0 0 0 0 0 -0.133844 -0 -0.133844
72 416 0 0 0 0 0 -0.0998361 0 -0.0998361
415 416 0.0141662 0 -1.30937 0 0 0 0 -1.29521
70 417 0 0 0 0 0 -0.166227 0 -0.166227
69 417 0 0 0 0 -0.773996 0 -0 -0.773996
68 417 0 0 0 0 0 -0.139569 -0 -0.139569
416 417 0.0019936 0 -0.866706 0 0 0 0 -0.864712
69 418 0 0 0 0 0 -0.194043 0 -0.194043
68 418 0 0 0 0 -0.868884 0 -0 -0.868884
67 418 0 0 0 0 0 -0.0876835 0 -0.0876835
417 418 3.75119e-05 0 -1.2561 0 0 0 0 -1.25607
68 419 0 0 0 0 0 -0.120999 0 -0.120999
67 419 0 0 0 0 0 -0.0203038 -0 -0.0203038
418 419 0.206842 0 -1.27604 0 0 0 0 -1.06919
404 420 0 0 0 0 0 -0.0756672 0 -0.0756672
403 420 0 0 0 0 0 -0.0544196 0 -0.0544196
402 420 0 0 0 0 0 -0.00254873 0 -0.00254873
403 421 0 0 0 0 -1.37717e-05 -0.0666417 0 -0.0666555
402 421 0 0 0 0 -0.366812 0 -0 -0.366812
401 421 0 0 0 0 0 -0.143852 0 -0.143852
420 421 0.0740759 0 -1.12816 0 0 0 0 -1.05409
402 422 0 0 0 0 0 -0.0872479 -0 -0.0872479
401 422 0 0 0 0 -0.691997 0 -0 -0.691997
400 422 0 0 0 0 0 -0.125933 0 -0.125933
421 422 0.0024876 0 -1.27174 0 0 0 0 -1.26926
401 423 0 0 0 0 -0 -0.183761 0 -0.183761
400 423 0 0 0 0 0 -0.000327816 -0 -0.000327816
422 423 0.00164008 0 -1.23009 0 0 0 0 -1.22845
400 424 0 0 0 0 0 -0.0590712 0 -0.0590712
423 424 3.32371e-08 0 -1.28799 0 0 0 0 -1.28799
424 425 0.0583817 0 -1.15995 0 0 0 0 -1.10157
425 426 0.0376807 0 -1.19341 0 0 0 0 -1.15573
426 427 0.110359 0 -1.33954 0 0 0 0 -1.22918
427 428 0.0510839 0 -1.2436 0 0 0 0 -1.19251
428 429 0.00130682 0 -0.863903 0 0 0 0 -0.862596
429 430 0.0800254 0 -1.30191 0 0 0 0 -1.22188
430 431 0.000840317 0 -1.36335 0 0 0 0 -1.36251
431 432 0.0520316 0 -0 0 0 0 0 0.0520316
432 433 0.0112458 0 -1.18334 0 0 0 0 -1.1721
430 434 0 0 0 0 0 -4.29807e-05 0 -4.29807e-05
433 434 0.00646015 0 -1.26668 0 0 0 0 -1.26022
431 435 0 0 0 0 0 -0.00174939 0 -0.00174939
430 435 0 0 0 0 0 -0.00128724 -0 -0.00128724
429 435 0 0 0 0 0 -0.175328 0 -0.175328
434 435 0.045534 0 -1.23049 0 0 0 0 -1.18496
430 436 0 0 0 0 -0 -0.164092 0 -0.164092
429 436 0 0 0 0 -0.689311 0 -0 -0.689311
428 436 0 0 0 0 0 -0.119169 0 -0.119169
435 436 0.189986 0 -1.39684 0 0 0 0 -1.20685
429 437 0 0 0 0 0 -0.154325 0 -0.154325
428 437 0 0 0 0 -0.610024 0 -0 -0.610024
427 437 0 0 0 0 0 -0.142715 0 -0.142715
436 437 0.0122116 0 -1.34287 0 0 0 0 -1.33065
428 438 0 0 0 0 0 -0.132399 0 -0.132399
427 438 0 0 0 0 -0.725409 0 -0 -0.725409
426 438 0 0 0 0 0 -0.151523 0 -0.151523
437 438 0.045099 0 -0.981792 0 0 0 0 -0.936693
438 439 0.0122181 0 0 0 0 0 0 0.0122181
440 441 0.0326412 0 -1.27725 0 0 0 0 -1.24461
441 442 0.0122834 0 -1.10065 0 0 0 0 -1.08837
442 443 0.0790322 0 -1.03303 0 0 0 0 -0.953997
443 444 0.000278306 0 -1.28246 0 0 0 0 -1.28219
444 445 0.0592188 0 -1.34697 0 0 0 0 -1.28775
445 446 0.00611273 0 -1.04274 0 0 0 0 -1.03663
446 447 0.00147739 0 -0.859148 0 0 0 0 -0.857671
447 448 0.0667955 0 -1.23261 0 0 0 0 -1.16581
448 449 0.000813379 0 -1.15197 0 0 0 0 -1.15116
449 450 0.000128106 0 -1.25389 0 0 0 0 -1.25376
450 451 0.0523722 0 -1.29123 0 0 0 0 -1.23885
451 452 0.0137636 0 -1.23835 0 0 0 0 -1.22459
452 453 0.0335506 0 -1.28427 0 0 0 0 -1.25072
453 454 0.0290722 0 -1.17792 0 0 0 0 -1.14885
454 455 0.0495138 0 -1.18371 0 0 0 0 -1.13419
452 456 0 0 0 0 0 -0.144088 0 -0.144088
455 456 0.0393405 0 -0 0 0 0 0 0.0393405
453 457 0 0 0 0 0 -0.0871919 0 -0.0871919
452 457 0 0 0 0 -0.523077 0 -0 -0.523077
451 457 0 0 0 0 0 -0.103374 0 -0.103374
456 457 0.0178668 0 -1.21118 0 0 0 0 -1.19331
452 458 0 0 0 0 0 -0.112802 -0 -0.112802
451 458 0 0 0 0 -0.843859 0 -0 -0.843859
450 458 0 0 0 0 0 -0.124432 0 -0.124432
457 458 0.131757 0 -1.09982 0 0 0 0 -0.968061
451 459 0 0 0 0 0 -0.10191 -0 -0.10191
450 459 0 0 0 0 -0.704705 0 -0 -0.704705
449 459 0 0 0 0 -0 -0.115654 0 -0.115654
458 459 0.00174259 0 -1.18869 0 0 0 0 -1.18694
460 461 0.21289 0 -1.23256 0 0 0 0 -1.01967
461 462 0.000379862 0 -0.897097 0 0 0 0 -0.896717
462 463 0.192247 0 -0.928423 0 0 0 0 -0.736176
463 464 0.00109039 0 0 0 0 0 0 0.00109039
464 465 0.0922584 0 -1.40654 0 0 0 0 -1.31428
465 466 0.00163787 0 -1.13055 0 0 0 0 -1.12892
466 467 0.00273859 0 -1.04712 0 0 0 0 -1.04438
467 468 0.0132014 0 -0.876397 0 0 0 0 -0.863196
468 469 0.0481456 0 -1.19157 0 0 0 0 -1.14342
469 470 0.0189512 0 -1.00919 0 0 0 0 -0.990238
470 471 0.000391989 0 -0.974528 0 0 0 0 -0.974136
471 472 0.345097 0 -1.41374 0 0 0 0 -1.06865
472 473 0.00397058 0 0 0 0 0 0 0.00397058
469 474 0 0 0 0 0 -0.000667704 -0 -0.000667704
468 474 0 0 0 0 0 -0.169371 0 -0.169371
473 474 0.00516274 0 -1.1415 0 0 0 0 -1.13634
469 475 0 0 0 0 0 -0.140744 0 -0.140744
468 475 0 0 0 0 -0.787891 0 -0 -0.787891
467 475 0 0 0 0 0 -0.167625 0 -0.167625
474 475 0.0318403 0 -1.15764 0 0 0 0 -1.1258
468 476 0 0 0 0 0 -0.131785 0 -0.131785
466 476 0 0 0 0 0 -0.194971 0 -0.194971
475 476 0.178724 0 -1.22361 0 0 0 0 -1.04489
467 477 0 0 0 0 0 -0.179446 0 -0.179446
466 477 0 0 0 0 -0.904936 0 -0 -0.904936
465 477 0 0 0 0 0 -0.176916 0 -0.176916
476 477 0.00982068 0 -0.908391 0 0 0 0 -0.89857
466 478 0 0 0 0 0 -0.185682 0 -0.185682
465 478 0 0 0 0 -0.899709 0 -0 -0.899709
464 478 0 0 0 0 -0 -0.180602 0 -0.180602
477 478 0.114119 0 -1.33266 0 0 0 0 -1.21855
465 479 0 0 0 0 0 -0.166752 0 -0.166752
464 479 0 0 0 0 0 -9.68677e-06 -0 -9.68677e-06
478 479 0.00496045 0 -1.29231 0 0 0 0 -1.28735
277 480 0 0 0 0 0 -0.164424 -0 -0.164424
276 480 0 0 0 0 -0.740026 0 -0 -0.740026
275 480 0 0 0 0 0 -0.109408 0 -0.109408
276 481 0 0 0 0 0 -0.174918 0 -0.174918
275 481 0 0 0 0 -0.848248 0 -0 -0.848248
274 481 0 0 0 0 0 -0.182295 0 -0.182295
480 481 0.00428743 0 -0.959219 0 0 0 0 -0.954932
273 482 0 0 0 0 0 -0.0746069 -0 -0.0746069
275 482 0 0 0 0 0 -0.152687 0 -0.152687
274 482 0 0 0 0 -0.392441 0 -0 -0.392441
481 482 0.0052561 0 -1.16166 0 0 0 0 -1.15641
274 483 0 0 0 0 -0 -0.157235 0 -0.157235
482 483 0.0817441 0 -1.34181 0 0 0 0 -1.26007
272 484 0 0 0 0 -0 -0.163253 0 -0.163253
274 484 0 0 0 0 -0 -0.154483 0 -0.154483
483 484 0.107629 0 -0 0 0 0 0 0.107629
272 485 0 0 0 0 -0.642169 0 -0 -0.642169
273 485 0 0 0 0 0 -0.0822467 0 -0.0822467
271 485 0 0 0 0 0 -0.19561 0 -0.19561
484 485 0.0165965 0 -0.576784 0 0 0 0 -0.560188
272 486 0 0 0 0 0 -0.157128 0 -0.157128
271 486 0 0 0 0 -0.799035 0 -0 -0.799035
270 486 0 0 0 0 0 -0.170271 0 -0.170271
485 486 9.55913e-06 0 -1.3248 0 0 0 0 -1.3248
271 487 0 0 0 0 0 -0.107969 0 -0.107969
269 487 0 0 0 0 0 -0.0726806 0 -0.0726806
486 487 0.114521 0 -1.18914 0 0 0 0 -1.07462
487 488 0.0441764 0 0 0 0 0 0 0.0441764
488 489 0.00333889 0 -1.29991 0 0 0 0 -1.29657
489 490 0.0801683 0 -1.31964 0 0 0 0 -1.23947
490 491 0.105949 0 -1.32524 0 0 0 0 -1.21929
491 492 0.106839 0 -0.81304 0 0 0 0 -0.706201
492 493 0.105666 0 -1.05606 0 0 0 0 -0.950394
493 494 0.0548155 0 -0 0 0 0 0 0.0548155
494 495 0.000355809 0 -1.34204 0 0 0 0 -1.34168
493 496 0 0 0 0.0499328 0 0 -0 0.0499328
492 496 0 0 0 0 0 -0.146895 0 -0.146895
495 496 0.00622894 0 -0.963867 0 0 0 0 -0.957638
493 497 0 0 0 0 0 -0.0942777 -0 -0.0942777
492 497 0 0 0 0 -0.672381 0 -0 -0.672381
491 497 0 0 0 0 0 -0.194881 0 -0.194881
496 497 0.0279921 0 -1.27995 0 0 0 0 -1.25196
490 498 0 0 0 0 0 -0.16631 0 -0.16631
492 498 0 0 0 0 0 -0.172982 0 -0.172982
491 498 0 0 0 0 -0.755301 0 -0 -0.755301
497 498 0.000457492 0 -1.27557 0 0 0 0 -1.27511
490 499 0 0 0 0 -0.649882 0 -0 -0.649882
491 499 0 0 0 0 0 -0.157841 0 -0.157841
489 499 0 0 0 0 -0 -0.091159 -0 -0.091159
498 499 0.0596444 0 -0.887259 0 0 0 0 -0.827614
500 501 0.0214459 0 -1.19494 0 0 0 0 -1.1735
501 502 0.0342415 0 -1.36372 0 0 0 0 -1.32948
502 503 0.0447486 0 -1.35404 0 0 0 0 -1.30929
503 504 0.00621138 0 -0.774047 0 0 0 0 -0.767836
504 505 0.096975 0 -0.921293 0 0 0 0 -0.824318
505 506 0.0180679 0 -1.18327 0 0 0 0 -1.1652
506 507 0.0389848 0 -1.38882 0 0 0 0 -1.34983
332 508 0 0 0 0 0 -0.16174 -0 -0.16174
331 508 0 0 0 0 -0.747326 0 -0 -0.747326
330 508 0 0 0 0 0 -0.0730167 0 -0.0730167
19 508 0 0 0 0 0 -0 -0.553116 -0.553116
507 508 0.0172606 0 0 0 0 0 0 0.0172606
331 509 0 0 0 0 0 -0.0458328 -0 -0.0458328
330 509 0 0 0 0 -0.643492 0 -0 -0.643492
329 509 0 0 0 0 0 -0.0421525 0 -0.0421525
508 509 0.0411825 0 -1.10844 0 0 0 0 -1.06726
330 510 0 0 0 0 -0 -0.127341 0 -0.127341
329 510 0 0 0 0 0 -7.42097e-19 -0 -7.42097e-19
328 510 0 0 0 0 0 -0.0691372 0 -0.0691372
509 510 0.0318133 0 -1.35242 0 0 0 0 -1.3206
329 511 0 0 0 0 0 -0.142817 0 -0.142817
328 511 0 0 0 0 -0.82178 0 -0 -0.82178
327 511 0 0 0 0 0 -0.13965 0 -0.13965
510 511 0.00431424 0 -0.947584 0 0 0 0 -0.94327
326 512 0 0 0 0 0 -0.0881898 -0 -0.0881898
328 512 0 0 0 0 0 -0.114248 -0 -0.114248
327 512 0 0 0 0 -0.516787 0 -0 -0.516787
511 512 0.0118505 0 -1.17968 0 0 0 0 -1.16783
324 513 0 0 0 0 0 -0.072802 0 -0.072802
327 513 0 0 0 0 0 -0.165304 0 -0.165304
512 513 0.00177636 0 -1.2878 0 0 0 0 -1.28603
323 514 0 0 0 0 -8.56018e-29 -0.0392781 -0 -0.0392781
325 514 0 0 0 0 -0 -0.0293217 -0 -0.0293217
324 514 0 0 0 0 -0.616875 0 -0 -0.616875
513 514 0.000535457 0 -1.17174 0 0 0 0 -1.1712
322 515 0 0 0 0 0 -0.00497028 -0 -0.00497028
324 515 0 0 0 0 0 -0.124491 0 -0.124491
514 515 0.0317631 0 -0.997297 0 0 0 0 -0.965534
323 516 0 0 0 0 -0 -0.135611 0 -0.135611
322 516 0 0 0 0 -0.56632 0 -0 -0.56632
321 516 0 0 0 0 0 -0.0501343 0 -0.0501343
515 516 0.0979158 0 -1.13326 0 0 0 0 -1.03535
322 517 0 0 0 0 0 -0.175996 0 -0.175996
321 517 0 0 0 0 -0.825167 0 -0 -0.825167
320 517 0 0 0 0 0 -0.168831 0 -0.168831
516 517 0.0104193 0 -0.972631 0 0 0 0 -0.962212
321 518 0 0 0 0 0 -0.169002 0 -0.169002
320 518 0 0 0 0 -0.40515 0 -0 -0.40515
517 518 0.0725458 0 -1.25791 0 0 0 0 -1.18537
320 519 0 0 0 0 0 -0.137838 0 -0.137838
518 519 0.0719611 0 -1.15174 0 0 0 0 -1.07978
236 520 0 0 0 0 -0.000146924 -0.00348219 -0 -0.00362912
235 520 0 0 0 0 0 -0.00767827 0 -0.00767827
236 521 0 0 0 0 0 -0.118894 0 -0.118894
235 521 0 0 0 0 -0.688019 0 -0 -0.688019
234 521 0 0 0 0 0 -0.130937 0 -0.130937
520 521 0.0347953 0 -1.15435 0 0 0 0 -1.11956
235 522 0 0 0 0 0 -0.16109 0 -0.16109
234 522 0 0 0 0 -0.769101 0 -0 -0.769101
233 522 0 0 0 0 0 -0.0964724 -0 -0.0964724
521 522 0.00825853 0 -1.26726 0 0 0 0 -1.25901
234 523 0 0 0 0 -0 -0.0169435 -0 -0.0169435
233 523 0 0 0 0 0 -0.127948 0 -0.127948
522 523 0.00637961 0 -0 0 0 0 0 0.00637961
234 524 0 0 0 0 -0 -0.0651596 0 -0.0651596
232 524 0 0 0 0 -4.95808e-29 -0.145244 0 -0.145244
523 524 0.0254886 0 -1.21902 0 0 0 0 -1.19353
233 525 0 0 0 0 0 -0.191976 0 -0.191976
232 525 0 0 0 0 -0.716989 0 -0 -0.716989
231 525 0 0 0 0 0 -0.127581 0 -0.127581
524 525 0.117735 0 -1.3123 0 0 0 0 -1.19456
232 526 0 0 0 0 0 -0.0694555 0 -0.0694555
231 526 0 0 0 0 -0.496542 -1.31818e-09 -0 -0.496542
230 526 0 0 0 0 0 -0.0799532 -0 -0.0799532
525 526 0.24249 0 -1.0865 0 0 0 0 -0.844011
231 527 0 0 0 0 0 -0.0694793 0 -0.0694793
229 527 0 0 0 0 0 -0.115976 -0 -0.115976
526 527 0.0193562 0 -1.32823 0 0 0 0 -1.30887
525 528 0 0 0 0 -0 -5.2359e-08 -0 -5.2359e-08
527 528 0.000729241 0 0 0 0 0 0 0.000729241
231 529 0 0 0 0 0 -0.065265 -0 -0.065265
230 529 0 0 0 0 0 -1.09809e-05 -0 -1.09809e-05
229 529 0 0 0 0 -0 -0.126345 0 -0.126345
528 529 0.0247019 0 0 0 0 0 0 0.0247019
527 530 0 0 0 0 0 -0 -2.61597e-06 -2.61597e-06
230 530 0 0 0 0 0 -0.13175 -0 -0.13175
229 530 0 0 0 0 -0.690241 0 -0 -0.690241
228 530 0 0 0 0 0 -0.118068 -0 -0.118068
529 530 0.104461 0 -1.26617 0 0 0 0 -1.16171
229 531 0 0 0 0 0 -0.196103 0 -0.196103
228 531 0 0 0 0 -0.745367 0 -0 -0.745367
227 531 0 0 0 0 0 -0.081035 -0 -0.081035
530 531 0.0187644 0 -0.948592 0 0 0 0 -0.929827
228 532 0 0 0 0 0 -0.184173 0 -0.184173
227 532 0 0 0 0 -0.835582 0 -0 -0.835582
226 532 0 0 0 0 0 -0.103021 -0 -0.103021
531 532 0.0235591 0 -1.13622 0 0 0 0 -1.11266
227 533 0 0 0 0 0 -0.155993 0 -0.155993
226 533 0 0 0 0 -0.71951 0 -0 -0.71951
225 533 0 0 0 0 0 -0.129039 0 -0.129039
532 533 0.0801194 0 -1.281 0 0 0 0 -1.20088
226 534 0 0 0 0 0 -0.156863 0 -0.156863
225 534 0 0 0 0 -0.749052 0 -0 -0.749052
224 534 0 0 0 0 0 -0.0739319 -0 -0.0739319
533 534 0.0573775 0 -1.29837 0 0 0 0 -1.24099
225 535 0 0 0 0 0 -0.17176 0 -0.17176
224 535 0 0 0 0 -0.726673 0 -0 -0.726673
223 535 0 0 0 0 0 -0.0630903 0 -0.0630903
534 535 0.0641463 0 -1.17116 0 0 0 0 -1.10701
222 536 0 0 0 0 0 -0.150442 0 -0.150442
224 536 0 0 0 0 0 -0.188839 0 -0.188839
223 536 0 0 0 0 -0.816796 0 -0 -0.816796
535 536 0.0364494 0 -1.19171 0 0 0 0 -1.15526
221 537 0 0 0 0 0 -0.135715 -0 -0.135715
222 537 0 0 0 0 -0.826377 0 -0 -0.826377
223 537 0 0 0 0 0 -0.122631 0 -0.122631
536 537 0.000366007 0 -1.18023 0 0 0 0 -1.17986
221 538 0 0 0 0 -0.599762 0 -0 -0.599762
220 538 0 0 0 0 0 -0.0380712 0 -0.0380712
222 538 0 0 0 0 0 -0.0607988 0 -0.0607988
537 538 0.0419396 0 -1.16582 0 0 0 0 -1.12388
220 539 0 0 0 0 0 -0.0024997 0 -0.0024997
538 539 0.292396 0 -0.616099 0 0 0 0 -0.323703
540 541 0.115052 0 -1.28478 0 0 0 0 -1.16973
541 542 0.0794147 0 -1.15389 0 0 0 0 -1.07448
542 543 0.0114682 0 0 0 0 0 0 0.0114682
543 544 8.83652e-05 0 -1.04083 0 0 0 0 -1.04074
544 545 0.0206655 0 -1.31929 0 0 0 0 -1.29862
545 546 0.0648804 0 -1.26631 0 0 0 0 -1.20143
546 547 0.0128289 0 -1.25402 0 0 0 0 -1.2412
547 548 0.083613 0 -1.2406 0 0 0 0 -1.15699
548 549 0.148678 0 -1.10186 0 0 0 0 -0.953184
549 550 0.0079415 0 -1.19361 0 0 0 0 -1.18567
550 551 0.0442623 0 -0.661788 0 0 0 0 -0.617526
549 552 0 0 0 0 0 -0.00109887 -0 -0.00109887
551 552 0.00138553 0 0 0 0 0 0 0.00138553
549 553 0 0 0 0 0 -0.101327 -0 -0.101327
548 553 0 0 0 0 0 -0.0185797 -0 -0.0185797
547 553 0 0 0 0 0 -0.14819 0 -0.14819
552 553 0.0339445 0 -0.964178 0 0 0 0 -0.930234
546 554 0 0 0 0 0 -0.152709 0 -0.152709
548 554 0 0 0 0 0 -0.0714343 0 -0.0714343
547 554 0 0 0 0 -0.511854 0 -0 -0.511854
553 554 0.0681096 0 -0.983978 0 0 0 0 -0.915868
546 555 0 0 0 0 -0.696208 0 -0 -0.696208
545 555 0 0 0 0 0 -0.133064 0 -0.133064
547 555 0 0 0 0 0 -0.149963 -0 -0.149963
554 555 0.033295 0 -1.2958 0 0 0 0 -1.2625
546 556 0 0 0 0 0 -0.155736 0 -0.155736
545 556 0 0 0 0 -0.566221 0 -0 -0.566221
544 556 0 0 0 0 -0 -0.123413 -0 -0.123413
555 556 0.00394934 0 -1.24586 0 0 0 0 -1.24191
545 557 0 0 0 0 0 -0.133876 0 -0.133876
543 557 0 0 0 0 0 -0.0957772 0 -0.0957772
556 557 0.0703791 0 -1.17606 0 0 0 0 -1.10568
544 558 0 0 0 0 -0 -0.0405126 0 -0.0405126
557 558 0.0258321 0 -1.39038 0 0 0 0 -1.36455
558 559 9.77346e-06 0 -1.32125 0 0 0 0 -1.32124
502 560 0 0 0 0 0 -0.0692405 -0 -0.0692405
501 561 0 0 0 0 0 -0.18566 0 -0.18566
503 561 0 0 0 0 -0 -0.163926 0 -0.163926
502 561 0 0 0 0 -0.506785 0 -0 -0.506785
560 561 0.00458523 0 -1.00446 0 0 0 0 -0.999873
501 562 0 0 0 0 -0.694545 0 -0 -0.694545
500 562 0 0 0 0 0 -0.141921 0 -0.141921
502 562 0 0 0 0 0 -0.141756 -0 -0.141756
561 562 0.0320272 0 -1.30051 0 0 0 0 -1.26849
501 563 0 0 0 0 -0 -0.130703 0 -0.130703
562 563 0.0353573 0 -1.09778 0 0 0 0 -1.06243
500 564 0 0 0 0 0 -0.0321395 0 -0.0321395
563 564 0.0299956 0 -1.33933 0 0 0 0 -1.30933
564 565 0.00745926 0 -1.10987 0 0 0 0 -1.10241
565 566 0.138063 0 -1.05781 0 0 0 0 -0.919748
566 567 0.0989732 0 0 0 0 0 0 0.0989732
567 568 0.00180716 0 -1.31505 0 0 0 0 -1.31325
568 569 0.0125977 0 -1.30047 0 0 0 0 -1.28787
569 570 0.00911919 0 0 0 0 0 0 0.00911919
570 571 0.000399836 0 -1.13618 0 0 0 0 -1.13578
571 572 0.051927 0 -1.07473 0 0 0 0 -1.0228
572 573 0.0222811 0 -1.38091 0 0 0 0 -1.35863
573 574 0.00142066 0 -0.965593 0 0 0 0 -0.964173
574 575 0.0529882 0 -0.941712 0 0 0 0 -0.888724
575 576 0.00993877 0 -1.27579 0 0 0 0 -1.26585
576 577 0.0797799 0 -1.20055 0 0 0 0 -1.12077
577 578 0.059751 0 -1.37918 0 0 0 0 -1.31943
578 579 0.10434 0 -0.741632 0 0 0 0 -0.637292
580 581 0.000372612 0 0 0 0 0 0 0.000372612
581 582 0.00269274 0 0 0 0 0 0 0.00269274
347 583 0 0 0 0 0 -0.153787 0 -0.153787
346 583 0 0 0 0 -0.72102 0 -0 -0.72102
345 583 0 0 0 0 0 -0.157774 0 -0.157774
582 583 0.0448903 0 0 0 0 0 0 0.0448903
346 584 0 0 0 0 -0 -0.116268 0 -0.116268
345 584 0 0 0 0 0 -0.000376373 -0 -0.000376373
344 584 0 0 0 0 0 -0.000757922 0 -0.000757922
343 584 0 0 0 0 0 -0.0728 0 -0.0728
583 584 0.136121 0 -1.15323 0 0 0 0 -1.01711
345 585 0 0 0 0 0 -1.74264e-05 0 -1.74264e-05
344 585 0 0 0 0 0 -0.0106525 0 -0.0106525
343 585 0 0 0 0 0 -0.000188064 -0 -0.000188064
342 585 0 0 0 0 0 -0.141791 0 -0.141791
584 585 0.0946251 0 -1.34259 0 0 0 0 -1.24796
343 586 0 0 0 0 -0 -0.160069 0 -0.160069
342 586 0 0 0 0 -0.529889 0 -0 -0.529889
341 586 0 0 0 0 0 -0.0780027 -0 -0.0780027
585 586 0.000530071 0 -1.2691 0 0 0 0 -1.26857
342 587 0 0 0 0 0 -0.160865 0 -0.160865
341 587 0 0 0 0 -0.742028 0 -0 -0.742028
340 587 0 0 0 0 0 -0.111493 -0 -0.111493
586 587 0.00898572 0 -1.13176 0 0 0 0 -1.12278
341 588 0 0 0 0 0 -0.122281 0 -0.122281
340 588 0 0 0 0 -0.598216 0 -0 -0.598216
587 588 0.000874584 0 -1.33587 0 0 0 0 -1.33499
340 589 0 0 0 0 0 -0.0385323 0 -0.0385323
588 589 0.00128826 0 -1.40414 0 0 0 0 -1.40285
589 590 0.0176892 0 0 0 0 0 0 0.0176892
590 591 0.00553206 0 -1.27477 0 0 0 0 -1.26923
591 592 0.00266605 0 -1.26252 0 0 0 0 -1.25985
579 593 0 0 0 0 0 -0.148747 0 -0.148747
592 593 0.0405219 0 -1.30713 0 0 0 0 -1.26661
579 594 0 0 0 0 -0.913597 0 -0 -0.913597
578 594 0 0 0 0 0 -0.167153 0 -0.167153
593 594 0.00117014 0 -1.34497 0 0 0 0 -1.3438
579 595 0 0 0 0 0 -0.185488 0 -0.185488
578 595 0 0 0 0 -0.70255 0 -0 -0.70255
577 595 0 0 0 0 0 -0.166315 0 -0.166315
594 595 0.0332335 0 -1.08169 0 0 0 0 -1.04846
576 596 0 0 0 0 0 -0.150734 -0 -0.150734
578 596 0 0 0 0 0 -0.17205 0 -0.17205
577 596 0 0 0 0 -0.762543 0 -0 -0.762543
595 596 0.00250983 0 -0.991532 0 0 0 0 -0.989022
576 597 0 0 0 0 -0.684495 0 -0 -0.684495
575 597 0 0 0 0 0 -0.131076 0 -0.131076
577 597 0 0 0 0 0 -0.0784578 0 -0.0784578
596 597 0.000152037 0 -1.07902 0 0 0 0 -1.07887
576 598 0 0 0 0 0 -0.0777284 -0 -0.0777284
575 598 0 0 0 0 -0.784176 0 -0 -0.784176
574 598 0 0 0 0 0 -0.161181 -0 -0.161181
597 598 0.00184292 0 -1.2644 0 0 0 0 -1.26256
575 599 0 0 0 0 0 -0.132205 0 -0.132205
574 599 0 0 0 0 -0.849583 0 -0 -0.849583
573 599 0 0 0 0 0 -0.0609126 -0 -0.0609126
598 599 0.0164784 0 -1.18038 0 0 0 0 -1.1639
#Total energy per particle is  -1.19166 and should be -1.1916610
