#id1 id2 FENE BEXC STCK NEXC HB CRSTCK CXSTCK total, t = 200000
0 1 0.0249896 0 -1.34036 0 0 0 0 -1.31537
1 2 0.00185435 0 -1.22025 0 0 0 0 -1.2184
2 3 0.0265883 0 -1.25754 0 0 0 0 -1.23095
3 4 0.0249607 0 -1.08697 0 0 0 0 -1.06201
4 5 0.0010247 0 -0.991126 0 0 0 0 -0.990101
5 6 0.00647369 0 0 0 0 0 0 0.00647369
6 7 0.00192823 0 -0.717291 0 0 0 0 -0.715363
7 8 0.0102242 0 -1.28052 0 0 0 0 -1.27029
8 9 0.00701953 0 -1.23925 0 0 0 0 -1.23223
9 10 0.0511164 0 -1.05011 0 0 0 0 -0.998992
10 11 0.0619142 0 -1.35274 0 0 0 0 -1.29082
11 12 0.0362228 0 -1.32107 0 0 0 0 -1.28484
12 13 0.00015318 0 -0.912862 0 0 0 0 -0.912709
13 14 0.0512999 0 -1.30105 0 0 0 0 -1.24975
14 15 0.179587 0 -1.16372 0 0 0 0 -0.984137
15 16 0.0112659 0.00462671 -0.425842 0 0 0 0 -0.40995
16 17 0.0500511 0 -1.32064 0 0 0 0 -1.27059
17 18 0.0398226 0 -1.19873 0 0 0 0 -1.15891
18 19 0.0422388 0 -1.32546 0 0 0 0 -1.28322
20 21 0.027291 0 -1.17458 0 0 0 0 -1.14728
21 22 0.114141 0 -1.28504 0 0 0 0 -1.1709
22 23 0.00197324 0 -1.40203 0 0 0 0 -1.40005
23 24 0.00396146 0 -1.35022 0 0 0 0 -1.34626
24 25 0.143047 0 -1.36322 0 0 0 0 -1.22017
25 26 0.144945 0 -1.06697 0 0 0 0 -0.922021
26 27 0.095534 0 -1.18679 0 0 0 0 -1.09126
27 28 0.121127 0 -1.12673 0 0 0 0 -1.0056
28 29 0.319524 0 -1.24484 0 0 0 0 -0.925319
29 30 0.000846042 0 0 0 0 0 0 0.000846042
30 31 0.00272222 0 -1.33765 0 0 0 0 -1.33493
31 32 0.048805 0 -0.91807 0 0 0 0 -0.869265
32 33 0.0783985 0 -1.32939 0 0 0 0 -1.25099
33 34 0.086687 0 -1.1196 0 0 0 0 -1.03292
34 35 0.0494435 0 -1.25536 0 0 0 0 -1.20592
24 36 0 0 0 0 -0.136088 -1.77784e-06 0 -0.136089
23 36 0 0 0 0 0 -0.00195412 0 -0.00195412
35 36 0.0010548 0 -1.26626 0 0 0 0 -1.26521
23 37 0 0 0 0 0 -0.00288734 0 -0.00288734
36 37 0.00103274 0 -1.2902 0 0 0 0 -1.28917
37 38 0.11119 0 -1.37464 0 0 0 0 -1.26345
38 39 6.8255e-05 0 -1.371 0 0 0 0 -1.37093
40 41 0.00080549 0 -1.32409 0 0 0 0 -1.32328
41 42 0.150648 0 -0.973287 0 0 0 0 -0.822639
42 43 0.0104504 0 -1.27626 0 0 0 0 -1.26581
43 44 0.222331 0 -1.38068 0 0 0 0 -1.15835
44 45 0.0658876 0 0 0 0 0 0 0.0658876
45 46 0.0257902 0 0 0 0 0 0 0.0257902
46 47 0.0158502 0 -1.38115 0 0 0 0 -1.3653
47 48 0.0175594 0 -1.24412 0 0 0 0 -1.22656
48 49 0.0180186 0 0 0 0 0 0 0.0180186
49 50 0.0134895 0 -1.22274 0 0 0 0 -1.20925
50 51 0.000222039 0 -1.25065 0 0 0 0 -1.25043
51 52 0.186314 0 -0.774607 0 0 0 0 -0.588293
52 53 0.0388297 0 -1.27175 0 0 0 0 -1.23292
53 54 0.00329511 0 -0.966478 0 0 0 0 -0.963183
54 55 0.18747 0 0 0 0 0 0 0.18747
55 56 0.0252891 0 -1.28332 0 0 0 0 -1.25803
56 57 0.0228394 0 -0.922214 0 0 0 0 -0.899374
57 58 0.0775327 0 -1.24703 0 0 0 0 -1.1695
58 59 0.0194648 0 -0.974908 0 0 0 0 -0.955443
60 61 0.050333 0 -1.32985 0 0 0 0 -1.27952
61 62 0.103673 0 -1.32522 0 0 0 0 -1.22155
62 63 0.0438328 0 0 0 0 0 0 0.0438328
63 64 0.0476 0 -1.11782 0 0 0 0 -1.07022
64 65 0.0317496 0 -1.24104 0 0 0 0 -1.2093
65 66 0.0191373 0 -1.2535 0 0 0 0 -1.23436
66 67 0.0361711 0 -1.11143 0 0 0 0 -1.07526
67 68 0.00023094 0 -1.1964 0 0 0 0 -1.19617
68 69 0.101392 0 -1.14294 0 0 0 0 -1.04155
69 70 0.0469975 0 -0 0 0 0 0 0.0469975
70 71 0.0137488 0 -1.2483 0 0 0 0 -1.23455
71 72 0.0117839 0 -1.16581 0 0 0 0 -1.15403
72 73 0.00355896 0 -1.28831 0 0 0 0 -1.28475
73 74 0.00176329 0 -1.09892 0 0 0 0 -1.09715
74 75 0.0233844 0 -1.23011 0 0 0 0 -1.20672
75 76 0.0457787 0 -1.16681 0 0 0 0 -1.12103
76 77 0.0312946 0 -1.26632 0 0 0 0 -1.23502
77 78 0.312334 0 -1.10801 0 0 0 0 -0.795675
78 79 0.00164649 0 -1.2052 0 0 0 0 -1.20355
80 81 0.00699231 0 -0.777739 0 0 0 0 -0.770747
81 82 0.0562055 0 -1.25266 0 0 0 0 -1.19646
82 83 0.00753355 0 -0.949744 0 0 0 0 -0.942211
83 84 0.00134192 0 -0.733111 0 0 0 0 -0.731769
84 85 0.032291 0 -1.20608 0 0 0 0 -1.17379
85 86 0.214203 0 -1.25364 0 0 0 0 -1.03943
86 87 0.0276064 0 -1.07155 0 0 0 0 -1.04394
87 88 0.002572 0 -1.24865 0 0 0 0 -1.24608
88 89 0.00134608 0 -1.37723 0 0 0 0 -1.37589
89 90 0.0170914 0 -1.31993 0 0 0 0 -1.30284
90 91 0.0728275 0 -1.14448 0 0 0 0 -1.07165
91 92 0.000232132 0 0 0 0 0 0 0.000232132
88 93 0 0 0 0 0 -0.00611775 -0 -0.00611775
87 93 0 0 0 0 -0 -0.161081 0 -0.161081
92 93 0.0273895 0 -1.18664 0 0 0 0 -1.15925
88 94 0 0 0 0 -0 -0.0691925 0 -0.0691925
87 94 0 0 0 0 0 -0.00119057 -0 -0.00119057
86 94 0 0 0 0 0 -0.150642 0 -0.150642
93 94 0.0110907 0 -1.22877 0 0 0 0 -1.21767
87 95 0 0 0 0 -0 -0.1475 0 -0.1475
86 95 0 0 0 0 -0.890111 0 -0 -0.890111
85 95 0 0 0 0 0 -0.143249 0 -0.143249
94 95 0.00969735 0 -0.98048 0 0 0 0 -0.970783
86 96 0 0 0 0 0 -0.182828 0 -0.182828
85 96 0 0 0 0 -0.754057 0 -0 -0.754057
84 96 0 0 0 0 -0 -0.112179 -0 -0.112179
95 96 0.184481 0 -1.27005 0 0 0 0 -1.08557
85 97 0 0 0 0 0 -0.115424 -0 -0.115424
83 97 0 0 0 0 0 -0.0437107 -0 -0.0437107
96 97 3.37697e-05 0 -1.13681 0 0 0 0 -1.13678
84 98 0 0 0 0 0 -0.051761 -0 -0.051761
83 98 0 0 0 0 -0.68018 0 -0 -0.68018
82 98 0 0 0 0 0 -0.12844 0 -0.12844
97 98 0.00481299 0 -0.88453 0 0 0 0 -0.879717
83 99 0 0 0 0 0 -0.127737 0 -0.127737
82 99 0 0 0 0 -0.425794 -3.40674e-07 -0 -0.425794
81 99 0 0 0 0 0 -0.0676583 0 -0.0676583
98 99 0.11802 0 -1.40197 0 0 0 0 -1.28395
100 101 0.000157326 0 -1.2315 0 0 0 0 -1.23134
101 102 0.038135 0 -1.16768 0 0 0 0 -1.12954
102 103 0.263825 0 -1.13864 0 0 0 0 -0.87482
103 104 0.139558 0 -1.31494 0 0 0 0 -1.17539
104 105 0.00985717 0 -1.31378 0 0 0 0 -1.30392
105 106 0.000383739 0 -0.997757 0 0 0 0 -0.997373
106 107 0.0174448 0 -1.33971 0 0 0 0 -1.32227
107 108 0.253434 0 -1.1561 0 0 0 0 -0.902665
108 109 0.000237703 0 -1.05766 0 0 0 0 -1.05742
109 110 0.0423351 0 -1.23855 0 0 0 0 -1.19621
110 111 0.0070446 0 -1.27503 0 0 0 0 -1.26799
111 112 0.00242446 0 -0.966826 0 0 0 0 -0.964401
112 113 0.00936508 0 -1.15517 0 0 0 0 -1.14581
113 114 0.0220146 0 -1.00776 0 0 0 0 -0.985749
114 115 0.0649185 0 -1.20284 0 0 0 0 -1.13792
115 116 0.00724041 0 -0.537002 0 0 0 0 -0.529762
116 117 0.0138698 0 -1.14998 0 0 0 0 -1.13611
117 118 0.00343617 0 -1.23289 0 0 0 0 -1.22945
118 119 0.159391 0 -0.969137 0 0 0 0 -0.809746
120 121 0.0343033 0 -1.18653 0 0 0 0 -1.15223
121 122 0.000403654 0 -0.706743 0 0 0 0 -0.706339
122 123 0.128234 0 -0 0 0 0 0 0.128234
123 124 0.106079 0 -0.972411 0 0 0 0 -0.866332
121 125 0 0 0 0 0 -0.171081 0 -0.171081
124 125 0.00799856 0 -1.05734 0 0 0 0 -1.04934
122 126 0 0 0 0 0 -0.0865141 0 -0.0865141
121 126 0 0 0 0 -0.743115 0 -0 -0.743115
120 126 0 0 0 0 0 -0.00165108 0 -0.00165108
125 126 0.0139978 0 -1.40086 0 0 0 0 -1.38686
121 127 0 0 0 0 -0 -0.189172 0 -0.189172
120 127 0 0 0 0 0 -0.00596948 -0 -0.00596948
126 127 9.25961e-05 0 -1.25936 0 0 0 0 -1.25927
120 128 0 0 0 0 0 -0.010491 0 -0.010491
127 128 0.00951391 0 -0.93297 0 0 0 0 -0.923457
128 129 0.0441484 0 -0.876462 0 0 0 0 -0.832314
129 130 0.00319039 0 -1.09817 0 0 0 0 -1.09498
130 131 0.0179149 0 -1.18795 0 0 0 0 -1.17004
131 132 0.0680901 0 -1.17991 0 0 0 0 -1.11182
132 133 0.0207924 0 -1.21944 0 0 0 0 -1.19865
133 134 0.132667 0 -1.23436 0 0 0 0 -1.10169
134 135 7.92534e-06 0 0 0 0 0 0 7.92534e-06
133 136 0 0 0 0 -0 -0.00612653 -0 -0.00612653
132 136 0 0 0 0 -0.567264 0 -0 -0.567264
131 136 0 0 0 0 0 -0.0875491 0 -0.0875491
135 136 0.141546 0 0 0 0 0 0 0.141546
132 137 0 0 0 0 0 -0.102431 -0 -0.102431
131 137 0 0 0 0 -0.719178 0 -0 -0.719178
130 137 0 0 0 0 0 -0.111318 -0 -0.111318
136 137 0.0864128 0 -1.21255 0 0 0 0 -1.12613
131 138 0 0 0 0 0 -0.11142 0 -0.11142
130 138 0 0 0 0 -0.827134 0 -0 -0.827134
129 138 0 0 0 0 0 -0.0226506 0 -0.0226506
137 138 0.0269944 0 -1.04055 0 0 0 0 -1.01355
130 139 0 0 0 0 0 -0.144839 0 -0.144839
129 139 0 0 0 0 0 -0.0307772 0 -0.0307772
138 139 0.0197701 0 -1.30453 0 0 0 0 -1.28476
119 140 0 0 0 0 -0.246242 0 -0 -0.246242
118 140 0 0 0 0 0 -0.137523 0 -0.137523
119 141 0 0 0 0 0 -0.110791 0 -0.110791
118 141 0 0 0 0 -0.668936 0 -0 -0.668936
117 141 0 0 0 0 0 -0.133942 -0 -0.133942
140 141 7.55528e-05 0 -1.10961 0 0 0 0 -1.10953
118 142 0 0 0 0 0 -0.124622 0 -0.124622
116 142 0 0 0 0 0 -0.00391888 -0 -0.00391888
141 142 0.121715 0 -1.28924 0 0 0 0 -1.16752
117 143 0 0 0 0 0 -0.156554 0 -0.156554
116 143 0 0 0 0 -0.857055 0 -0 -0.857055
115 143 0 0 0 0 0 -0.0870802 0 -0.0870802
142 143 0.0923197 0 -0.896588 0 0 0 0 -0.804268
116 144 0 0 0 0 0 -0.0800592 0 -0.0800592
114 144 0 0 0 0 0 -0.0458229 -0 -0.0458229
143 144 0.00351971 0 -0.899401 0 0 0 0 -0.895881
114 145 0 0 0 0 0 -1.14849e-06 -0 -1.14849e-06
113 145 0 0 0 0 0 -0.109676 0 -0.109676
144 145 0.0343132 0 -1.24014 0 0 0 0 -1.20582
114 146 0 0 0 0 -0 -0.166581 0 -0.166581
113 146 0 0 0 0 -0.777428 0 -0 -0.777428
112 146 0 0 0 0 -1.97189e-32 -0.138662 -0 -0.138662
145 146 0.0366225 0 -1.12627 0 0 0 0 -1.08964
113 147 0 0 0 0 -0 -0.174118 0 -0.174118
112 147 0 0 0 0 -0.653177 0 -0 -0.653177
111 147 0 0 0 0 0 -0.138018 0 -0.138018
146 147 0.0036222 0 -1.01773 0 0 0 0 -1.01411
112 148 0 0 0 0 0 -0.185069 0 -0.185069
111 148 0 0 0 0 -0.708284 0 -0 -0.708284
110 148 0 0 0 0 0 -0.148495 0 -0.148495
147 148 5.0667e-06 0 -1.28369 0 0 0 0 -1.28369
111 149 0 0 0 0 0 -0.167144 0 -0.167144
110 149 0 0 0 0 -0.612008 0 -0 -0.612008
109 149 0 0 0 0 0 -0.148965 0 -0.148965
148 149 0.0272488 0 -1.04062 0 0 0 0 -1.01337
110 150 0 0 0 0 0 -0.165369 0 -0.165369
109 150 0 0 0 0 -0.861232 0 -0 -0.861232
108 150 0 0 0 0 0 -0.144544 0 -0.144544
149 150 0.0228266 0 -0.964211 0 0 0 0 -0.941384
109 151 0 0 0 0 0 -0.128674 0 -0.128674
108 151 0 0 0 0 -0.723963 0 -0 -0.723963
107 151 0 0 0 0 0 -0.132846 0 -0.132846
150 151 0.0979459 0 -1.11921 0 0 0 0 -1.02127
108 152 0 0 0 0 0 -0.1252 -0 -0.1252
107 152 0 0 0 0 -0.665641 0 -0 -0.665641
106 152 0 0 0 0 -8.86148e-29 -0.140832 0 -0.140832
151 152 0.0603928 0 -1.1178 0 0 0 0 -1.05741
107 153 0 0 0 0 -0 -0.167729 0 -0.167729
106 153 0 0 0 0 -0.824438 0 -0 -0.824438
105 153 0 0 0 0 0 -0.027749 -0 -0.027749
152 153 0.00287083 0 -1.13213 0 0 0 0 -1.12926
106 154 0 0 0 0 -0 -0.177204 0 -0.177204
104 154 0 0 0 0 0 -0.0371416 -0 -0.0371416
153 154 0.000839303 0 -0.792052 0 0 0 0 -0.791213
105 155 0 0 0 0 0 -0.0971149 -0 -0.0971149
103 155 0 0 0 0 0 -0.089726 -0 -0.089726
154 155 0.0349619 0 -0.896354 0 0 0 0 -0.861392
104 156 0 0 0 0 0 -0.132962 -0 -0.132962
103 156 0 0 0 0 -0.455537 0 -0 -0.455537
102 156 0 0 0 0 0 -0.0643806 -0 -0.0643806
155 156 0.0644486 0 -1.34741 0 0 0 0 -1.28296
103 157 0 0 0 0 0 -0.012033 0 -0.012033
101 157 0 0 0 0 0 -0.0970507 0 -0.0970507
156 157 0.157793 0 -1.07464 0 0 0 0 -0.916844
102 158 0 0 0 0 0 -0.13385 0 -0.13385
101 158 0 0 0 0 -0.745015 -1.44458e-29 -0 -0.745015
100 158 0 0 0 0 0 -0.154688 0 -0.154688
157 158 0.0278863 0 -1.25571 0 0 0 0 -1.22782
101 159 0 0 0 0 0 -0.117713 0 -0.117713
100 159 0 0 0 0 -0.60794 0 -0 -0.60794
158 159 0.00964012 0 -1.03357 0 0 0 0 -1.02393
160 161 0.00209024 0 -1.16325 0 0 0 0 -1.16116
161 162 0.0050104 0 -1.26243 0 0 0 0 -1.25742
162 163 0.0091274 0 -1.34547 0 0 0 0 -1.33634
163 164 0.0311644 0 -1.06443 0 0 0 0 -1.03327
164 165 0.00966076 0 -1.29292 0 0 0 0 -1.28326
165 166 0.0383097 0 -1.11104 0 0 0 0 -1.07273
166 167 0.00278941 0 -0.841086 0 0 0 0 -0.838296
167 168 0.0805624 0 -1.38273 0 0 0 0 -1.30217
168 169 8.20973e-07 0 -1.25696 0 0 0 0 -1.25696
169 170 0.0604412 0 -1.22049 0 0 0 0 -1.16005
170 171 0.0394213 0 -1.07169 0 0 0 0 -1.03227
171 172 0.0111932 0 -1.26286 0 0 0 0 -1.25166
172 173 0.0606932 0 -1.02763 0 0 0 0 -0.966935
173 174 0.0156303 0 -0.940293 0 0 0 0 -0.924663
172 175 0 0 0 0 0 -0.0577369 -0 -0.0577369
171 175 0 0 0 0 -0.322287 0 -0 -0.322287
170 175 0 0 0 0 0 -0.180572 0 -0.180572
174 175 0.16877 0 0 0 0 0 0 0.16877
171 176 0 0 0 0 0 -0.191127 0 -0.191127
170 176 0 0 0 0 -0.843807 0 -0 -0.843807
169 176 0 0 0 0 0 -0.165907 0 -0.165907
175 176 0.017356 0 -1.28522 0 0 0 0 -1.26786
170 177 0 0 0 0 0 -0.182254 0 -0.182254
169 177 0 0 0 0 -0.86991 0 -0 -0.86991
168 177 0 0 0 0 0 -0.169843 0 -0.169843
176 177 0.0579152 0 -1.02883 0 0 0 0 -0.97091
169 178 0 0 0 0 0 -0.151365 0 -0.151365
168 178 0 0 0 0 -0.772371 0 -0 -0.772371
167 178 0 0 0 0 0 -0.17026 0 -0.17026
177 178 0.152065 0 -1.11844 0 0 0 0 -0.96637
168 179 0 0 0 0 0 -0.156733 0 -0.156733
166 179 0 0 0 0 0 -0.000480064 0 -0.000480064
178 179 7.2046e-05 0 -1.37273 0 0 0 0 -1.37266
180 181 0.000561256 0 -1.35788 0 0 0 0 -1.35732
181 182 0.0202391 0 -1.33723 0 0 0 0 -1.31699
182 183 0.00103295 0 0 0 0 0 0 0.00103295
183 184 0.114857 0 0 0 0 0 0 0.114857
184 185 0.0208773 0 -1.01347 0 0 0 0 -0.992592
185 186 0.0118441 0 -1.24445 0 0 0 0 -1.2326
186 187 0.00048102 0 -0.835239 0 0 0 0 -0.834758
187 188 0.0481174 0 -1.25041 0 0 0 0 -1.20229
188 189 0.26037 0 -1.23871 0 0 0 0 -0.978336
189 190 0.029853 0 -1.26666 0 0 0 0 -1.23681
190 191 4.67777e-09 0 -1.2848 0 0 0 0 -1.2848
191 192 0.0111867 0 -0.969208 0 0 0 0 -0.958021
192 193 8.81627e-05 0 -1.23306 0 0 0 0 -1.23298
189 194 0 0 0 0 -0 -0.121419 -0 -0.121419
193 194 0.0208695 0 0 0 0 0 0 0.0208695
190 195 0 0 0 0 0 -0.0556925 -0 -0.0556925
189 195 0 0 0 0 -0.399553 0 -0 -0.399553
188 195 0 0 0 0 0 -0.0849117 -0 -0.0849117
194 195 0.0647459 0 -1.38932 0 0 0 0 -1.32457
187 196 0 0 0 0 0 -0.17872 0 -0.17872
189 196 0 0 0 0 0 -0.101356 0 -0.101356
188 196 0 0 0 0 -0.786999 0 -0 -0.786999
195 196 0.00823409 0 -0.899522 0 0 0 0 -0.891288
187 197 0 0 0 0 -0.780432 0 -0 -0.780432
186 197 0 0 0 0 -1.56918e-30 -0.0957368 0 -0.0957368
188 197 0 0 0 0 0 -0.115151 0 -0.115151
196 197 0.00740648 0 -0.953222 0 0 0 0 -0.945815
187 198 0 0 0 0 0 -0.0732028 0 -0.0732028
186 198 0 0 0 0 0 -4.83418e-05 0 -4.83418e-05
185 198 0 0 0 0 0 -0.007411 0 -0.007411
197 198 0.00745489 0 -1.21846 0 0 0 0 -1.211
186 199 0 0 0 0 0 -0.145434 0 -0.145434
185 199 0 0 0 0 0 -1.5857e-05 -0 -1.5857e-05
198 199 0.0012202 0 -1.32515 0 0 0 0 -1.32393
200 201 0.00325678 0 -1.30581 0 0 0 0 -1.30255
201 202 0.0329482 0 -1.12522 0 0 0 0 -1.09227
202 203 0.0400014 0 -1.16406 0 0 0 0 -1.12406
203 204 0.000341132 0 -1.18248 0 0 0 0 -1.18214
204 205 0.0467253 0 -0.820277 0 0 0 0 -0.773552
205 206 0.0772756 0 -1.26273 0 0 0 0 -1.18546
206 207 0.0723938 0 -1.3479 0 0 0 0 -1.27551
207 208 0.105293 0 0 0 0 0 0 0.105293
208 209 0.0309945 0 -1.27719 0 0 0 0 -1.24619
209 210 0.0021876 0 0 0 0 0 0 0.0021876
207 211 0 0 0 0 0 -0.117592 -0 -0.117592
210 211 0.0182278 0 -1.16727 0 0 0 0 -1.14904
207 212 0 0 0 0 -0.511566 0 -0 -0.511566
206 212 0 0 0 0 0 -0.145392 0 -0.145392
211 212 0.099534 0.0126169 -0.907519 0 0 0 0 -0.795368
205 213 0 0 0 0 0 -0.182424 0 -0.182424
207 213 0 0 0 0 0 -0.139923 0 -0.139923
206 213 0 0 0 0 -0.774616 0 -0 -0.774616
212 213 0.00339755 0 -0.993544 0 0 0 0 -0.990146
205 214 0 0 0 0 -0.687865 0 -0 -0.687865
204 214 0 0 0 0 0 -0.160809 -0 -0.160809
206 214 0 0 0 0 0 -0.0683915 -0 -0.0683915
213 214 1.80775e-06 0 -0.952429 0 0 0 0 -0.952428
205 215 0 0 0 0 0 -0.0111999 -0 -0.0111999
204 215 0 0 0 0 -0.719938 0 -0 -0.719938
203 215 0 0 0 0 0 -0.150018 0 -0.150018
214 215 1.82952e-05 0 -1.23013 0 0 0 0 -1.23011
204 216 0 0 0 0 0 -0.133063 0 -0.133063
203 216 0 0 0 0 -0.749317 0 -0 -0.749317
202 216 0 0 0 0 0 -0.198918 0 -0.198918
215 216 0.09997 0 -1.05515 0 0 0 0 -0.955183
203 217 0 0 0 0 0 -0.146749 0 -0.146749
202 217 0 0 0 0 -0.616902 0 -0 -0.616902
201 217 0 0 0 0 0 -0.146856 0 -0.146856
216 217 0.048104 0 -1.35249 0 0 0 0 -1.30438
202 218 0 0 0 0 0 -0.18557 0 -0.18557
201 218 0 0 0 0 -0.559407 0 -0 -0.559407
200 218 0 0 0 0 0 -0.116958 -0 -0.116958
217 218 0.0329807 0 -1.22188 0 0 0 0 -1.1889
201 219 0 0 0 0 0 -0.0393857 0 -0.0393857
218 219 0.107006 0 -1.39634 0 0 0 0 -1.28933
220 221 0.00159673 0 -1.20809 0 0 0 0 -1.20649
221 222 0.000772111 0 -0.807418 0 0 0 0 -0.806646
222 223 0.123121 0 -0.796491 0 0 0 0 -0.67337
223 224 0.00963841 0 -1.30648 0 0 0 0 -1.29684
224 225 0.0511521 0 -1.26305 0 0 0 0 -1.2119
225 226 0.00590164 0 -1.17646 0 0 0 0 -1.17056
226 227 1.02031e-05 0 -1.0005 0 0 0 0 -1.00049
227 228 0.0824468 0 -1.31067 0 0 0 0 -1.22822
228 229 0.0610789 0 -0.853972 0 0 0 0 -0.792893
229 230 0.0373473 0 -1.27085 0 0 0 0 -1.2335
230 231 0.422679 0 -1.2279 0 0 0 0 -0.805216
231 232 0.0114886 0 -1.29677 0 0 0 0 -1.28528
232 233 0.015789 0 -1.25232 0 0 0 0 -1.23653
233 234 0.125628 0 -1.34792 0 0 0 0 -1.22229
234 235 1.06508e-05 0 -1.18199 0 0 0 0 -1.18198
235 236 0.0160027 0 -0.883687 0 0 0 0 -0.867684
236 237 0.00876898 0 -1.39974 0 0 0 0 -1.39097
237 238 0.00196521 0 -1.19424 0 0 0 0 -1.19228
238 239 0.192677 0 -0.879264 0 0 0 0 -0.686587
240 241 0.0206683 0 -0.924026 0 0 0 0 -0.903358
241 242 0.0461111 0 -1.32417 0 0 0 0 -1.27806
242 243 0.137645 0 -0.997067 0 0 0 0 -0.859422
243 244 0.0494523 0 -1.04024 0 0 0 0 -0.990791
244 245 0.175158 0 -1.23642 0 0 0 0 -1.06127
245 246 0.000206555 0 -1.35857 0 0 0 0 -1.35836
246 247 0.0927552 0 -0 0 0 0 0 0.0927552
247 248 0.0152666 0 -1.37883 0 0 0 0 -1.36356
248 249 0.094038 0 -0.952871 0 0 0 0 -0.858833
249 250 0.0074725 0 -1.21325 0 0 0 0 -1.20578
250 251 0.0116106 0 -1.17388 0 0 0 0 -1.16227
251 252 0.00948955 0 -0.586644 0 0 0 0 -0.577154
252 253 0.0115655 0 -1.19885 0 0 0 0 -1.18728
253 254 0.000772086 0 -1.09544 0 0 0 0 -1.09467
254 255 0.00029256 0 -1.02888 0 0 0 0 -1.02859
255 256 0.0029276 0 -1.13782 0 0 0 0 -1.1349
256 257 0.0379589 0 -1.28947 0 0 0 0 -1.25151
257 258 0.0370244 0 -1.03345 0 0 0 0 -0.996426
258 259 8.11119e-05 0 -0.934408 0 0 0 0 -0.934327
260 261 0.349543 0 -1.16283 0 0 0 0 -0.813282
261 262 0.000535072 0 -1.14753 0 0 0 0 -1.147
262 263 0.0101151 0 -0.812094 0 0 0 0 -0.801979
263 264 0.0297595 0 -1.2787 0 0 0 0 -1.24895
264 265 0.00620238 0 0 0 0 0 0 0.00620238
265 266 0.0934921 0 -1.17854 0 0 0 0 -1.08505
263 267 0 0 0 0 0 -0.120199 0 -0.120199
262 267 0 0 0 0 -0.371786 0 -0 -0.371786
261 267 0 0 0 0 0 -0.173311 0 -0.173311
266 267 0.0723958 0 -0 0 0 0 0 0.0723958
262 268 0 0 0 0 0 -0.120345 -0 -0.120345
261 268 0 0 0 0 -0.798541 0 -0 -0.798541
260 268 0 0 0 0 0 -0.162834 0 -0.162834
267 268 0.0769813 0 -1.38475 0 0 0 0 -1.30777
261 269 0 0 0 0 0 -0.163399 0 -0.163399
260 269 0 0 0 0 -0.877755 0 -0 -0.877755
268 269 0.115703 0 -1.08278 0 0 0 0 -0.967074
260 270 0 0 0 0 0 -0.119737 0 -0.119737
269 270 0.000225841 0 -1.09665 0 0 0 0 -1.09642
270 271 0.0357297 0 -1.30131 0 0 0 0 -1.26558
271 272 0.0411948 0 -1.13319 0 0 0 0 -1.09199
272 273 0.00303741 0 -1.3117 0 0 0 0 -1.30867
273 274 0.0413018 0 -1.20454 0 0 0 0 -1.16324
274 275 0.00532422 0 -1.20503 0 0 0 0 -1.1997
275 276 0.00427349 0 -1.18187 0 0 0 0 -1.17759
276 277 0.0343272 0 0 0 0 0 0 0.0343272
277 278 0.0258238 0 -1.27909 0 0 0 0 -1.25327
278 279 0.19158 0 -1.11879 0 0 0 0 -0.927215
280 281 0.0210053 0 -1.22249 0 0 0 0 -1.20148
281 282 0.00654271 0 -1.06221 0 0 0 0 -1.05567
282 283 0.000204132 0 -1.35141 0 0 0 0 -1.35121
283 284 0.000225057 0 -1.27039 0 0 0 0 -1.27017
284 285 0.0858373 0 -0.932151 0 0 0 0 -0.846314
283 286 0 0 0 0 0 -0.00048945 -0 -0.00048945
282 286 0 0 0 0 0 -0.177798 0 -0.177798
285 286 0.00533423 0 -0 0 0 0 0 0.00533423
283 287 0 0 0 0 0 -0.0444552 0 -0.0444552
282 287 0 0 0 0 -0.492942 0 -0 -0.492942
281 287 0 0 0 0 0 -0.153714 0 -0.153714
286 287 0.225539 0 -1.16115 0 0 0 0 -0.935613
282 288 0 0 0 0 0 -0.0972915 0 -0.0972915
281 288 0 0 0 0 -0.751229 0 -0 -0.751229
280 288 0 0 0 0 0 -0.1482 0 -0.1482
287 288 0.103115 0 -1.24428 0 0 0 0 -1.14116
281 289 0 0 0 0 0 -0.162212 0 -0.162212
280 289 0 0 0 0 -0.8462 0 -0 -0.8462
288 289 0.0451642 0 -1.02574 0 0 0 0 -0.98058
280 290 0 0 0 0 0 -0.00519332 0 -0.00519332
289 290 0.119609 0 -0.860606 0 0 0 0 -0.740997
290 291 0.108572 0 -1.06466 0 0 0 0 -0.956087
291 292 0.0529588 0 -0.782314 0 0 0 0 -0.729355
292 293 0.00374313 0 -1.07055 0 0 0 0 -1.06681
293 294 0.00608107 0 -1.19158 0 0 0 0 -1.1855
259 295 0 0 0 0 0 -0.12831 0 -0.12831
294 295 0.00287103 0 -1.35056 0 0 0 0 -1.34769
259 296 0 0 0 0 -0.790178 0 -0 -0.790178
258 296 0 0 0 0 0 -0.178653 0 -0.178653
295 296 0.0168927 0 -1.14949 0 0 0 0 -1.13259
259 297 0 0 0 0 0 -0.189343 0 -0.189343
258 297 0 0 0 0 -0.664308 0 -0 -0.664308
257 297 0 0 0 0 0 -0.120694 0 -0.120694
296 297 0.0103104 0 -1.24329 0 0 0 0 -1.23298
256 298 0 0 0 0 0 -0.0920767 0 -0.0920767
258 298 0 0 0 0 0 -0.18327 0 -0.18327
257 298 0 0 0 0 -0.819965 0 -0 -0.819965
297 298 0.0234254 0 -0.950479 0 0 0 0 -0.927054
256 299 0 0 0 0 -0.779953 0 -0 -0.779953
257 299 0 0 0 0 0 -0.0981969 -0 -0.0981969
298 299 0.0548934 0 -1.232 0 0 0 0 -1.1771
300 301 0.0192064 0 -1.10222 0 0 0 0 -1.08301
301 302 0.0185813 0 -1.27479 0 0 0 0 -1.25621
302 303 0.0231032 0 -1.08897 0 0 0 0 -1.06586
303 304 0.00330943 0 -1.26131 0 0 0 0 -1.258
304 305 0.00535918 0 -1.28162 0 0 0 0 -1.27626
305 306 0.00747507 0 -1.36448 0 0 0 0 -1.357
306 307 0.0567284 0 -1.24794 0 0 0 0 -1.19121
307 308 0.0259254 0 -1.33454 0 0 0 0 -1.30862
308 309 0.000877789 0 -1.33165 0 0 0 0 -1.33078
309 310 0.0305082 0 -1.13383 0 0 0 0 -1.10332
310 311 0.0616972 0 -1.33264 0 0 0 0 -1.27094
311 312 0.0233901 0 -1.23839 0 0 0 0 -1.215
312 313 0.0421761 0 -1.33264 0 0 0 0 -1.29047
313 314 0.00708912 0 -1.42056 0 0 0 0 -1.41347
314 315 0.00710042 0 -1.23294 0 0 0 0 -1.22584
315 316 0.00741905 0 -1.25198 0 0 0 0 -1.24456
316 317 0.000211978 0 -1.16709 0 0 0 0 -1.16688
317 318 0.0218192 0 -0 0 0 0 0 0.0218192
318 319 0.134889 0 -1.05007 0 0 0 0 -0.915182
320 321 0.00457279 0 -1.1387 0 0 0 0 -1.13413
321 322 0.116567 0 -1.25023 0 0 0 0 -1.13366
322 323 0.0279728 0 -1.25958 0 0 0 0 -1.23161
323 324 0.0174077 0 -0 0 0 0 0 0.0174077
324 325 0.0939789 0 -1.37545 0 0 0 0 -1.28147
325 326 0.116928 0 -1.00251 0 0 0 0 -0.885578
326 327 0.0732769 0 -1.24743 0 0 0 0 -1.17415
327 328 0.0202824 0 -1.12806 0 0 0 0 -1.10778
328 329 0.00409571 0 -1.19572 0 0 0 0 -1.19162
329 330 0.014237 0 -0.891617 0 0 0 0 -0.87738
19 331 0 0 0 0 0 -0.0594295 0 -0.0594295
330 331 0.111182 0 -1.15039 0 0 0 0 -1.03921
18 332 0 0 0 0 0 -0.153247 0 -0.153247
19 332 0 0 0 0 -0.656717 0 -0 -0.656717
331 332 0.061276 0 -1.27425 0 0 0 0 -1.21298
18 333 0 0 0 0 -0.447903 0 -0 -0.447903
17 333 0 0 0 0 0 -0.101112 0 -0.101112
19 333 0 0 0 0 0 -0.0630381 -0 -0.0630381
332 333 0.0124427 0 -0.883384 0 0 0 0 -0.870941
18 334 0 0 0 0 0 -0.132332 0 -0.132332
16 334 0 0 0 0 -0 -0.115423 -0 -0.115423
15 334 0 0 0 0 0 -0.00311153 0 -0.00311153
333 334 0.00914969 0 -1.12005 0 0 0 0 -1.11091
17 335 0 0 0 0 0 -0.109401 0 -0.109401
16 335 0 0 0 0 -0.763445 0 -0 -0.763445
14 335 0 0 0 0 0 -0.0837767 0 -0.0837767
334 335 0.00798931 0 -1.04169 0 0 0 0 -1.0337
16 336 0 0 0 0 0 -0.00780499 0 -0.00780499
15 336 0 0 0 0 -0 -0.00554688 -0 -0.00554688
13 336 0 0 0 0 -0 -0.0620856 0 -0.0620856
335 336 0.234736 0 -0.823838 0 0 0 0 -0.589102
12 337 0 0 0 0 0 -0.145918 0 -0.145918
14 337 0 0 0 0 0 -0.131298 0 -0.131298
13 337 0 0 0 0 -0.495104 0 -0 -0.495104
336 337 0.00879966 0 -1.38293 0 0 0 0 -1.37413
12 338 0 0 0 0 -0.752724 0 -0 -0.752724
11 338 0 0 0 0 0 -0.097285 0 -0.097285
13 338 0 0 0 0 0 -0.10607 0 -0.10607
337 338 0.0347459 0 -1.39514 0 0 0 0 -1.36039
12 339 0 0 0 0 0 -0.177876 0 -0.177876
11 339 0 0 0 0 -0.678476 0 -0 -0.678476
10 339 0 0 0 0 0 -0.0931719 0 -0.0931719
338 339 0.00422802 0 -0.893207 0 0 0 0 -0.888979
340 341 0.0121057 0 -1.01196 0 0 0 0 -0.999859
341 342 0.000471476 0 -1.0816 0 0 0 0 -1.08113
342 343 0.000140204 0 -1.32049 0 0 0 0 -1.32035
343 344 0.0430414 0 -0.980243 0 0 0 0 -0.937202
344 345 0.0190865 0 -0 0 0 0 0 0.0190865
345 346 0.0524912 0 -1.23054 0 0 0 0 -1.17805
256 347 0 0 0 0 -0.000368046 -0.00668359 -0 -0.00705164
255 347 0 0 0 0 0 -0.142896 0 -0.142896
299 347 0 0 0 0 0 0 -0.302051 -0.302051
346 347 0.16729 0 0 0 0 0 0 0.16729
254 348 0 0 0 0 0 -0.0971373 -0 -0.0971373
256 348 0 0 0 0 0 -0.0107269 0 -0.0107269
255 348 0 0 0 0 -0.80603 0 -0 -0.80603
347 348 0.000243309 0 -1.23505 0 0 0 0 -1.23481
253 349 0 0 0 0 0 -0.157579 -0 -0.157579
255 349 0 0 0 0 0 -0.110603 0 -0.110603
348 349 0.0770379 0 -1.31546 0 0 0 0 -1.23842
254 350 0 0 0 0 0 -0.158453 0 -0.158453
253 350 0 0 0 0 -0.907871 0 -0 -0.907871
252 350 0 0 0 0 0 -0.190541 0 -0.190541
349 350 0.0393517 0 -1.20967 0 0 0 0 -1.17032
251 351 0 0 0 0 0 -0.055785 0 -0.055785
253 351 0 0 0 0 0 -0.187795 0 -0.187795
252 351 0 0 0 0 -0.819784 0 -0 -0.819784
350 351 0.0151974 0 -1.27987 0 0 0 0 -1.26468
251 352 0 0 0 0 0 -7.93897e-15 -0 -7.93897e-15
250 352 0 0 0 0 0 -0.00535251 0 -0.00535251
252 352 0 0 0 0 0 -0.148376 -0 -0.148376
351 352 0.00790347 0 -1.05872 0 0 0 0 -1.05082
251 353 0 0 0 0 0 -0.00260172 0 -0.00260172
250 353 0 0 0 0 0 -0.000663637 0 -0.000663637
249 353 0 0 0 0 0 -0.00266843 0 -0.00266843
352 353 0.0201895 0 -1.01012 0 0 0 0 -0.989927
250 354 0 0 0 0 0 -0.0572576 0 -0.0572576
249 354 0 0 0 0 -0.525925 0 -0 -0.525925
248 354 0 0 0 0 0 -0.0057369 -0 -0.0057369
353 354 0.03093 0 -0.997396 0 0 0 0 -0.966466
246 355 0 0 0 0 -0 -0.13434 0 -0.13434
249 355 0 0 0 0 -0 -0.0722937 0 -0.0722937
247 355 0 0 0 0 0 -0.0582478 0 -0.0582478
354 355 0.0190445 0 -1.22334 0 0 0 0 -1.20429
245 356 0 0 0 0 -0 -0.0675075 -0 -0.0675075
248 356 0 0 0 0 0 -0.123833 0 -0.123833
247 356 0 0 0 0 -0.461787 -2.1519e-06 -0 -0.461789
355 356 0.044721 0 -1.06778 0 0 0 0 -1.02306
246 357 0 0 0 0 0 -0.131858 0 -0.131858
245 357 0 0 0 0 -0.727333 0 -0 -0.727333
244 357 0 0 0 0 0 -0.167546 0 -0.167546
356 357 0.0133592 0 -1.25847 0 0 0 0 -1.24511
245 358 0 0 0 0 0 -0.0827346 0 -0.0827346
244 358 0 0 0 0 -0.658532 0 -0 -0.658532
243 358 0 0 0 0 0 -0.18225 0 -0.18225
357 358 0.201839 0 -1.24977 0 0 0 0 -1.04793
244 359 0 0 0 0 0 -0.0206106 0 -0.0206106
243 359 0 0 0 0 -0.377774 -5.89536e-05 -0 -0.377833
358 359 0.00446841 0 -1.15484 0 0 0 0 -1.15037
360 361 0.00812869 0 -1.25246 0 0 0 0 -1.24433
361 362 0.0129982 0 -1.23277 0 0 0 0 -1.21977
362 363 0.0213902 0 -1.2056 0 0 0 0 -1.18421
363 364 0.126636 0 -0.86132 0 0 0 0 -0.734684
364 365 5.40556e-05 0 -1.06418 0 0 0 0 -1.06413
365 366 0.13989 0 -1.12075 0 0 0 0 -0.980859
366 367 0.011869 0 -1.12786 0 0 0 0 -1.11599
367 368 0.00298843 0 -1.09007 0 0 0 0 -1.08708
368 369 0.0157455 0 -0.984905 0 0 0 0 -0.96916
369 370 0.0792385 0 -1.16531 0 0 0 0 -1.08608
370 371 0.0129679 0 -1.23874 0 0 0 0 -1.22577
371 372 0.064422 0 -1.22222 0 0 0 0 -1.1578
372 373 0.0201914 0 -1.00544 0 0 0 0 -0.98525
373 374 0.011519 0 -1.28938 0 0 0 0 -1.27786
374 375 0.00647085 0 -1.15548 0 0 0 0 -1.14901
375 376 0.0145437 0 -0.640084 0 0 0 0 -0.62554
376 377 0.0137145 0 -1.25052 0 0 0 0 -1.2368
377 378 0.000282451 0 -1.12143 0 0 0 0 -1.12115
378 379 3.64283e-07 0 -1.05477 0 0 0 0 -1.05477
379 380 0 0 0 0 -0.634377 -2.41668e-18 -0 -0.634377
378 380 0 0 0 0 0 -0.183812 0 -0.183812
379 381 0 0 0 0 0 -0.0929524 0 -0.0929524
378 381 0 0 0 0 -0.491836 -1.27365e-07 -0 -0.491836
377 381 0 0 0 0 0 -0.120628 0 -0.120628
380 381 0.00834953 0 -1.0098 0 0 0 0 -1.00145
378 382 0 0 0 0 0 -0.193322 0 -0.193322
377 382 0 0 0 0 -0.716834 0 -0 -0.716834
376 382 0 0 0 0 -1.11395e-30 -0.0873809 -0 -0.0873809
381 382 0.00593543 0 -1.21452 0 0 0 0 -1.20859
377 383 0 0 0 0 -0 -0.0750882 -0 -0.0750882
376 383 0 0 0 0 -0.74343 0 -0 -0.74343
375 383 0 0 0 0 0 -0.0709047 -0 -0.0709047
382 383 0.0446594 0 -1.00056 0 0 0 0 -0.955902
376 384 0 0 0 0 -1.0635e-09 -0.0557242 0 -0.0557242
375 384 0 0 0 0 0 -0.00122781 -0 -0.00122781
374 384 0 0 0 0 0 -0.0110849 0 -0.0110849
383 384 0.0138995 0 -1.17011 0 0 0 0 -1.15622
373 385 0 0 0 0 0 -3.52872e-06 -0 -3.52872e-06
384 385 0.0493418 0 -1.28495 0 0 0 0 -1.23561
374 386 0 0 0 0 0 -0.0359357 0 -0.0359357
373 386 0 0 0 0 -0.297221 0 -0 -0.297221
372 386 0 0 0 0 0 -0.00801683 0 -0.00801683
385 386 0.110992 0 -0.863716 0 0 0 0 -0.752725
373 387 0 0 0 0 0 -0.0366319 0 -0.0366319
372 387 0 0 0 0 0 -1.36286e-05 -0 -1.36286e-05
371 387 0 0 0 0 0 -0.120991 0 -0.120991
386 387 0.00206893 0 -0.866583 0 0 0 0 -0.864514
370 388 0 0 0 0 0 -0.0418578 0 -0.0418578
372 388 0 0 0 0 0 -0.0125836 0 -0.0125836
371 388 0 0 0 0 -0.483817 0 -0 -0.483817
387 388 0.032689 0 -1.06071 0 0 0 0 -1.02802
370 389 0 0 0 0 -0.718021 0 -0 -0.718021
369 389 0 0 0 0 0 -0.0662736 0 -0.0662736
371 389 0 0 0 0 0 -0.124472 0 -0.124472
388 389 0.0450648 0 -1.31483 0 0 0 0 -1.26977
370 390 0 0 0 0 0 -0.0914778 0 -0.0914778
369 390 0 0 0 0 -0.491883 0 -0 -0.491883
368 390 0 0 0 0 0 -0.0054893 -0 -0.0054893
389 390 0.0558605 0 -1.13548 0 0 0 0 -1.07962
369 391 0 0 0 0 0 -0.11521 0 -0.11521
368 391 0 0 0 0 -0.321088 0 -0 -0.321088
367 391 0 0 0 0 0 -0.1551 0 -0.1551
390 391 0.0166634 0 -1.04493 0 0 0 0 -1.02827
368 392 0 0 0 0 0 -0.0712984 -0 -0.0712984
366 392 0 0 0 0 0 -0.13688 0 -0.13688
391 392 0.0388859 0 -1.00931 0 0 0 0 -0.970422
367 393 0 0 0 0 0 -0.196906 0 -0.196906
366 393 0 0 0 0 -0.826708 0 -0 -0.826708
365 393 0 0 0 0 0 -0.0729103 -0 -0.0729103
392 393 0.000893794 0 -1.17715 0 0 0 0 -1.17625
364 394 0 0 0 0 0 -0.0882904 0 -0.0882904
366 394 0 0 0 0 0 -0.138218 0 -0.138218
393 394 0.00424881 0 -1.35043 0 0 0 0 -1.34618
364 395 0 0 0 0 0 -8.80161e-06 -0 -8.80161e-06
363 395 0 0 0 0 0 -0.0855063 0 -0.0855063
365 395 0 0 0 0 0 -0.145261 0 -0.145261
394 395 0.000121572 0 -1.07049 0 0 0 0 -1.07036
364 396 0 0 0 0 -0 -0.164353 0 -0.164353
363 396 0 0 0 0 -0.782371 0 -0 -0.782371
362 396 0 0 0 0 -1.75025e-28 -0.137641 0 -0.137641
395 396 0.0177456 0 -0.986906 0 0 0 0 -0.969161
361 397 0 0 0 0 0 -0.132443 0 -0.132443
363 397 0 0 0 0 -0 -0.1395 0 -0.1395
362 397 0 0 0 0 -0.627526 0 -0 -0.627526
396 397 7.72152e-06 0 -0.941202 0 0 0 0 -0.941194
361 398 0 0 0 0 -0.76143 0 -0 -0.76143
360 398 0 0 0 0 0 -0.160105 0 -0.160105
362 398 0 0 0 0 0 -0.178131 0 -0.178131
397 398 0.161811 0 -1.35891 0 0 0 0 -1.1971
361 399 0 0 0 0 0 -0.153134 0 -0.153134
360 399 0 0 0 0 -0.174941 0 -0 -0.174941
398 399 0.0227253 0 -1.3545 0 0 0 0 -1.33177
400 401 0.0681392 0 -1.03552 0 0 0 0 -0.967384
401 402 0.0087579 0 -0.783649 0 0 0 0 -0.774891
402 403 0.0403132 0 0 0 0 0 0 0.0403132
403 404 0.0798858 0 -0.982225 0 0 0 0 -0.902339
404 405 0.00618619 0 -1.28666 0 0 0 0 -1.28048
78 406 0 0 0 0 0 -0.134646 0 -0.134646
405 406 0.0176497 0 -0.808817 0 0 0 0 -0.791168
79 407 0 0 0 0 0 -0.160128 0 -0.160128
78 407 0 0 0 0 -0.673334 0 -0 -0.673334
77 407 0 0 0 0 0 -0.146259 0 -0.146259
406 407 0.0202552 0 -1.23861 0 0 0 0 -1.21836
76 408 0 0 0 0 0 -0.161219 0 -0.161219
78 408 0 0 0 0 0 -0.115377 0 -0.115377
77 408 0 0 0 0 -0.712696 0 -0 -0.712696
407 408 0.043039 0 -1.17541 0 0 0 0 -1.13237
76 409 0 0 0 0 -0.721462 0 -0 -0.721462
75 409 0 0 0 0 0 -0.142795 0 -0.142795
77 409 0 0 0 0 0 -0.11349 -0 -0.11349
408 409 0.0224893 0 -1.03984 0 0 0 0 -1.01735
74 410 0 0 0 0 0 -0.0716571 0 -0.0716571
76 410 0 0 0 0 -0 -0.0908139 0 -0.0908139
75 410 0 0 0 0 0 -0.00188956 -0 -0.00188956
409 410 0.105909 0 -1.24458 0 0 0 0 -1.13867
75 411 0 0 0 0 0 -0.123698 0 -0.123698
410 411 0.0163639 0 -0 0 0 0 0 0.0163639
74 412 0 0 0 0 0 -0.0504876 0 -0.0504876
76 412 0 0 0 0 0 -0.14766 0 -0.14766
75 412 0 0 0 0 -0.721825 0 -0 -0.721825
411 412 0.000598235 0 -1.05 0 0 0 0 -1.0494
74 413 0 0 0 0 -0.769559 0 -0 -0.769559
73 413 0 0 0 0 0 -0.146943 0 -0.146943
75 413 0 0 0 0 0 -0.179415 0 -0.179415
412 413 0.285313 0 -1.16026 0 0 0 0 -0.874947
74 414 0 0 0 0 0 -0.118474 -0 -0.118474
73 414 0 0 0 0 -0.685874 0 -0 -0.685874
72 414 0 0 0 0 0 -0.111035 0 -0.111035
413 414 0.0941472 0 -1.17266 0 0 0 0 -1.07851
73 415 0 0 0 0 0 -0.193753 0 -0.193753
72 415 0 0 0 0 -0.630596 0 -0 -0.630596
71 415 0 0 0 0 0 -0.135406 0 -0.135406
414 415 0.0210688 0 -1.2276 0 0 0 0 -1.20654
72 416 0 0 0 0 0 -0.150191 0 -0.150191
70 416 0 0 0 0 -0 -0.064104 -0 -0.064104
69 416 0 0 0 0 0 -0.120718 0 -0.120718
415 416 0.0887002 0 -0.987749 0 0 0 0 -0.899049
71 417 0 0 0 0 0 -1.92236e-05 0 -1.92236e-05
70 417 0 0 0 0 0 -0.00371332 -0 -0.00371332
69 417 0 0 0 0 -0.625045 0 -0 -0.625045
68 417 0 0 0 0 0 -0.135673 0 -0.135673
416 417 0.00382433 0 -1.08715 0 0 0 0 -1.08333
69 418 0 0 0 0 0 -0.205691 0 -0.205691
68 418 0 0 0 0 -0.876193 0 -0 -0.876193
67 418 0 0 0 0 0 -0.101179 -0 -0.101179
417 418 0.00103127 0 -1.20118 0 0 0 0 -1.20015
68 419 0 0 0 0 0 -0.162265 0 -0.162265
66 419 0 0 0 0 0 -0.0282455 -0 -0.0282455
418 419 0.00110705 0 -1.35176 0 0 0 0 -1.35065
420 421 0.12277 0 -1.24414 0 0 0 0 -1.12137
421 422 0.150326 0 -1.05151 0 0 0 0 -0.901187
422 423 0.00270497 0 -1.12277 0 0 0 0 -1.12007
423 424 0.000107755 0 -1.14342 0 0 0 0 -1.14331
424 425 0.174593 0 0 0 0 0 0 0.174593
425 426 0.0133685 0 -1.28194 0 0 0 0 -1.26857
426 427 0.0436972 0 -1.32618 0 0 0 0 -1.28249
427 428 0.0194319 0 -1.11088 0 0 0 0 -1.09145
428 429 0.00156363 0 -1.19607 0 0 0 0 -1.19451
429 430 0.0897641 0 -1.23537 0 0 0 0 -1.1456
430 431 0.0932726 0 -1.41647 0 0 0 0 -1.3232
431 432 5.66121e-07 0 0 0 0 0 0 5.66121e-07
432 433 0.000130218 0 -1.28283 0 0 0 0 -1.2827
431 434 0 0 0 0.00191279 -0 -0 -0 0.00191279
433 434 0.000487684 0 -1.22775 0 0 0 0 -1.22727
429 435 0 0 0 0 0 -0.186881 0 -0.186881
434 435 0.00143666 0 -1.18158 0 0 0 0 -1.18014
428 436 0 0 0 0 0 -0.177502 0 -0.177502
430 436 0 0 0 0 -0 -0.152796 0 -0.152796
429 436 0 0 0 0 -0.786932 0 -0 -0.786932
435 436 0.0357257 0 -1.40856 0 0 0 0 -1.37283
428 437 0 0 0 0 -0.839534 0 -0 -0.839534
427 437 0 0 0 0 0 -0.129931 0 -0.129931
429 437 0 0 0 0 0 -0.180817 -0 -0.180817
436 437 0.0208344 0 -1.04837 0 0 0 0 -1.02754
428 438 0 0 0 0 0 -0.160904 0 -0.160904
427 438 0 0 0 0 -0.742058 0 -0 -0.742058
426 438 0 0 0 0 0 -0.178524 0 -0.178524
437 438 0.198067 0 -1.37124 0 0 0 0 -1.17317
427 439 0 0 0 0 0 -0.183139 0 -0.183139
425 439 0 0 0 0 0 -0.0286356 -0 -0.0286356
438 439 0.00150579 0 -1.30651 0 0 0 0 -1.30501
440 441 0.018384 0 -1.34205 0 0 0 0 -1.32367
441 442 0.0239112 0 -1.31174 0 0 0 0 -1.28782
442 443 0.0636969 0 -1.12719 0 0 0 0 -1.06349
443 444 0.109536 0 -1.21848 0 0 0 0 -1.10894
444 445 0.0470111 0 -1.10727 0 0 0 0 -1.06026
445 446 0.0420452 0 -1.2958 0 0 0 0 -1.25375
446 447 0.130553 0 -1.2867 0 0 0 0 -1.15615
447 448 0.00556422 0 -1.23805 0 0 0 0 -1.23249
448 449 0.026207 0 -1.18504 0 0 0 0 -1.15884
449 450 0.000651737 0 0 0 0 0 0 0.000651737
450 451 0.0247116 0 -1.176 0 0 0 0 -1.15129
448 452 0 0 0 0 0 -0.148061 0 -0.148061
451 452 0.099998 0 -0.502138 0 0 0 0 -0.40214
448 453 0 0 0 0 -0.697863 0 -0 -0.697863
447 453 0 0 0 0 0 -0.192108 0 -0.192108
452 453 0.0128778 0 -1.14619 0 0 0 0 -1.13332
447 454 0 0 0 0 -0 -0.000848065 -0 -0.000848065
453 454 0.122692 0 -0 0 0 0 0 0.122692
446 455 0 0 0 0 -0 -0.114881 -0 -0.114881
454 455 0.0296816 0 -0.997457 0 0 0 0 -0.967775
447 456 0 0 0 0 0 -0.0816548 0 -0.0816548
445 456 0 0 0 0 0 -0.191528 0 -0.191528
455 456 0.0521924 0 -1.19137 0 0 0 0 -1.13918
446 457 0 0 0 0 -0 -0.155432 -0 -0.155432
444 457 0 0 0 0 0 -0.174137 0 -0.174137
456 457 0.0164274 0 -1.17676 0 0 0 0 -1.16033
445 458 0 0 0 0 -0 -0.173591 0 -0.173591
444 458 0 0 0 0 -0.624752 0 -0 -0.624752
443 458 0 0 0 0 -0 -0.0869991 -0 -0.0869991
457 458 0.0352676 0 -1.37776 0 0 0 0 -1.34249
442 459 0 0 0 0 0 -0.0255121 -0 -0.0255121
444 459 0 0 0 0 0 -0.0661326 0 -0.0661326
458 459 0.0368209 0 -1.30523 0 0 0 0 -1.26841
460 461 0.0258886 0 -1.13934 0 0 0 0 -1.11345
461 462 0.00672026 0 0 0 0 0 0 0.00672026
462 463 6.8784e-05 0 -0.86696 0 0 0 0 -0.866892
463 464 0.315154 0 -1.28067 0 0 0 0 -0.965511
464 465 0.0266902 0 -1.07776 0 0 0 0 -1.05107
465 466 0.00466417 0 -0.972816 0 0 0 0 -0.968152
466 467 6.90608e-07 0 -1.09263 0 0 0 0 -1.09262
467 468 0.00687556 0 -1.21486 0 0 0 0 -1.20799
468 469 0.00442711 0 -1.14811 0 0 0 0 -1.14369
469 470 0.154677 0 -1.3023 0 0 0 0 -1.14762
470 471 0.072834 0 -0 0 0 0 0 0.072834
471 472 0.0347934 0 -1.07244 0 0 0 0 -1.03764
470 473 0 0 0 0 0 -1.49265e-10 -0 -1.49265e-10
469 473 0 0 0 0 0 -0.0546619 0 -0.0546619
472 473 0.0707716 0 -1.28367 0 0 0 0 -1.21289
470 474 0 0 0 0 0 -0.116083 -0 -0.116083
468 474 0 0 0 0 0 -0.192515 0 -0.192515
473 474 0.0118624 0 -1.03174 0 0 0 0 -1.01987
469 475 0 0 0 0 0 -0.142781 0 -0.142781
468 475 0 0 0 0 -0.800822 0 -0 -0.800822
467 475 0 0 0 0 0 -0.114721 0 -0.114721
474 475 0.00275094 0 -1.28148 0 0 0 0 -1.27873
466 476 0 0 0 0 0 -0.164162 0 -0.164162
475 476 0.0054811 0 -0.854144 0 0 0 0 -0.848663
466 477 0 0 0 0 -0.58017 0 -0 -0.58017
465 477 0 0 0 0 0 -0.198078 0 -0.198078
467 477 0 0 0 0 0 -0.0130916 -0 -0.0130916
476 477 0.140027 0 -1.09152 0 0 0 0 -0.951489
466 478 0 0 0 0 0 -0.129097 0 -0.129097
465 478 0 0 0 0 -0.871974 0 -0 -0.871974
464 478 0 0 0 0 -0 -0.177701 0 -0.177701
477 478 0.000159516 0 -1.30209 0 0 0 0 -1.30193
465 479 0 0 0 0 0 -0.160326 0 -0.160326
463 479 0 0 0 0 0 -0.00115976 0 -0.00115976
478 479 0.0258603 0 -1.13346 0 0 0 0 -1.1076
276 480 0 0 0 0 -0.826344 0 -0 -0.826344
275 480 0 0 0 0 0 -0.103743 -0 -0.103743
276 481 0 0 0 0 0 -0.143078 0 -0.143078
275 481 0 0 0 0 -0.626646 0 -0 -0.626646
274 481 0 0 0 0 0 -0.163167 0 -0.163167
480 481 0.0634596 0 -1.29561 0 0 0 0 -1.23215
275 482 0 0 0 0 0 -0.164195 0 -0.164195
273 482 0 0 0 0 0 -0.116002 -0 -0.116002
274 482 0 0 0 0 -0.258118 0 -0 -0.258118
481 482 0.000341134 0 -1.19114 0 0 0 0 -1.1908
482 483 0.00558406 0 -0 0 0 0 0 0.00558406
272 484 0 0 0 0 -0 -0.0850044 0 -0.0850044
483 484 0.000171846 0 -1.10997 0 0 0 0 -1.1098
273 485 0 0 0 0 0 -0.14388 -0 -0.14388
272 485 0 0 0 0 -0.819553 0 -0 -0.819553
271 485 0 0 0 0 0 -0.115735 0 -0.115735
484 485 0.00780192 0 -1.22016 0 0 0 0 -1.21236
272 486 0 0 0 0 0 -0.150513 0 -0.150513
271 486 0 0 0 0 -0.786122 0 -0 -0.786122
270 486 0 0 0 0 0 -0.166536 0 -0.166536
485 486 0.0573708 0 -1.29926 0 0 0 0 -1.24189
486 487 0.0985037 0 0 0 0 0 0 0.0985037
487 488 0.121513 0 -0.444114 0 0 0 0 -0.322601
488 489 0.138242 0 -1.28359 0 0 0 0 -1.14534
489 490 0.0638387 0 -1.30897 0 0 0 0 -1.24513
490 491 0.00676608 0 -1.34419 0 0 0 0 -1.33742
491 492 0.0158217 0 -0.75681 0 0 0 0 -0.740989
492 493 0.0684933 0 -1.26028 0 0 0 0 -1.19179
493 494 0.0033539 0 -0 0 0 0 0 0.0033539
494 495 0.0564409 0 -1.22945 0 0 0 0 -1.17301
492 496 0 0 0 0 0 -0.134256 0 -0.134256
493 496 0 0 0 0 0 -0.00109954 -0 -0.00109954
495 496 0.0125396 0 -1.05011 0 0 0 0 -1.03757
492 497 0 0 0 0 -0.553383 -1.08611e-16 -0 -0.553383
493 497 0 0 0 0 0 -0.154741 0 -0.154741
491 497 0 0 0 0 0 -0.121394 0 -0.121394
496 497 0.0778617 0 -1.1191 0 0 0 0 -1.04124
492 498 0 0 0 0 0 -0.131104 0 -0.131104
491 498 0 0 0 0 -0.811207 0 -0 -0.811207
490 498 0 0 0 0 0 -0.116457 -0 -0.116457
497 498 0.0118287 0 -1.01651 0 0 0 0 -1.00468
489 499 0 0 0 0 -1.9793e-29 -0.103619 -0 -0.103619
491 499 0 0 0 0 0 -0.154816 0 -0.154816
490 499 0 0 0 0 -0.806756 0 -0 -0.806756
498 499 0.0128069 0 -1.07724 0 0 0 0 -1.06443
500 501 0.000811077 0 -0.743022 0 0 0 0 -0.742211
501 502 0.101183 0 -1.2767 0 0 0 0 -1.17552
502 503 0.0599852 0 -1.05306 0 0 0 0 -0.993075
503 504 0.187875 0 -0.935643 0 0 0 0 -0.747768
504 505 0.0413802 0 0 0 0 0 0 0.0413802
505 506 0.111096 0 -0.987155 0 0 0 0 -0.876059
506 507 0.0642272 0 -1.29657 0 0 0 0 -1.23235
332 508 0 0 0 0 0 -0.091857 -0 -0.091857
331 508 0 0 0 0 -0.599324 0 -0 -0.599324
330 508 0 0 0 0 0 -0.0913511 -0 -0.0913511
19 508 0 0 0 0 0 0 -0.544939 -0.544939
507 508 0.0573933 0 0 0 0 0 0 0.0573933
331 509 0 0 0 0 0 -0.165859 0 -0.165859
330 509 0 0 0 0 -0.633671 0 -0 -0.633671
329 509 0 0 0 0 0 -0.0698581 0 -0.0698581
508 509 0.0332213 0 -1.25959 0 0 0 0 -1.22637
330 510 0 0 0 0 -0 -0.126575 0 -0.126575
328 510 0 0 0 0 0 -0.118261 0 -0.118261
509 510 0.000112801 0 -0.96004 0 0 0 0 -0.959927
327 511 0 0 0 0 0 -0.122434 -0 -0.122434
329 511 0 0 0 0 0 -0.0277941 -0 -0.0277941
328 511 0 0 0 0 -0.80766 0 -0 -0.80766
510 511 0.0107044 0 -1.30701 0 0 0 0 -1.2963
327 512 0 0 0 0 -0.357223 0 -0 -0.357223
326 512 0 0 0 0 0 -0.0397293 0 -0.0397293
328 512 0 0 0 0 0 -0.0576574 0 -0.0576574
511 512 0.00830073 0 -1.0459 0 0 0 0 -1.0376
327 513 0 0 0 0 0 -0.0381617 -0 -0.0381617
325 513 0 0 0 0 0 -0.16069 0 -0.16069
512 513 0.0436892 0 -0.972576 0 0 0 0 -0.928886
326 514 0 0 0 0 0 -0.0290166 -0 -0.0290166
325 514 0 0 0 0 -0.795698 0 -0 -0.795698
324 514 0 0 0 0 -0 -0.094692 0 -0.094692
323 514 0 0 0 0 -0 -0.00334722 0 -0.00334722
513 514 0.00276439 0 -1.37069 0 0 0 0 -1.36792
325 515 0 0 0 0 0 -0.166199 0 -0.166199
323 515 0 0 0 0 0 -0.00328758 -0 -0.00328758
322 515 0 0 0 0 0 -0.144699 0 -0.144699
514 515 0.0123231 0 -1.20964 0 0 0 0 -1.19732
324 516 0 0 0 0 -0 -0.0425553 0 -0.0425553
323 516 0 0 0 0 -0 -0.19969 0 -0.19969
322 516 0 0 0 0 -0.817195 0 -0 -0.817195
321 516 0 0 0 0 0 -0.149205 -0 -0.149205
515 516 0.0441028 0 -1.23611 0 0 0 0 -1.19201
322 517 0 0 0 0 0 -0.191943 0 -0.191943
321 517 0 0 0 0 -0.53684 -3.44631e-17 -0 -0.53684
320 517 0 0 0 0 0 -0.134241 0 -0.134241
516 517 0.000183652 0 -0.86373 0 0 0 0 -0.863547
321 518 0 0 0 0 0 -0.0780107 0 -0.0780107
320 518 0 0 0 0 -0.655157 0 -0 -0.655157
517 518 0.0398495 0 -0.797208 0 0 0 0 -0.757359
320 519 0 0 0 0 0 -0.157767 0 -0.157767
518 519 0.049507 0 -1.32419 0 0 0 0 -1.27468
237 520 0 0 0 0 0 -0.175708 0 -0.175708
236 520 0 0 0 0 -0.896524 0 -0 -0.896524
235 520 0 0 0 0 0 -0.128016 0 -0.128016
236 521 0 0 0 0 0 -0.134464 -0 -0.134464
235 521 0 0 0 0 -0.641529 0 -0 -0.641529
234 521 0 0 0 0 0 -0.088426 -0 -0.088426
520 521 2.80193e-05 0 -1.24041 0 0 0 0 -1.24038
235 522 0 0 0 0 0 -0.177219 0 -0.177219
234 522 0 0 0 0 -0.556818 0 -0 -0.556818
233 522 0 0 0 0 0 -0.180641 0 -0.180641
521 522 4.31277e-05 0 -1.19377 0 0 0 0 -1.19373
234 523 0 0 0 0 -0 -0.054322 -0 -0.054322
232 523 0 0 0 0 -0 -0.000431766 0 -0.000431766
522 523 0.00445838 0 -1.15572 0 0 0 0 -1.15127
233 524 0 0 0 0 0 -0.00412537 -0 -0.00412537
232 524 0 0 0 0 -0 -0.173728 0 -0.173728
523 524 0.0491122 0 -0 0 0 0 0 0.0491122
233 525 0 0 0 0 0 -0.176042 0 -0.176042
232 525 0 0 0 0 -0.713784 0 -0 -0.713784
231 525 0 0 0 0 0 -0.180381 0 -0.180381
524 525 0.1168 0 -1.18109 0 0 0 0 -1.06429
232 526 0 0 0 0 0 -0.199012 0 -0.199012
231 526 0 0 0 0 -0.753818 0 -0 -0.753818
230 526 0 0 0 0 0 -0.168672 0 -0.168672
525 526 0.020427 0 -1.19397 0 0 0 0 -1.17354
231 527 0 0 0 0 0 -0.188335 0 -0.188335
230 527 0 0 0 0 0 -0.00292903 -0 -0.00292903
526 527 0.00699633 0 -1.3068 0 0 0 0 -1.29981
230 528 0 0 0 0 0 -0.0227871 -0 -0.0227871
527 528 0.0190489 0 -1.34205 0 0 0 0 -1.323
231 529 0 0 0 0 0 -0.02985 0 -0.02985
230 529 0 0 0 0 0 -0.00121381 -0 -0.00121381
229 529 0 0 0 0 -0 -0.208257 0 -0.208257
528 529 0.0346225 0 -0 0 0 0 0 0.0346225
528 530 0 0 0 0.0568004 0 0 0 0.0568004
230 530 0 0 0 0 0 -0.203378 0 -0.203378
229 530 0 0 0 0 -0.828962 0 -0 -0.828962
228 530 0 0 0 0 0 -0.138501 0 -0.138501
529 530 0.0107502 0 -1.25343 0 0 0 0 -1.24268
229 531 0 0 0 0 0 -0.0892511 0 -0.0892511
228 531 0 0 0 0 -0.659307 -1.1092e-17 -0 -0.659307
227 531 0 0 0 0 0 -0.146575 0 -0.146575
530 531 0.000420446 0 -0.421294 0 0 0 0 -0.420873
228 532 0 0 0 0 0 -0.0851683 0 -0.0851683
227 532 0 0 0 0 -0.569431 0 -0 -0.569431
226 532 0 0 0 0 0 -0.114597 0 -0.114597
531 532 0.00623984 0 -0.892746 0 0 0 0 -0.886507
227 533 0 0 0 0 0 -0.171886 0 -0.171886
226 533 0 0 0 0 -0.830928 0 -0 -0.830928
225 533 0 0 0 0 0 -0.153196 0 -0.153196
532 533 0.00157455 0 -1.25355 0 0 0 0 -1.25198
226 534 0 0 0 0 0 -0.126027 0 -0.126027
225 534 0 0 0 0 -0.498251 0 -0 -0.498251
224 534 0 0 0 0 0 -0.0654105 0 -0.0654105
533 534 0.00925676 0 -1.05723 0 0 0 0 -1.04798
225 535 0 0 0 0 0 -0.165673 -0 -0.165673
224 535 0 0 0 0 -0.62924 0 -0 -0.62924
223 535 0 0 0 0 0 -0.162683 0 -0.162683
534 535 0.0130359 0 -1.01027 0 0 0 0 -0.997233
224 536 0 0 0 0 0 -0.154814 -0 -0.154814
223 536 0 0 0 0 -0.778659 0 -0 -0.778659
222 536 0 0 0 0 0 -0.0798576 0 -0.0798576
535 536 0.0119829 0 -0.696622 0 0 0 0 -0.684639
223 537 0 0 0 0 0 -0.163722 0 -0.163722
222 537 0 0 0 0 -0.73572 0 -0 -0.73572
221 537 0 0 0 0 0 -0.0351612 -0 -0.0351612
536 537 0.012563 0 -1.35381 0 0 0 0 -1.34125
222 538 0 0 0 0 0 -0.00832887 0 -0.00832887
221 538 0 0 0 0 -0.580931 0 -0 -0.580931
220 538 0 0 0 0 0 -0.108536 0 -0.108536
537 538 0.000871035 0 -0.889617 0 0 0 0 -0.888746
221 539 0 0 0 0 0 -0.0387067 0 -0.0387067
220 539 0 0 0 0 0 -0.00183355 0 -0.00183355
538 539 0.00511515 0 -1.10152 0 0 0 0 -1.0964
540 541 0.118807 0 -1.16235 0 0 0 0 -1.04354
541 542 0.00223756 0 -0.829522 0 0 0 0 -0.827284
542 543 0.0284957 0 -0.927247 0 0 0 0 -0.898751
543 544 0.0030935 0 -1.18049 0 0 0 0 -1.17739
544 545 0.044314 0 -1.11745 0 0 0 0 -1.07314
545 546 0.00102629 0 -1.22415 0 0 0 0 -1.22312
546 547 7.2799e-05 0 -1.19194 0 0 0 0 -1.19187
547 548 0.00778064 0 -1.25822 0 0 0 0 -1.25043
548 549 0.0725259 0 -1.23898 0 0 0 0 -1.16645
549 550 0.00576755 0 -1.14921 0 0 0 0 -1.14344
550 551 0.00933665 0 -1.13187 0 0 0 0 -1.12253
551 552 0.0184247 0 -1.00546 0 0 0 0 -0.98704
552 553 0.109472 0 -1.32391 0 0 0 0 -1.21444
553 554 0.103019 0 -1.04533 0 0 0 0 -0.942314
554 555 0.0302548 0 -1.28705 0 0 0 0 -1.25679
555 556 0.00978511 0 -1.2618 0 0 0 0 -1.25201
556 557 0.057114 0 -1.35261 0 0 0 0 -1.2955
557 558 0.0475339 0 -1.04394 0 0 0 0 -0.996401
558 559 0.200724 0 -1.0276 0 0 0 0 -0.826881
560 561 0.088927 0 -0.655946 0 0 0 0 -0.567019
561 562 0.00684548 0 -1.37025 0 0 0 0 -1.3634
562 563 0.05546 0 -1.20303 0 0 0 0 -1.14757
563 564 0.00890272 0 -0.837294 0 0 0 0 -0.828391
564 565 0.0989427 0 -1.30893 0 0 0 0 -1.20999
565 566 0.00270601 0 -1.08817 0 0 0 0 -1.08546
566 567 0.137278 0 -1.16823 0 0 0 0 -1.03095
567 568 0.0604209 0 -1.34087 0 0 0 0 -1.28045
568 569 0.0160651 0 -1.23476 0 0 0 0 -1.21869
569 570 0.0064668 0 -1.02376 0 0 0 0 -1.01729
570 571 0.0370014 0 -1.29633 0 0 0 0 -1.25933
571 572 0.0105649 0 -1.34367 0 0 0 0 -1.3331
572 573 0.268693 0 -0.939851 0 0 0 0 -0.671158
573 574 0.01115 0 -1.35969 0 0 0 0 -1.34854
574 575 0.298703 0 -1.10925 0 0 0 0 -0.810545
575 576 0.0377882 0 -1.12822 0 0 0 0 -1.09044
576 577 0.121573 0 -1.11148 0 0 0 0 -0.989906
577 578 0.0369745 0 -1.26724 0 0 0 0 -1.23027
578 579 0.0887454 0 -1.0237 0 0 0 0 -0.934959
580 581 3.38762e-06 0 -0.846203 0 0 0 0 -0.846199
346 582 0 0 0 0 -2.71667e-19 -0.0561661 0 -0.0561661
581 582 0.0455342 0 -1.3742 0 0 0 0 -1.32867
346 583 0 0 0 0 -0.720153 0 -0 -0.720153
345 583 0 0 0 0 0 -0.135585 0 -0.135585
582 583 0.00884091 0 -1.09036 0 0 0 0 -1.08152
343 584 0 0 0 0 0 -0.0541679 0 -0.0541679
346 584 0 0 0 0 -0 -0.00294052 0 -0.00294052
583 584 0.220754 0 -1.16563 0 0 0 0 -0.944875
342 585 0 0 0 0 0 -0.108621 -0 -0.108621
345 585 0 0 0 0 0 -0.00109887 -0 -0.00109887
584 585 0.0874297 0 -1.11729 0 0 0 0 -1.02986
341 586 0 0 0 0 0 -0.164452 0 -0.164452
343 586 0 0 0 0 -0 -0.11838 0 -0.11838
342 586 0 0 0 0 -0.681899 0 -0 -0.681899
585 586 0.331187 0 -1.24254 0 0 0 0 -0.911354
341 587 0 0 0 0 -0.690372 0 -0 -0.690372
340 587 0 0 0 0 0 -0.0738636 0 -0.0738636
342 587 0 0 0 0 0 -0.1585 0 -0.1585
586 587 0.0661575 0 -1.3338 0 0 0 0 -1.26765
341 588 0 0 0 0 0 -0.124583 0 -0.124583
340 588 0 0 0 0 -0.526978 0 -0 -0.526978
587 588 0.0217253 0 -1.17483 0 0 0 0 -1.1531
340 589 0 0 0 0 0 -0.128779 0 -0.128779
588 589 0.00386698 0 -1.2208 0 0 0 0 -1.21693
589 590 0.00015681 0 -1.27366 0 0 0 0 -1.2735
590 591 0.0270294 0 -1.05358 0 0 0 0 -1.02655
591 592 0.0213087 0 -1.30721 0 0 0 0 -1.28591
579 593 0 0 0 0 0 -0.091761 0 -0.091761
592 593 0.0101733 0 -0.982376 0 0 0 0 -0.972202
579 594 0 0 0 0 -0.49334 0 -0 -0.49334
578 594 0 0 0 0 0 -0.134844 0 -0.134844
593 594 0.0171867 0 -1.38646 0 0 0 0 -1.36927
579 595 0 0 0 0 0 -0.208858 0 -0.208858
578 595 0 0 0 0 -0.767272 0 -0 -0.767272
577 595 0 0 0 0 0 -0.0880054 -0 -0.0880054
594 595 0.0166681 0 -1.07168 0 0 0 0 -1.05501
576 596 0 0 0 0 0 -0.150748 -0 -0.150748
578 596 0 0 0 0 0 -0.123634 0 -0.123634
577 596 0 0 0 0 -0.806291 0 -0 -0.806291
595 596 0.193041 0 -1.33474 0 0 0 0 -1.1417
576 597 0 0 0 0 -0.840049 0 -0 -0.840049
575 597 0 0 0 0 0 -0.146537 -0 -0.146537
577 597 0 0 0 0 0 -0.140342 0 -0.140342
596 597 0.0074089 0 -1.18241 0 0 0 0 -1.175
576 598 0 0 0 0 0 -0.153835 -0 -0.153835
575 598 0 0 0 0 -0.438307 0 -0 -0.438307
574 598 0 0 0 0 0 -0.0826258 0 -0.0826258
597 598 0.094219 0 -1.0457 0 0 0 0 -0.951483
575 599 0 0 0 0 0 -0.113217 0 -0.113217
574 599 0 0 0 0 -0.666729 0 -0 -0.666729
573 599 0 0 0 0 0 -0.135968 0 -0.135968
598 599 0.0115199 0 -1.20487 0 0 0 0 -1.19335
#Total energy per particle is  -1.18427 and should be -1.1842710
