t = 300000
b = 30 30 30
E = -1.19165619965974 -1.19165619965974 0
539.296307812263 -1374.4405239973 -784.352310526486 0.941024044096578 0.332879014014575 0.0605418075430995 0.230739266574394 -0.50052653382914 -0.834405524786132 0 0 0 0 0 0
539.369400699213 -1374.30921946213 -784.840233850688 0.825085153378547 -0.491515430436963 0.278652240824736 0.122870595133146 -0.325289847082397 -0.937597638775106 0 0 0 0 0 0
539.710922200112 -1374.21387260452 -785.278774587593 0.195918911766922 -0.918657686650635 0.343050775789349 0.127324214960487 -0.323038254348022 -0.937781867233713 0 0 0 0 0 0
540.036293466749 -1374.48906730058 -785.508845457582 -0.723025658100347 -0.690705677283769 0.0126319078784056 0.110561406706231 -0.133745829129296 -0.984829035182026 0 0 0 0 0 0
540.170158700908 -1374.84833945612 -785.809453373094 -0.942567749908592 0.260286863931618 -0.209324593149101 0.159810376295126 -0.19887757983233 -0.9669065890087 0 0 0 0 0 0
540.060805472932 -1375.10983078118 -786.257319813782 -0.247222867368756 0.967143804388869 -0.0592766014730874 0.0934092849133358 -0.0371025767357799 -0.994936231268903 0 0 0 0 0 0
539.781263020912 -1375.05455075253 -786.718645043983 0.42557796303335 0.893708970242442 0.142012935637755 0.081552405707655 0.11841709198399 -0.989609315563124 0 0 0 0 0 0
539.571806632801 -1374.83019311064 -787.052386014614 0.975026733550819 0.210705873904562 -0.0701847815649228 -0.0889649944294679 0.0810055213708679 -0.992735279555184 0 0 0 0 0 0
539.535421003592 -1374.53361611818 -787.443096328771 0.690295688389478 -0.700003835367889 -0.182993150312106 -0.278962703530731 -0.0241335487717069 -0.959998636385647 0 0 0 0 0 0
539.565523602897 -1374.39203592775 -787.893183694214 0.107343062075835 -0.992190096598496 0.0635317183456062 -0.311129654516293 -0.094214471019244 -0.94568597934568 0 0 0 0 0 0
539.605828268645 -1374.61552012187 -788.326523698 -0.479112356430874 -0.782333094161178 0.398002863928762 -0.467511540234396 -0.156319786156144 -0.870055793730278 0 0 0 0 0 0
539.523829043031 -1375.01325883857 -788.72061081288 -0.747440878458184 -0.31005794176032 0.58753400408901 -0.471307351099593 -0.375798262436317 -0.797900399015568 0 0 0 0 0 0
539.305343341805 -1375.49351832324 -788.900004098341 -0.82297636144774 0.464979361786626 0.326349661575851 -0.534124137730992 -0.437732737768144 -0.723257530744851 0 0 0 0 0 0
538.883804496148 -1375.86166469194 -789.138147901092 -0.558506463255852 0.789498354168453 0.254485518776271 -0.770987273405458 -0.380892694618479 -0.510391398274764 0 0 0 0 0 0
538.421991835255 -1376.11255773554 -788.963295981068 -0.2055275859192 0.885420780442423 0.416879422599499 -0.728400239493304 0.146089887862679 -0.669395873732597 0 0 0 0 0 0
537.939851395387 -1376.00243238503 -788.943324612967 0.235146649125666 0.909897646713838 -0.341748922324017 -0.857717722763486 0.0288673864775471 -0.513309830468241 0 0 0 0 0 0
537.463180127668 -1375.82143780673 -789.022495097886 0.547626223636471 0.528509847016537 -0.648677778864037 -0.792441164501053 0.0787342192623548 -0.604845371579652 0 0 0 0 0 0
537.157947110944 -1375.47520154013 -789.206121562649 0.594809369093979 -0.0738713118063831 -0.800465391962726 -0.790871929963373 0.124545622056777 -0.599174414025198 0 0 0 0 0 0
536.874630061483 -1375.14298917572 -789.595250443722 0.494426193732647 -0.636227656654575 -0.592247505574139 -0.739508096533192 0.0501839650075688 -0.671274418414674 0 0 0 0 0 0
536.618893466881 -1374.98420704898 -790.061046162862 0.313763263235863 -0.924558560165402 -0.216203800772504 -0.730105935310216 -0.0893501282727966 -0.677467252199192 0 0 0 0 0 0
619.320394259319 -1135.83427344151 -1151.44778086091 -0.460866058294314 0.0034445912615225 0.887463019569512 -0.50073915252558 0.824600507322871 -0.263238113598423 0 0 0 0 0 0
618.584102044203 -1135.27958878986 -1151.73072440057 -0.733488415424231 0.576229645917865 -0.360491525009855 0.240635126172972 -0.275871245099705 -0.930585725325064 0 0 0 0 0 0
618.533109449808 -1135.51087741344 -1152.25248663017 -0.33737693481619 0.941275728098793 -0.013296899870145 0.326926435552795 0.103909399425171 -0.939319936149529 0 0 0 0 0 0
618.377429684107 -1135.39474432308 -1152.80426324474 0.351254442915488 0.862515568620554 0.364262556707613 0.292148050008663 0.268661195496357 -0.917862015180168 0 0 0 0 0 0
618.239988166923 -1135.0505000997 -1153.20439112083 0.838067410065593 0.398242382724464 0.372888751222042 0.259045719048574 0.311053120413606 -0.914407606991412 0 0 0 0 0 0
618.140281620574 -1134.63959168489 -1153.41006122007 0.913798219122566 -0.39191369404384 -0.106660541670703 -0.0580287811636441 0.133936515749807 -0.989289477506714 0 0 0 0 0 0
618.425571929531 -1133.93678108392 -1153.32406614916 0.859935395327888 -0.468532305903688 0.202456400705918 0.372804676173035 0.305659936647111 -0.876121382316654 0 0 0 0 0 0
618.8333281736 -1133.6122090123 -1153.45711725284 0.393839938941166 -0.895887865612093 -0.205608936440023 0.518916092021958 0.401338244409637 -0.754754067902208 0 0 0 0 0 0
619.378979296521 -1133.52462781506 -1153.64988868327 -0.312315950875571 -0.788630244020506 -0.529642412430181 0.494381099789379 0.341155954586308 -0.799499807893366 0 0 0 0 0 0
619.624014258512 -1133.40126123335 -1154.11429112423 -0.589640570677992 -0.78752787443954 -0.179231259526086 0.295459457386289 -0.0037925036146929 -0.95534775132268 0 0 0 0 0 0
619.894210933947 -1133.70514132713 -1154.40905074031 -0.908242759926097 -0.14678699889732 -0.391852862687995 0.398710372649875 -0.0193952974775781 -0.91687178011819 0 0 0 0 0 0
619.988512550614 -1133.92997703302 -1154.91118621304 -0.913735315904094 0.344488267670248 -0.215442813543193 0.260985834130239 0.0912269241040459 -0.961022394485127 0 0 0 0 0 0
619.89073318217 -1134.05689368384 -1155.44074395698 -0.608806085470768 0.791806949500134 0.0489581966284537 0.0744397348838922 0.118458227343819 -0.990164821756888 0 0 0 0 0 0
619.687938625619 -1134.04770167115 -1155.92777955363 -0.105179858430344 0.965712873292507 0.237351730007953 -0.00502638369091319 0.238156304614569 -0.971213833323694 0 0 0 0 0 0
619.431370553217 -1133.82453309646 -1156.40069015354 0.447500434409331 0.791440535512383 0.416371516738687 0.0305420883120441 0.451794879467472 -0.891598882754119 0 0 0 0 0 0
619.164379310723 -1133.34568376183 -1156.6251418127 0.95721925398661 0.19918481331582 0.20989690312524 0.0765501632100175 0.52521977812901 -0.847516523245732 0 0 0 0 0 0
619.29557493809 -1132.88031967688 -1156.86559840925 0.80554415661658 -0.586946313662972 -0.0811950529182564 0.299365234167383 0.521398636426819 -0.799076916513205 0 0 0 0 0 0
619.64406532825 -1132.58599381491 -1157.04359783693 0.284751029355415 -0.847451413477052 -0.44804347230679 0.343660565463433 0.526571911626455 -0.777572786066569 0 0 0 0 0 0
620.104681779046 -1132.4679423217 -1157.30087816001 -0.483927515344849 -0.740507132255315 -0.466329654827188 0.366056027780486 0.31273159135705 -0.876471298042837 0 0 0 0 0 0
620.460743037901 -1132.60014226586 -1157.72058395851 -0.929141575258572 -0.0519226992674812 -0.366060058497014 0.308941619775647 0.434860204214491 -0.84584376711125 0 0 0 0 0 0
649.404944429324 -1100.58815269162 -1130.27368687674 -0.552171057732994 -0.739834421907105 0.384385420071216 -0.462259739364305 -0.112017833987309 -0.879640800686105 0 0 0 0 0 0
649.381084628252 -1100.87176520843 -1130.69436352734 -0.885897090641367 -0.0710343567229015 0.458410803710103 -0.436398326393842 -0.20747229476096 -0.875506566296037 0 0 0 0 0 0
648.996893927458 -1101.05872160686 -1131.05503222312 -0.729533901025116 0.250137906943799 0.63656210597621 -0.680419925390037 -0.171067718222397 -0.712576003605433 0 0 0 0 0 0
648.598690121459 -1101.32300258567 -1131.21911425802 -0.472631651582352 0.846925694479928 0.243590209064814 -0.808796299342137 -0.307103790748022 -0.501533456390109 0 0 0 0 0 0
648.121349193423 -1101.39189770902 -1131.11444781289 -0.0986840894982578 0.851757358620939 -0.514558891201978 -0.972015369477221 -0.193280837780579 -0.133523927619648 0 0 0 0 0 0
647.654903640481 -1101.25586756966 -1130.9036342996 0.16008672582143 0.399729348459849 -0.902545670974973 -0.984463965878615 -0.00216005736084818 -0.175573443432492 0 0 0 0 0 0
647.315530037594 -1100.89546385435 -1131.01167967461 0.040616426868132 -0.385988263930154 -0.921609117780821 -0.949216175183024 0.273103834164354 -0.156214431265454 0 0 0 0 0 0
648.026129813059 -1100.73452122877 -1130.33764035021 0.775869966683652 -0.339827728586266 -0.531547655137581 0.510584998236339 -0.156669348083152 0.845433424313906 0 0 0 0 0 0
648.376824134881 -1101.09169102194 -1130.03471460129 0.762939117500298 0.219945690752189 -0.60790443007716 0.646340316231752 -0.27837819385669 0.710457441933348 0 0 0 0 0 0
648.687799264123 -1101.46812750002 -1129.87138845453 0.580628399185459 0.765618998487962 -0.276944418997166 0.523383909415005 -0.0904378956019919 0.847284055322985 0 0 0 0 0 0
649.161906787248 -1101.51682077007 -1129.70853210538 -0.17460631941613 0.96606180567823 0.190360764942745 0.563190786000955 -0.0605965650553298 0.824102053672386 0 0 0 0 0 0
649.580896262403 -1101.37060978441 -1129.502363635 -0.635135040780356 0.481904409337852 0.603632023863503 0.497951048165975 -0.341957739459987 0.796937675137761 0 0 0 0 0 0
649.836208194026 -1101.34984370511 -1129.05271143936 -0.976621482922663 -0.0835727235980036 0.198055747112947 0.214273169605528 -0.452381748743307 0.865700734775734 0 0 0 0 0 0
649.787846940553 -1101.53465943109 -1128.56508289785 -0.883979350170844 -0.380529841783622 -0.271620227493733 0.124231205202205 -0.751271031620129 0.648196301055884 0 0 0 0 0 0
649.542248851216 -1101.77317264854 -1128.21781788297 0.101668020254595 -0.696412215930184 -0.710403856380734 0.22293541520685 -0.679992895503879 0.698505162980789 0 0 0 0 0 0
649.493417393448 -1102.31049056284 -1128.01317556962 0.524400467635414 -0.342001508003714 -0.779768631112412 0.385753870727967 -0.720990663637328 0.57564434694196 0 0 0 0 0 0
649.336635204428 -1102.79429600061 -1128.06573734845 0.988239586019795 0.134664678019073 0.0724427023075259 0.0523994773397236 -0.743296410940663 0.666906845262032 0 0 0 0 0 0
649.559348514008 -1103.27098805012 -1127.95024424666 0.602283270973355 0.590181947866983 0.537531515278421 -0.00198997589671461 -0.672247972427301 0.740323377696025 0 0 0 0 0 0
649.776054926086 -1103.59223617708 -1127.65092433806 0.0757077303008915 0.842468037084584 0.533400361889125 0.104549686340646 -0.538693786449779 0.835989454195656 0 0 0 0 0 0
650.091720322868 -1103.64185507671 -1127.24017957081 -0.614520487007794 0.601818477291937 0.510077534731507 0.123414918920754 -0.565269293744796 0.815622083649643 0 0 0 0 0 0
533.024196620294 -1376.57319622121 -792.092096249785 0.230625495242699 0.58885384050129 -0.774637357394248 0.928070454984366 0.106110589288291 0.356967468301996 0 0 0 0 0 0
533.50334968454 -1376.66257942773 -792.126851588172 -0.0690748553925136 0.95902546720657 -0.274770481678246 0.891686690407253 0.182860902201553 0.414073346880077 0 0 0 0 0 0
534.021999907942 -1376.48427521532 -792.238207925794 -0.310131962595209 0.851854079861501 0.422093345600478 0.932570717736921 0.186314447499823 0.309190528756269 0 0 0 0 0 0
534.421056204303 -1376.19713291158 -792.429809907756 -0.29214578715823 0.281092614419989 0.914132255838368 0.954998684055343 0.136980963552123 0.263085022524719 0 0 0 0 0 0
534.903079728002 -1376.02063882034 -792.267486655652 -0.486240331902368 -0.110116000231718 0.866859161642995 0.87378672595963 -0.0705707279444669 0.481161646324723 0 0 0 0 0 0
535.0394023714 -1375.77052317094 -791.817525672241 -0.198274292643888 -0.890554584686554 0.409389590207497 0.866122827313217 0.0363307826043411 0.498509099457886 0 0 0 0 0 0
534.798605783471 -1375.33291630466 -791.214231359009 -0.25103909943773 -0.823348580329841 0.508995565621382 0.919192000345419 -0.037940396795333 0.39197779629957 0 0 0 0 0 0
535.018434996218 -1375.32132888005 -790.757904395774 0.136415818555303 -0.905753087999886 -0.401250629939261 0.907540168702404 -0.0481345301564863 0.41719768599325 0 0 0 0 0 0
535.236063328064 -1375.60103343236 -790.432110183368 0.386912893670488 -0.443321620960221 -0.808556957239702 0.851713457453923 -0.164227108927944 0.497607921043235 0 0 0 0 0 0
535.50052514817 -1375.95076017209 -790.159162808979 0.419654998551646 0.315695463503324 -0.851014721678722 0.904253218329186 -0.0639697907675644 0.422177667588316 0 0 0 0 0 0
536.039412803055 -1376.15608207353 -790.082482729483 0.226017904282803 0.694762601943041 -0.682803656906418 0.952968444907098 -0.0124137493510256 0.302815194199965 0 0 0 0 0 0
536.558166058694 -1376.23891928389 -790.197204818339 -0.102183702035921 0.933907923497281 -0.342599593501228 0.98950624111015 0.130793098785716 0.0614049192980995 0 0 0 0 0 0
537.079163741902 -1376.07267018411 -790.360246341534 -0.358780934522488 0.887831117408292 0.288152994058176 0.869840215114138 0.206026232077114 0.448253490634833 0 0 0 0 0 0
537.468702179317 -1375.78925647899 -790.392319080211 -0.507324726786677 0.38691447536765 0.770012214410789 0.854803169959546 0.112675191744785 0.506572642167405 0 0 0 0 0 0
537.980757077557 -1375.57910865056 -790.209279500098 -0.648070413206501 0.0586938639314783 0.759315329664163 0.761578889169215 0.0519462380966228 0.645986984326567 0 0 0 0 0 0
538.183356952546 -1375.25647223893 -789.807329455413 -0.62947416777348 -0.501539080263288 0.593481948398172 0.569879000546911 0.22122248448055 0.791390255876196 0 0 0 0 0 0
538.228304889121 -1374.99490779734 -789.435964136602 -0.109082776577952 -0.926848910617364 0.35923814488633 0.583484802773017 0.232881077522632 0.778017923099895 0 0 0 0 0 0
538.154014793662 -1374.95805281099 -788.883822795186 0.646151314824212 -0.737099565637106 -0.197920965762739 0.518818099789576 0.23402348385087 0.822229158043634 0 0 0 0 0 0
538.312606767322 -1375.0172756672 -788.35261046414 0.754358886326607 -0.413025223202994 -0.510247817847641 0.630298881804543 0.238453938738005 0.738825445349874 0 0 0 0 0 0
538.682552900888 -1375.24822650237 -787.980106291965 0.674801027223761 0.225741033337206 -0.702626899232847 0.718715202036161 0.0152080044200918 0.695138241620673 0 0 0 0 0 0
653.421345243587 -1131.08673207842 -1156.02498791261 -0.871420669224546 0.28057554508691 0.402372191816754 -0.156164785557823 -0.936270862163565 0.314657643185489 0 0 0 0 0 0
653.408069244403 -1131.47597533295 -1155.72437123435 -0.956895652142215 0.20355157858384 -0.207165310240973 -0.260537761275761 -0.916817675448427 0.30259779400159 0 0 0 0 0 0
653.125002411719 -1131.77439511016 -1155.37908594701 -0.450420514649247 -0.00654506510996018 -0.892792541470741 -0.296629078965037 -0.942072611425223 0.156557926388125 0 0 0 0 0 0
652.741906032449 -1132.16403566575 -1155.28578836468 0.12941383968489 -0.0540749697491598 -0.990115122470483 -0.417984187095735 -0.908440439659531 -0.00501865810689971 0 0 0 0 0 0
652.306166819857 -1132.5422960971 -1155.37871496965 0.760190792133897 -0.101108624055015 -0.641784236092321 -0.297770367074938 -0.932179616584057 -0.205849388916448 0 0 0 0 0 0
651.852322613799 -1132.28959768929 -1156.06116944636 0.521398177721014 -0.332358620467786 -0.785927278868695 -0.296889887399341 -0.934142754865601 0.198075006732644 0 0 0 0 0 0
651.578658515323 -1132.65772759423 -1156.27110459205 0.93667547405353 -0.349537379405411 0.0215099210837751 -0.349834968879641 -0.931137846069458 0.102945646659001 0 0 0 0 0 0
651.652603137337 -1133.109255967 -1156.51089573971 0.528817851148147 -0.154810579419158 0.834497072976932 -0.325847128609787 -0.944907680936764 0.0311949240012729 0 0 0 0 0 0
650.33580769163 -1133.12251368615 -1156.46767826157 -0.986304382681652 -0.163637791974013 -0.0206479476200824 0.0287367547617109 -0.293765719021721 0.955445394176628 0 0 0 0 0 0
650.159791813741 -1133.03312480922 -1155.95858061777 -0.662152405621832 -0.65250381533768 -0.368500967025964 -0.239262472756922 -0.281922125618963 0.929125063819047 0 0 0 0 0 0
649.691245222301 -1132.91220324603 -1155.6528410562 -0.114327110265279 -0.971237060003811 -0.208872892290303 -0.320643337815031 -0.162923664905089 0.933082916641796 0 0 0 0 0 0
649.266963096553 -1133.04901371473 -1155.43069853207 0.525075008097599 -0.850722933524624 0.0238060128271352 -0.359933195864685 -0.196633145652851 0.912021655743624 0 0 0 0 0 0
648.966348992093 -1133.37483413857 -1155.21657046078 0.900109344169253 -0.232006720893884 0.368749305083221 -0.401369645241088 -0.112445063310838 0.908987632267957 0 0 0 0 0 0
648.959803415977 -1133.80245902654 -1154.88230551358 0.710686417302496 0.550839350216894 0.43760807409641 -0.381348670604048 -0.221081245892797 0.897605856789555 0 0 0 0 0 0
648.746072973964 -1134.18646221793 -1154.4695051907 0.65976750006011 0.63591504863286 0.40039842255772 -0.0753658754681912 -0.474139938113503 0.877217934096604 0 0 0 0 0 0
649.003451138881 -1134.48425883511 -1154.16234072391 0.173083306623707 0.853553838369331 0.491414299724084 0.0927848245679017 -0.510856788773596 0.85464397130846 0 0 0 0 0 0
649.321587700531 -1134.69706878644 -1153.77001584202 -0.420911289044413 0.859618680733627 0.289636687055985 -0.210688709186507 -0.403212686195896 0.890522204951781 0 0 0 0 0 0
649.382544342209 -1134.68942400934 -1153.20998447339 -0.873746840513472 0.471795461691778 -0.11821802324479 -0.279663715145463 -0.28846976177558 0.915736535785306 0 0 0 0 0 0
649.201307703929 -1134.48847501637 -1152.70947271075 -0.794379131707719 -0.433042756024952 -0.42595277503697 -0.415245323607885 -0.124644820788713 0.901129840740075 0 0 0 0 0 0
648.849449991282 -1134.3320444317 -1152.38005878004 -0.287772500400345 -0.890867129768893 -0.351486479271544 -0.360364204250706 -0.239311139712951 0.901591824887627 0 0 0 0 0 0
533.829927152439 -1372.77741464902 -790.155989879387 0.627856374447356 0.762163162073178 0.157809022062579 0.735829778293941 -0.515162730497295 -0.439501875402502 0 0 0 0 0 0
534.149737664033 -1372.80518084935 -790.568718286997 0.65243671000807 0.306826711831235 0.692952890419556 0.679469468919627 -0.641787503106287 -0.355570023571376 0 0 0 0 0 0
534.589610161175 -1372.85391545222 -790.762225260586 0.214029768632861 -0.301681971604321 0.929074402912797 0.772199716839298 -0.530245259256937 -0.350067939618469 0 0 0 0 0 0
535.080963630266 -1372.92725321426 -790.794830359497 -0.292678122811171 -0.658253635260432 0.693571674806492 0.713398856562503 -0.633294266555087 -0.300000739005242 0 0 0 0 0 0
535.557312432013 -1373.23973945994 -790.738242105912 -0.625173262489683 -0.767484129311776 -0.141867907302562 0.721440001800337 -0.498896143260253 -0.480236360599987 0 0 0 0 0 0
535.803389630633 -1373.78259946393 -790.688131544855 -0.620338452593526 -0.279494158763696 -0.73284597252831 0.657587191977122 -0.694605195491285 -0.29172368320737 0 0 0 0 0 0
535.930030772642 -1374.19949272637 -790.827617877076 -0.135534070650585 0.456539950498455 -0.879318934910332 0.677667736657962 -0.604722219416581 -0.41842260459584 0 0 0 0 0 0
535.985549260605 -1374.53761289294 -791.153022443869 0.441136774567991 0.776481446934346 -0.449972119903681 0.708996153688046 -0.608930288118691 -0.355708248803786 0 0 0 0 0 0
536.497853769941 -1375.14156310055 -790.645439463294 -0.0108996791132595 -0.927342504404481 0.374054911102487 -0.795066644379778 -0.218825598434765 -0.565671626002621 0 0 0 0 0 0
536.299872231361 -1375.40919059965 -791.02262926925 -0.139348460804217 -0.571510274613843 0.808676704550175 -0.753462630143812 -0.468715160332108 -0.461085852582384 0 0 0 0 0 0
536.171342611666 -1375.84219599171 -791.184094537737 -0.596212603098629 0.0666701919933894 0.80005350908908 -0.753293163777541 -0.391081800191746 -0.52877635628388 0 0 0 0 0 0
535.694286006724 -1376.13089153727 -791.404209738138 -0.422153583213099 0.455556863002032 0.783743769832969 -0.906282316952221 -0.192112877405971 -0.376490377452698 0 0 0 0 0 0
535.193115208068 -1376.29705355175 -791.337554258255 -0.160558880651972 0.88955294589295 0.427687271609684 -0.935486431204382 0.0010425240226905 -0.35336107620424 0 0 0 0 0 0
534.700143031427 -1376.30748190812 -791.203802398981 0.19132877820686 0.93520808001022 -0.297958295258816 -0.85676438066984 0.0110127682129058 -0.515590452735128 0 0 0 0 0 0
534.287719223614 -1376.09604013591 -791.26168483534 0.478296959804875 0.167431503526642 -0.862089734231938 -0.874414424172498 0.181823257607431 -0.449821873403199 0 0 0 0 0 0
533.938699973501 -1375.67523809195 -791.507373564532 0.501631230607265 -0.409712972594452 -0.761906417197853 -0.760409106445468 0.211116226312239 -0.614172557041209 0 0 0 0 0 0
533.75772648349 -1375.39998087271 -791.938928736364 0.217446852843094 -0.958076120443127 -0.186566378603709 -0.805686497058528 -0.0682822207713784 -0.588393411574223 0 0 0 0 0 0
533.508754744087 -1375.4851258959 -792.463647086535 -0.0247581912597285 -0.963410118669941 0.266885696900374 -0.821097048971421 -0.132688231476842 -0.555151753485459 0 0 0 0 0 0
533.3268277615 -1375.70534575336 -792.887216992541 -0.397650538872126 -0.623948186175741 0.672727812642429 -0.697178715808139 -0.271186476176273 -0.663626200027648 0 0 0 0 0 0
533.023642601844 -1375.99225585563 -793.154245334925 -0.401675828284594 -0.0932003879832433 0.911027012031807 -0.838467362358566 -0.362630524871226 -0.406781986684385 0 0 0 0 0 0
475.061039556204 -1283.540549341 -1119.89126699232 -0.00149205676999777 0.722507687332023 -0.691361277128464 -0.420947224954953 0.626670290366917 0.655810781379895 0 0 0 0 0 0
474.876677004598 -1283.08704398932 -1119.6359293174 -0.125063396376452 0.286637854543157 -0.94984097996962 -0.461010531318663 0.830941453150045 0.311457206450862 0 0 0 0 0 0
474.885710375817 -1282.6027885334 -1119.66149517859 -0.655894714223455 -0.161420777623183 -0.737390979335448 -0.51831262275995 0.806487343711645 0.284482318467441 0 0 0 0 0 0
474.66913281172 -1282.10782600475 -1119.81368687512 -0.796451601052824 -0.596208057534234 -0.100999006488239 -0.59549137049982 0.802343586055181 -0.0404326300949797 0 0 0 0 0 0
474.440285350714 -1281.84076342391 -1120.10492126755 -0.605246795482909 -0.346941099472491 0.716455295223998 -0.503027278114624 0.864246551255656 -0.00643864235788989 0 0 0 0 0 0
474.021358697304 -1281.61954856984 -1120.09205709622 0.13104547535436 -0.11362391303878 0.984843484912712 -0.589762701437013 0.789573235239506 0.169570227892108 0 0 0 0 0 0
473.558607576352 -1281.3648902061 -1119.84580749093 0.766818011939862 0.399027157899436 0.502759847067452 -0.504202000441685 0.859181299150703 0.0871081967460044 0 0 0 0 0 0
472.497747493103 -1281.98600120917 -1120.17477272757 -0.600178053129822 0.434418903927365 -0.671614860207724 -0.607920810305157 -0.793428918486161 0.0300472911913012 0 0 0 0 0 0
472.062791244403 -1282.08451553968 -1120.05220802765 0.0618090345595731 -0.294833537880239 -0.953547496555728 -0.633778377666842 -0.749637921126526 0.190703841626538 0 0 0 0 0 0
471.558974180679 -1282.30486201508 -1120.11860136885 0.640554672329456 -0.549561437902779 -0.536350573531105 -0.604608899193074 -0.791539022747955 0.0889609716892224 0 0 0 0 0 0
470.211060188791 -1282.10235835646 -1120.18841796918 -0.860972424004263 -0.395114111157566 -0.320330023988585 0.420750662719167 -0.199337685807587 -0.885004727014668 0 0 0 0 0 0
470.377033177908 -1282.36575158087 -1120.66215374307 -0.965407280343116 0.17361809418852 -0.194539303049395 0.160877095101042 -0.190540980929923 -0.968407298019923 0 0 0 0 0 0
470.136602125051 -1282.62234338031 -1121.05857367712 -0.309135538480554 0.881419710156132 -0.357119746578945 0.142324016950816 -0.328406451605218 -0.933752149525292 0 0 0 0 0 0
469.956203743649 -1282.73619781878 -1121.51077456985 0.359557011456216 0.923756211951718 -0.131883343881379 0.140366164342438 -0.193271052867086 -0.97105285130699 0 0 0 0 0 0
469.867861504208 -1282.6988266252 -1122.08076582403 0.575496146245599 0.768235339894044 0.280390171358574 0.29064779560262 0.128339299999485 -0.948183992159124 0 0 0 0 0 0
469.757050201021 -1282.3338126168 -1122.54173857284 0.925615401556042 0.18094733200302 0.332406665762379 0.24329281943508 0.388293891279391 -0.888839950725918 0 0 0 0 0 0
469.935627252922 -1281.92490692544 -1122.81696544202 0.865565891982676 -0.438756727374105 0.241429535931662 0.407240830674965 0.336095388652685 -0.849231885622277 0 0 0 0 0 0
470.214809713827 -1281.58047935672 -1123.06703282408 0.511448212682117 -0.858853677388029 0.0281262614185051 0.606280300706935 0.337458196814351 -0.720101494497461 0 0 0 0 0 0
470.67400260244 -1281.43440146073 -1123.18273970851 -0.0137894632200458 -0.901877781259472 -0.431771141201874 0.560008429607055 0.350769389931662 -0.750567381289644 0 0 0 0 0 0
471.2627492729 -1281.44448661955 -1123.42927919613 -0.532632645161709 -0.677754943020848 -0.506903050414106 0.484978575621541 0.246431817789695 -0.839087087476075 0 0 0 0 0 0
503.883477059211 -1283.73291897476 -1096.48697970337 0.536670445244269 0.468488719178648 -0.701785688941891 -0.619310141783847 0.783584806825749 0.0494954421692441 0 0 0 0 0 0
503.097061131396 -1283.93311972776 -1095.21290519731 -0.506318364916536 -0.199814273617393 0.838877803620459 0.399377224652865 0.807836952513385 0.433471210788487 0 0 0 0 0 0
503.732580529593 -1282.86691139375 -1095.45464292623 0.750642545231532 0.582613314398772 0.311604709806511 -0.509326702304272 0.810672683586757 -0.288783847204326 0 0 0 0 0 0
502.745566733601 -1282.97665293173 -1096.25692816802 -0.973084285773368 0.20063235374923 -0.11337385681929 0.197599653879258 0.979565322153224 0.0374987522681564 0 0 0 0 0 0
502.784246597079 -1282.50961264718 -1096.42348483209 -0.769850408768588 0.172659615816389 0.614425752377739 0.204043677403654 0.978769831147313 -0.0193854416365713 0 0 0 0 0 0
502.673284600246 -1282.04244765042 -1096.470957337 -0.233505964201513 -0.0667718276019251 0.970060043358749 0.193807753426456 0.974425639596198 0.11372434923681 0 0 0 0 0 0
502.444766311209 -1281.6514818236 -1096.3026796667 0.581793663643383 -0.186459046689877 0.791674906039119 0.0626077438833089 0.980745942761122 0.18498017775829 0 0 0 0 0 0
502.269665688355 -1281.20656030059 -1096.01614347469 0.937352116703037 -0.181220323872314 0.297540255306614 0.139498971958117 0.977841411938457 0.156096796638796 0 0 0 0 0 0
502.339216257286 -1280.85859922319 -1095.6246714293 0.893312158698523 -0.100413236559047 -0.438075985469504 0.206729325600392 0.957290792064294 0.202131950383158 0 0 0 0 0 0
502.626876562385 -1280.59112889052 -1095.35451584309 0.17317351189981 0.221952540137063 -0.959556149843775 0.146686285354199 0.957597442829149 0.247972319374698 0 0 0 0 0 0
501.703068457377 -1281.22275413583 -1094.99124789987 -0.799465461904349 -0.258714810647688 -0.542145388225076 -0.352280721642306 -0.52910403897728 0.771976171327324 0 0 0 0 0 0
501.311501851426 -1281.22447712916 -1094.70147949645 -0.194497630959672 -0.792988447303385 -0.577356037462604 -0.242843847008994 -0.531345740201687 0.811602470634063 0 0 0 0 0 0
500.936653402889 -1281.45524289479 -1094.51992233562 0.620170799241672 -0.779143170026847 -0.0912365078703335 -0.29458905229511 -0.339102568333446 0.893435357716241 0 0 0 0 0 0
500.70542548789 -1281.84470605995 -1094.33136952946 0.900533307465049 -0.220134950849085 0.374940482691091 -0.43211401570865 -0.357665546776448 0.827860395282535 0 0 0 0 0 0
500.625541466332 -1282.23101222717 -1094.07383654279 0.5033063106707 0.651800003167078 0.56730901060234 -0.421908432771517 -0.387583611246221 0.819617117103816 0 0 0 0 0 0
500.685086928758 -1282.53896386809 -1093.56743889783 0.0679112172647923 0.962576334770857 0.262363995831756 -0.360453419981614 -0.221536661242222 0.906087655665323 0 0 0 0 0 0
500.902480741603 -1282.58204888531 -1093.04395429974 -0.536098660562214 0.843155965457358 0.0410639021162858 -0.310747562227528 -0.242342259039053 0.919078985753412 0 0 0 0 0 0
500.945891616671 -1282.44062917292 -1092.5188307545 -0.818899112405268 0.470714666058066 -0.328377750250565 -0.34101961293961 0.0611395890451395 0.938065868818281 0 0 0 0 0 0
500.85967999223 -1282.10805007181 -1092.10133179306 -0.898521593981112 -0.169347395902752 -0.404944940270445 -0.428514682349139 0.138662604892277 0.892831366505336 0 0 0 0 0 0
500.587240622896 -1281.75996685016 -1091.8104659268 -0.638102898430456 -0.744067129035158 -0.197961608662603 -0.356728250598433 0.0578535668376636 0.93241510070846 0 0 0 0 0 0
