#id1 id2 FENE BEXC STCK NEXC HB CRSTCK CXSTCK total, t = 100000
0 1 0.0531442 0 -1.25224 0 0 0 0 -1.1991
1 2 0.000725387 0 -1.00752 0 0 0 0 -1.00679
2 3 0.000235321 0 -0.659284 0 0 0 0 -0.659049
3 4 0.000546536 0 0 0 0 0 0 0.000546536
4 5 0.0302628 0 -0.940687 0 0 0 0 -0.910424
5 6 0.0004946 0 -0.996679 0 0 0 0 -0.996184
6 7 0.219544 0 -0.915139 0 0 0 0 -0.695595
7 8 0.0119057 0 -1.30258 0 0 0 0 -1.29067
8 9 0.00279322 0 -1.10998 0 0 0 0 -1.10718
9 10 6.38651e-05 0 -1.37548 0 0 0 0 -1.37541
10 11 0.00899333 0 -1.2033 0 0 0 0 -1.19431
11 12 0.00036618 0 -1.20606 0 0 0 0 -1.20569
12 13 0.00388287 0 -1.22481 0 0 0 0 -1.22092
13 14 1.14085e-05 0 -1.23857 0 0 0 0 -1.23856
14 15 0.0922173 0 -1.16073 0 0 0 0 -1.06851
15 16 0.000800812 0 -1.28874 0 0 0 0 -1.28794
16 17 0.0144768 0 -1.24795 0 0 0 0 -1.23348
17 18 0.0276765 0 -0.965579 0 0 0 0 -0.937902
18 19 0.158444 0 -1.369 0 0 0 0 -1.21056
19 20 0.0730883 0 -0.511988 0 0 0 0 -0.4389
20 21 0.0530063 0 0 0 0 0 0 0.0530063
21 22 0.0208912 0 -0.889116 0 0 0 0 -0.868225
22 23 0.000307542 0 0 0 0 0 0 0.000307542
23 24 0.0128032 0 -1.24049 0 0 0 0 -1.22769
24 25 0.0287116 0 0 0 0 0 0 0.0287116
25 26 0.00657975 0 0 0 0 0 0 0.00657975
26 27 0.000455822 0 -1.33803 0 0 0 0 -1.33758
27 28 0.0302399 0 -1.28934 0 0 0 0 -1.2591
28 29 0.135438 0 -1.13768 0 0 0 0 -1.00224
29 30 0.0594602 0 -1.20661 0 0 0 0 -1.14714
30 31 0.0155997 0 -1.3175 0 0 0 0 -1.3019
31 32 0.00117454 0 -0 0 0 0 0 0.00117454
32 33 0.00559844 0 -0 0 0 0 0 0.00559844
33 34 0.00543418 0 -1.17917 0 0 0 0 -1.17374
34 35 0.0151456 0 -1.15345 0 0 0 0 -1.1383
35 36 0.00379639 0 -0.991042 0 0 0 0 -0.987246
36 37 0.152544 0 0 0 0 0 0 0.152544
37 38 0.0401474 0 -0.959643 0 0 0 0 -0.919495
38 39 4.94881e-05 0 -1.17951 0 0 0 0 -1.17946
39 40 0.000915665 0 0 0 0 0 0 0.000915665
40 41 0.0341563 0 0 0 0 0 0 0.0341563
41 42 0.147308 0 -1.09704 0 0 0 0 -0.949736
42 43 0.00343403 0 0 0 0 0 0 0.00343403
43 44 0.000422973 0 -1.33672 0 0 0 0 -1.33629
44 45 0.00411492 0 -1.20582 0 0 0 0 -1.2017
45 46 0.113095 0 -1.32763 0 0 0 0 -1.21454
46 47 0.0168127 0 -1.23944 0 0 0 0 -1.22263
47 48 0.00490691 0 -1.24375 0 0 0 0 -1.23884
48 49 0.0110739 0 -0 0 0 0 0 0.0110739
49 50 0.0251107 0 -1.34778 0 0 0 0 -1.32267
51 52 0.00346585 0 0 0 0 0 0 0.00346585
52 53 0.00983015 0 -1.35493 0 0 0 0 -1.3451
53 54 0.166304 0 -0.662659 0 0 0 0 -0.496355
54 55 0.0308245 0 -1.10301 0 0 0 0 -1.07218
55 56 0.000757156 0 -0.848931 0 0 0 0 -0.848174
56 57 0.0170729 0 -1.20581 0 0 0 0 -1.18874
57 58 0.314176 0 -1.38818 0 0 0 0 -1.074
58 59 0.218904 0 -1.20348 0 0 0 0 -0.984581
59 60 0.0733464 0 -1.22465 0 0 0 0 -1.15131
60 61 0.00527123 0 -1.34024 0 0 0 0 -1.33497
61 62 0.000867415 0 -1.18796 0 0 0 0 -1.18709
62 63 0.102163 0 0 0 0 0 0 0.102163
59 64 0 0 0 0 0 -0.0115656 0 -0.0115656
58 64 0 0 0 0 -0 -0.128264 0 -0.128264
63 64 0.0411517 0 0 0 0 0 0 0.0411517
59 65 0 0 0 0 0 -0.0241477 0 -0.0241477
58 65 0 0 0 0 -0.865384 0 -0 -0.865384
57 65 0 0 0 0 0 -0.140218 0 -0.140218
64 65 0.00631505 0 -1.41007 0 0 0 0 -1.40375
58 66 0 0 0 0 -0 -0.0607317 -0 -0.0607317
56 66 0 0 0 0 0 -0.0490996 -0 -0.0490996
65 66 0.000777419 0 -1.01722 0 0 0 0 -1.01645
57 67 0 0 0 0 -0 -0.16737 0 -0.16737
56 67 0 0 0 0 -0.794458 0 -0 -0.794458
55 67 0 0 0 0 0 -0.154326 0 -0.154326
66 67 0.00562062 0 -1.04901 0 0 0 0 -1.04339
56 68 0 0 0 0 0 -0.116328 -0 -0.116328
55 68 0 0 0 0 -0.534136 0 -0 -0.534136
54 68 0 0 0 0 0 -0.0577019 -0 -0.0577019
67 68 0.00947463 0 -1.24973 0 0 0 0 -1.24026
55 69 0 0 0 0 -0 -0.0877805 0 -0.0877805
53 69 0 0 0 0 0 -0.0841424 0 -0.0841424
68 69 0.00141732 0 -0.726348 0 0 0 0 -0.724931
54 70 0 0 0 0 0 -0.00111638 -0 -0.00111638
53 70 0 0 0 0 0 -0.0191028 -0 -0.0191028
69 70 0.00044846 0 -1.34387 0 0 0 0 -1.34342
70 71 0.0133633 0 0 0 0 0 0 0.0133633
71 72 0.0065359 0 -1.24287 0 0 0 0 -1.23633
72 73 0.000183167 0 -1.29468 0 0 0 0 -1.2945
73 74 0.0530733 0 -0 0 0 0 0 0.0530733
74 75 4.86581e-05 0 -1.26446 0 0 0 0 -1.26441
75 76 0.0183347 0 -0.569219 0 0 0 0 -0.550884
76 77 8.49294e-05 0 -0.764618 0 0 0 0 -0.764533
77 78 0.0173035 0 0 0 0 0 0 0.0173035
78 79 6.27043e-05 0 -0.794882 0 0 0 0 -0.794819
79 80 0.0709739 0 -0.991172 0 0 0 0 -0.920198
80 81 0.00293582 0 -1.11807 0 0 0 0 -1.11513
81 82 0.0125576 0 -1.13991 0 0 0 0 -1.12735
82 83 0.0995636 0 -1.20286 0 0 0 0 -1.1033
83 84 0.00139827 0 0 0 0 0 0 0.00139827
84 85 0.0771488 0 -0.856867 0 0 0 0 -0.779718
85 86 0.0920123 0 -1.30213 0 0 0 0 -1.21012
86 87 0.0840015 0 -1.30594 0 0 0 0 -1.22194
87 88 0.0164107 0 -0.927919 0 0 0 0 -0.911508
88 89 0.141617 0 -1.33807 0 0 0 0 -1.19645
89 90 0.00822824 0 -1.3073 0 0 0 0 -1.29908
90 91 0.0435248 0 -1.36468 0 0 0 0 -1.32115
91 92 0.154037 0 -1.06146 0 0 0 0 -0.907421
92 93 0.00116159 0 -1.24042 0 0 0 0 -1.23926
93 94 3.52376e-05 0 -1.38393 0 0 0 0 -1.3839
94 95 0.0639476 0 -1.08242 0 0 0 0 -1.01847
95 96 0.147754 0 -1.12131 0 0 0 0 -0.973555
96 97 0.030745 0 -1.19469 0 0 0 0 -1.16395
97 98 0.00109207 0 -1.31205 0 0 0 0 -1.31096
98 99 0.0313228 0 -1.17464 0 0 0 0 -1.14332
99 100 0.0654664 0 -1.37264 0 0 0 0 -1.30718
100 101 0.0150822 0 -1.15642 0 0 0 0 -1.14134
102 103 0.0310406 0 -0.9064 0 0 0 0 -0.875359
103 104 0.00289811 0 -1.14123 0 0 0 0 -1.13833
104 105 0.00620977 0 -0.790881 0 0 0 0 -0.784672
105 106 8.28963e-05 0 -1.19209 0 0 0 0 -1.19201
106 107 0.0102924 0 -1.13405 0 0 0 0 -1.12376
107 108 0.0098442 0 -1.3002 0 0 0 0 -1.29035
108 109 0.0620204 0 -1.18701 0 0 0 0 -1.12499
109 110 0.19238 0 -1.38656 0 0 0 0 -1.19418
110 111 0.187647 0 -0.938126 0 0 0 0 -0.750478
111 112 0.00354854 0 -0 0 0 0 0 0.00354854
112 113 0.00368999 0 -1.29522 0 0 0 0 -1.29153
113 114 0.0555607 0 -1.34091 0 0 0 0 -1.28535
114 115 0.00756429 0 -1.03499 0 0 0 0 -1.02742
115 116 0.0270749 0 -1.34198 0 0 0 0 -1.31491
116 117 0.10215 0 -0.888863 0 0 0 0 -0.786713
117 118 0.0014353 0 -1.11156 0 0 0 0 -1.11012
118 119 0.0764092 0 -1.05716 0 0 0 0 -0.980752
119 120 0.0356191 0 -1.32058 0 0 0 0 -1.28496
120 121 0.00867305 0 -1.24216 0 0 0 0 -1.23349
121 122 0.165375 0 -0.737148 0 0 0 0 -0.571773
122 123 0.000172785 0 -1.18235 0 0 0 0 -1.18218
123 124 0.0221078 0 0 0 0 0 0 0.0221078
124 125 0.0212717 0 -1.10051 0 0 0 0 -1.07924
125 126 0.0828133 0 -1.19214 0 0 0 0 -1.10933
126 127 0.156712 0 -1.12465 0 0 0 0 -0.967937
127 128 0.0569798 0 0 0 0 0 0 0.0569798
128 129 0.131353 0 -1.19383 0 0 0 0 -1.06248
129 130 0.0216492 0 -1.36342 0 0 0 0 -1.34177
130 131 1.58913e-05 0 -1.06574 0 0 0 0 -1.06572
131 132 0.021688 0 -1.1277 0 0 0 0 -1.10601
132 133 0.00050009 0 -0.879081 0 0 0 0 -0.87858
133 134 0.0819763 0 -1.36661 0 0 0 0 -1.28464
134 135 0.00815332 0 -1.29252 0 0 0 0 -1.28437
135 136 0.0223604 0 -1.35553 0 0 0 0 -1.33317
136 137 0.0217929 0 -1.14508 0 0 0 0 -1.12328
137 138 0.0152643 0 -1.21756 0 0 0 0 -1.20229
138 139 0.21205 0 -1.00763 0 0 0 0 -0.795575
139 140 0.0773677 0 -1.33742 0 0 0 0 -1.26006
140 141 0.134311 0 -0.966893 0 0 0 0 -0.832582
141 142 0.000101155 0 0 0 0 0 0 0.000101155
142 143 0.000144442 0 -1.29448 0 0 0 0 -1.29434
141 144 0 0 0 0.0162776 0 0 0 0.0162776
143 144 0.0127149 0 -1.34452 0 0 0 0 -1.33181
144 145 0.0286052 0 -0.000866183 0 0 0 0 0.027739
138 146 0 0 0 0 0 -0.00227817 0 -0.00227817
137 146 0 0 0 0 0 -0.0161361 0 -0.0161361
145 146 0.0167847 0 -1.29428 0 0 0 0 -1.27749
137 147 0 0 0 0 0 -0.124093 0 -0.124093
136 147 0 0 0 0 -0.462143 0 -0 -0.462143
135 147 0 0 0 0 -0 -0.135681 0 -0.135681
146 147 0.0547551 0 -0.861994 0 0 0 0 -0.807238
136 148 0 0 0 0 -0 -0.0913765 -0 -0.0913765
135 148 0 0 0 0 -0.531868 0 -0 -0.531868
134 148 0 0 0 0 0 -0.0144687 -0 -0.0144687
147 148 0.0273744 0 -1.33041 0 0 0 0 -1.30303
148 149 0.0196816 0 0 0 0 0 0 0.0196816
149 150 0.00333734 0 -1.23407 0 0 0 0 -1.23073
150 151 0.00888911 0 0 0 0 0 0 0.00888911
151 152 0.00615438 0 -0 0 0 0 0 0.00615438
153 154 0.000951913 0 -1.42991 0 0 0 0 -1.42896
154 155 0.0412532 0 -1.28593 0 0 0 0 -1.24467
155 156 0.0410573 0 -0.840411 0 0 0 0 -0.799353
156 157 1.14698e-05 0 0 0 0 0 0 1.14698e-05
157 158 0.0303746 0 -1.19874 0 0 0 0 -1.16837
158 159 0.000517131 0 -1.17583 0 0 0 0 -1.17531
159 160 0.0427626 0 -1.38516 0 0 0 0 -1.3424
160 161 0.0773065 0 0 0 0 0 0 0.0773065
161 162 0.000452473 0 -1.22213 0 0 0 0 -1.22168
162 163 0.128921 0 -0.841736 0 0 0 0 -0.712815
163 164 0.000631007 0 -1.30974 0 0 0 0 -1.30911
164 165 0.0125742 0 -1.34382 0 0 0 0 -1.33124
165 166 0.053853 0 -1.29521 0 0 0 0 -1.24136
166 167 0.0567835 0 0 0 0 0 0 0.0567835
167 168 0.000556631 0 -1.30165 0 0 0 0 -1.3011
168 169 0.0535142 0 -1.04273 0 0 0 0 -0.989219
169 170 0.00517686 0 -1.22472 0 0 0 0 -1.21954
170 171 0.00743376 0 -0.990371 0 0 0 0 -0.982937
171 172 0.123065 0 -1.39004 0 0 0 0 -1.26697
172 173 0.304988 0 -1.18884 0 0 0 0 -0.883849
173 174 0.0354578 0 -1.25237 0 0 0 0 -1.21691
174 175 0.00270461 0 -1.0847 0 0 0 0 -1.082
175 176 0.0228345 0 -1.02538 0 0 0 0 -1.00255
176 177 0.0893986 0 -1.33616 0 0 0 0 -1.24676
177 178 0.0041463 0 -1.38926 0 0 0 0 -1.38511
178 179 0.00368892 0 -1.11189 0 0 0 0 -1.1082
179 180 0.122005 0 0 0 0 0 0 0.122005
180 181 0.0106129 0 0 0 0 0 0 0.0106129
181 182 0.0270658 0 -1.03364 0 0 0 0 -1.00657
182 183 0.0546906 0 -1.27743 0 0 0 0 -1.22274
183 184 0.0300364 0 -0.96361 0 0 0 0 -0.933574
184 185 0.00612924 0 -1.26329 0 0 0 0 -1.25716
185 186 0.19534 0 -1.38077 0 0 0 0 -1.18544
186 187 0.00222241 0 -1.15441 0 0 0 0 -1.15219
187 188 0.00712841 0 -1.13348 0 0 0 0 -1.12636
188 189 0.00908016 0 -1.03646 0 0 0 0 -1.02738
189 190 0.0021089 0 -1.33062 0 0 0 0 -1.32851
190 191 0.000901308 0 -1.3071 0 0 0 0 -1.3062
188 192 0 0 0 0 0 -6.68978e-05 -0 -6.68978e-05
191 192 0.00835044 0 -0 0 0 0 0 0.00835044
188 193 0 0 0 0 0 -0.000203526 -0 -0.000203526
187 193 0 0 0 0 -0 -0.0520831 -0 -0.0520831
192 193 0.0287291 0 -1.26415 0 0 0 0 -1.23542
188 194 0 0 0 0 0 -0.0614212 0 -0.0614212
187 194 0 0 0 0 -0.626836 0 -0 -0.626836
186 194 0 0 0 0 -0 -0.158817 0 -0.158817
193 194 0.14029 0 -1.02596 0 0 0 0 -0.885671
187 195 0 0 0 0 -0 -0.177818 0 -0.177818
186 195 0 0 0 0 -0.820521 0 -0 -0.820521
185 195 0 0 0 0 0 -0.172903 0 -0.172903
194 195 0.00159551 0 -1.11148 0 0 0 0 -1.10989
186 196 0 0 0 0 0 -0.169545 0 -0.169545
185 196 0 0 0 0 -0.755866 0 -0 -0.755866
184 196 0 0 0 0 -0 -0.146548 0 -0.146548
195 196 0.00430737 0 -1.21962 0 0 0 0 -1.21532
185 197 0 0 0 0 0 -0.154331 0 -0.154331
184 197 0 0 0 0 0 -3.19017e-06 -0 -3.19017e-06
183 197 0 0 0 0 0 -0.0927103 0 -0.0927103
196 197 0.10914 0 -1.18039 0 0 0 0 -1.07125
184 198 0 0 0 0 0 -0.0410886 0 -0.0410886
182 198 0 0 0 0 0 -0.0566277 -0 -0.0566277
197 198 0.0255842 0 -1.09772 0 0 0 0 -1.07214
183 199 0 0 0 0 0 -0.123713 0 -0.123713
182 199 0 0 0 0 0 -1.3687e-06 -0 -1.3687e-06
181 199 0 0 0 0 0 -0.0906793 0 -0.0906793
198 199 0.0160364 0 -0.476906 0 0 0 0 -0.46087
182 200 0 0 0 0 -0 -0.0490139 0 -0.0490139
181 200 0 0 0 0 0 -0.00321564 0 -0.00321564
199 200 0.00249242 0 -1.33973 0 0 0 0 -1.33723
181 201 0 0 0 0 0 -0.019299 0 -0.019299
200 201 0.184113 0 -1.31942 0 0 0 0 -1.1353
201 202 0.0184985 0 -1.33954 0 0 0 0 -1.32105
202 203 0.101301 0 -1.12564 0 0 0 0 -1.02434
204 205 0.00264396 0 0 0 0 0 0 0.00264396
205 206 0.0865406 0 -0.980085 0 0 0 0 -0.893544
206 207 0.0123827 0 -1.38694 0 0 0 0 -1.37456
207 208 0.0265819 0 -1.16773 0 0 0 0 -1.14115
208 209 5.20871e-05 0 -0.536093 0 0 0 0 -0.536041
209 210 0.000721815 0 -1.16143 0 0 0 0 -1.16071
210 211 0.183589 0 -1.36804 0 0 0 0 -1.18446
211 212 0.0186534 0 -1.04371 0 0 0 0 -1.02505
212 213 0.00889677 0 -0.94422 0 0 0 0 -0.935323
213 214 0.0408432 0 -0.747546 0 0 0 0 -0.706703
214 215 0.0164122 0 -1.21449 0 0 0 0 -1.19808
215 216 0.0156493 0 -1.08136 0 0 0 0 -1.06571
216 217 0.00539498 0 -1.18161 0 0 0 0 -1.17622
217 218 9.31692e-06 0 0 0 0 0 0 9.31692e-06
218 219 0.0443954 0 -1.27639 0 0 0 0 -1.232
219 220 0.03259 0 -1.32844 0 0 0 0 -1.29585
220 221 0.181631 0 -1.17274 0 0 0 0 -0.991105
221 222 0.015478 0 -1.40236 0 0 0 0 -1.38688
222 223 0.190394 0 -1.23684 0 0 0 0 -1.04645
223 224 0.0010719 0 -1.00791 0 0 0 0 -1.00683
224 225 0.00915693 0 -1.06018 0 0 0 0 -1.05102
225 226 0.0311227 0 -1.4232 0 0 0 0 -1.39208
226 227 0.144123 0 -1.16492 0 0 0 0 -1.0208
227 228 0.0633165 0 -1.39076 0 0 0 0 -1.32745
228 229 0.000375672 0 0 0 0 0 0 0.000375672
229 230 0.0266576 0 -1.24455 0 0 0 0 -1.2179
230 231 0.000669573 0 -0 0 0 0 0 0.000669573
231 232 0.0643234 0 0 0 0 0 0 0.0643234
232 233 0.0564345 0 -1.40075 0 0 0 0 -1.34432
233 234 0.000230978 0 -1.37715 0 0 0 0 -1.37692
234 235 0.013357 0 -1.00271 0 0 0 0 -0.989352
235 236 0.0172145 0 -1.37184 0 0 0 0 -1.35463
236 237 0.00463872 0 -1.29493 0 0 0 0 -1.29029
237 238 5.87966e-06 0 -1.10447 0 0 0 0 -1.10447
238 239 0.0431858 0 -1.1806 0 0 0 0 -1.13742
239 240 0.00165808 0 -1.09961 0 0 0 0 -1.09795
240 241 0.0518819 0 -1.31757 0 0 0 0 -1.26569
241 242 0.16659 0 -0.789072 0 0 0 0 -0.622482
242 243 0.0508463 0 -1.26311 0 0 0 0 -1.21227
243 244 0.0393806 0 -1.06185 0 0 0 0 -1.02247
244 245 0.00703585 0 -1.29888 0 0 0 0 -1.29184
245 246 0.10203 0 -1.18212 0 0 0 0 -1.08009
246 247 0.000443829 0 -1.09915 0 0 0 0 -1.0987
247 248 0.0110921 0 -1.14712 0 0 0 0 -1.13602
248 249 0.00928895 0 -1.15674 0 0 0 0 -1.14745
249 250 0.0148444 0 -1.02384 0 0 0 0 -1.00899
250 251 0.100234 0 0 0 0 0 0 0.100234
247 252 0 0 0 0 0 -0.0157701 -0 -0.0157701
246 252 0 0 0 0 0 -0.14635 0 -0.14635
251 252 0.00644223 0 -1.37479 0 0 0 0 -1.36835
247 253 0 0 0 0 0 -0.166506 0 -0.166506
246 253 0 0 0 0 -0.861644 0 -0 -0.861644
245 253 0 0 0 0 -0 -0.113618 0 -0.113618
252 253 0.000812672 0 -1.21914 0 0 0 0 -1.21833
246 254 0 0 0 0 0 -0.176479 0 -0.176479
244 254 0 0 0 0 0 -0.0943477 0 -0.0943477
253 254 0.00371397 0 -1.39088 0 0 0 0 -1.38717
255 256 0.0587294 0 -1.12911 0 0 0 0 -1.07038
256 257 0.00096519 0 -1.20137 0 0 0 0 -1.20041
257 258 0.0515228 0 -1.11477 0 0 0 0 -1.06324
258 259 0.0297914 0 -1.11587 0 0 0 0 -1.08608
259 260 0.00416476 0 -1.28097 0 0 0 0 -1.2768
260 261 0.0173738 0 -1.22573 0 0 0 0 -1.20835
261 262 0.00846138 0 -1.27265 0 0 0 0 -1.26419
262 263 0.00173008 0 -1.32882 0 0 0 0 -1.32709
263 264 0.0117391 0 -1.12505 0 0 0 0 -1.11331
264 265 0.0615405 0 -0.816969 0 0 0 0 -0.755428
265 266 0.00367697 0 0 0 0 0 0 0.00367697
266 267 0.046361 0 -1.18693 0 0 0 0 -1.14057
267 268 0.00242411 0 -0.997654 0 0 0 0 -0.99523
268 269 0.12574 0 -1.40713 0 0 0 0 -1.28139
263 270 0 0 0 0 0 -0.0500314 0 -0.0500314
264 270 0 0 0 0 0 -0.000307038 0 -0.000307038
269 270 9.39489e-05 0 -1.19912 0 0 0 0 -1.19903
262 271 0 0 0 0 0 -0.134304 0 -0.134304
264 271 0 0 0 0 0 -0.00103368 0 -0.00103368
270 271 0.0770862 0 -1.21643 0 0 0 0 -1.13935
261 272 0 0 0 0 0 -0.0701928 -0 -0.0701928
263 272 0 0 0 0 0 -0.111548 0 -0.111548
262 272 0 0 0 0 -0.824772 0 -0 -0.824772
271 272 0.0145982 0 -1.09648 0 0 0 0 -1.08189
260 273 0 0 0 0 0 -0.146564 0 -0.146564
262 273 0 0 0 0 -0 -0.14541 0 -0.14541
272 273 0.071015 0 -1.27554 0 0 0 0 -1.20452
261 274 0 0 0 0 0 -0.0152981 -0 -0.0152981
259 274 0 0 0 0 -9.41533e-29 -0.109121 0 -0.109121
273 274 0.0433252 0 -0.622011 0 0 0 0 -0.578685
260 275 0 0 0 0 0 -0.108103 -0 -0.108103
259 275 0 0 0 0 -0.84802 0 -0 -0.84802
258 275 0 0 0 0 0 -0.136131 0 -0.136131
274 275 0.0140787 0 -1.17551 0 0 0 0 -1.16143
259 276 0 0 0 0 0 -0.113515 -0 -0.113515
258 276 0 0 0 0 -0.465854 0 -0 -0.465854
257 276 0 0 0 0 -0 -0.0774233 0 -0.0774233
275 276 0.00027731 0 -1.24822 0 0 0 0 -1.24795
258 277 0 0 0 0 0 -0.053335 0 -0.053335
257 277 0 0 0 0 0 -0.00318134 -0 -0.00318134
256 277 0 0 0 0 0 -0.0835281 0 -0.0835281
276 277 0.0331523 0 -0.858972 0 0 0 0 -0.82582
256 278 0 0 0 0 0 -0.0139138 0 -0.0139138
255 278 0 0 0 0 0 -0.0170774 -0 -0.0170774
277 278 0.00441275 0 -1.34969 0 0 0 0 -1.34528
278 279 0.0466076 0 -1.39316 0 0 0 0 -1.34656
279 280 0.0153173 0 -0.720807 0 0 0 0 -0.70549
280 281 0.000254814 0 -1.10247 0 0 0 0 -1.10221
281 282 0.0194856 0 -1.25381 0 0 0 0 -1.23433
282 283 0.0910243 0 -1.27261 0 0 0 0 -1.18158
283 284 0.0239299 0 -1.10552 0 0 0 0 -1.08159
284 285 0.0389449 0 0 0 0 0 0 0.0389449
285 286 0.0106244 0 -1.20401 0 0 0 0 -1.19338
286 287 0.0372596 0 -0.963323 0 0 0 0 -0.926063
287 288 0.0774429 0 -1.35766 0 0 0 0 -1.28022
288 289 0.00112531 0 -1.08658 0 0 0 0 -1.08545
289 290 0.0568424 0 0 0 0 0 0 0.0568424
290 291 0.0990722 0 -1.06618 0 0 0 0 -0.967112
291 292 0.0558853 0 -1.18391 0 0 0 0 -1.12803
292 293 0.0338696 0 -1.23694 0 0 0 0 -1.20307
293 294 0.434945 0 -1.24723 0 0 0 0 -0.812287
294 295 0.00315514 0 -0.871636 0 0 0 0 -0.868481
295 296 0.0646448 0 0 0 0 0 0 0.0646448
296 297 0.0866918 0 -1.10072 0 0 0 0 -1.01403
294 298 0 0 0 0 -0 -0.000679731 0 -0.000679731
292 298 0 0 0 0 0 -0.113396 -0 -0.113396
297 298 0.00164375 0 0 0 0 0 0 0.00164375
293 299 0 0 0 0 -0 -0.152459 0 -0.152459
292 299 0 0 0 0 -0.760947 0 -0 -0.760947
291 299 0 0 0 0 0 -0.184643 0 -0.184643
298 299 0.023655 0 -1.40254 0 0 0 0 -1.37888
292 300 0 0 0 0 0 -0.183926 0 -0.183926
291 300 0 0 0 0 -0.752755 0 -0 -0.752755
290 300 0 0 0 0 -0 -0.00107591 0 -0.00107591
299 300 0.00394064 0 -1.30339 0 0 0 0 -1.29945
132 301 0 0 0 0 -0 -0.077442 0 -0.077442
134 301 0 0 0 0 -0 -0.000100831 0 -0.000100831
300 301 0.00818591 0 0 0 0 0 0 0.00818591
132 302 0 0 0 0 -0.412564 -1.68454e-06 -0 -0.412565
131 302 0 0 0 0 0 -0.115169 0 -0.115169
133 302 0 0 0 0 -0 -0.0865864 0 -0.0865864
301 302 0.0438354 0 -1.29366 0 0 0 0 -1.24983
132 303 0 0 0 0 0 -0.0356729 0 -0.0356729
131 303 0 0 0 0 -0.447214 -6.19039e-07 -0 -0.447214
130 303 0 0 0 0 0 -0.142343 -0 -0.142343
302 303 0.0228184 0 -0.7809 0 0 0 0 -0.758081
131 304 0 0 0 0 0 -0.189813 0 -0.189813
130 304 0 0 0 0 -0.812845 0 -0 -0.812845
129 304 0 0 0 0 -1.82519e-29 -0.186821 0 -0.186821
303 304 0.00148911 0 -1.07098 0 0 0 0 -1.06949
130 305 0 0 0 0 -0 -0.159896 0 -0.159896
129 305 0 0 0 0 -0.58801 0 -0 -0.58801
128 305 0 0 0 0 0 -0.156033 0 -0.156033
304 305 0.166908 0 -1.31882 0 0 0 0 -1.15191
306 307 0.0512992 0 -1.03304 0 0 0 0 -0.98174
307 308 0.0823886 0 -1.22318 0 0 0 0 -1.14079
308 309 0.00354254 0 0 0 0 0 0 0.00354254
309 310 0.0964958 0 -1.06641 0 0 0 0 -0.969916
310 311 0.000525323 0 -1.27953 0 0 0 0 -1.27901
311 312 0.00102299 0 -0.686158 0 0 0 0 -0.685135
312 313 0.0238046 0 -1.23928 0 0 0 0 -1.21548
313 314 0.172294 0 0 0 0 0 0 0.172294
314 315 0.0484444 0 -1.16575 0 0 0 0 -1.11731
315 316 0.00665194 0 -1.14523 0 0 0 0 -1.13858
316 317 0.298064 0 -1.39948 0 0 0 0 -1.10142
317 318 0.00193035 0 -1.15434 0 0 0 0 -1.15241
318 319 0.0093684 0 0 0 0 0 0 0.0093684
312 320 0 0 0 0 0 -0.00393395 0 -0.00393395
319 320 0.0111071 0 -1.2396 0 0 0 0 -1.22849
312 321 0 0 0 0 0 -0.000111287 -0 -0.000111287
313 321 0 0 0 0 -0 -0.0692219 0 -0.0692219
311 321 0 0 0 0 0 -0.0481739 0 -0.0481739
320 321 0.00801192 0 -1.30631 0 0 0 0 -1.2983
312 322 0 0 0 0 -0 -0.111926 0 -0.111926
311 322 0 0 0 0 -0.389396 0 -0 -0.389396
310 322 0 0 0 0 0 -0.152228 0 -0.152228
321 322 0.0322923 0 -1.27248 0 0 0 0 -1.24019
311 323 0 0 0 0 0 -0.121656 0 -0.121656
310 323 0 0 0 0 -0.747818 0 -0 -0.747818
309 323 0 0 0 0 0 -0.00589892 0 -0.00589892
322 323 0.00414521 0 -1.0927 0 0 0 0 -1.08856
310 324 0 0 0 0 -0 -0.121974 -0 -0.121974
309 324 0 0 0 0 0 -0.016451 -0 -0.016451
323 324 0.168507 0 -1.30031 0 0 0 0 -1.13181
324 325 0.00277478 0 -1.30071 0 0 0 0 -1.29794
325 326 0.0513576 0 -0.553223 0 0 0 0 -0.501866
326 327 0.000510317 0 -1.26247 0 0 0 0 -1.26196
327 328 0.0603373 0 -1.14882 0 0 0 0 -1.08848
328 329 0.0280907 0 -0.930232 0 0 0 0 -0.902141
329 330 0.0933821 0 0 0 0 0 0 0.0933821
330 331 0.0388631 0 -0.831882 0 0 0 0 -0.793019
331 332 1.19836e-05 0 -1.33714 0 0 0 0 -1.33713
332 333 0.000266589 0 -1.23434 0 0 0 0 -1.23408
333 334 0.0115732 0 -1.31131 0 0 0 0 -1.29974
334 335 0.0128338 0 -1.19054 0 0 0 0 -1.17771
335 336 0.0286792 0 0 0 0 0 0 0.0286792
336 337 0.00397898 0 -1.17031 0 0 0 0 -1.16633
337 338 0.00140881 0 -1.09974 0 0 0 0 -1.09833
338 339 0.000274708 0 -1.13373 0 0 0 0 -1.13346
339 340 0.0302594 0 -1.22266 0 0 0 0 -1.19241
340 341 0.159213 0 -1.05908 0 0 0 0 -0.899871
341 342 0.0604859 0 -1.14383 0 0 0 0 -1.08335
342 343 0.0148289 0 -1.25232 0 0 0 0 -1.23749
343 344 0.0239906 0 -1.21707 0 0 0 0 -1.19308
344 345 4.18485e-05 0 -1.41176 0 0 0 0 -1.41172
345 346 0.137756 0 -1.28121 0 0 0 0 -1.14345
346 347 0.000472572 0 -0.729837 0 0 0 0 -0.729365
347 348 0.0495958 0 -1.26531 0 0 0 0 -1.21571
348 349 0.00853832 0 -1.29066 0 0 0 0 -1.28212
349 350 0.00309359 0 -0.943115 0 0 0 0 -0.940021
350 351 0.00697844 0 0 0 0 0 0 0.00697844
351 352 7.1828e-06 0 -0.895267 0 0 0 0 -0.89526
352 353 0.00737434 0 -1.27608 0 0 0 0 -1.2687
353 354 0.0543229 0 -1.19227 0 0 0 0 -1.13794
354 355 0.0303086 0 -1.07532 0 0 0 0 -1.04501
355 356 0.0444741 0 -1.40526 0 0 0 0 -1.36079
357 358 6.87219e-05 0 -1.13912 0 0 0 0 -1.13905
358 359 0.0237056 0 -1.19596 0 0 0 0 -1.17225
359 360 0.00519902 0 -1.29314 0 0 0 0 -1.28794
360 361 0.0826078 0 -0.917716 0 0 0 0 -0.835108
361 362 0.0751688 0 -0.823418 0 0 0 0 -0.748249
362 363 0.0525589 0 -1.29711 0 0 0 0 -1.24455
363 364 0.00199935 0 -1.2606 0 0 0 0 -1.2586
364 365 0.000111225 0 -1.04569 0 0 0 0 -1.04558
365 366 0.0377244 0 -1.40314 0 0 0 0 -1.36542
366 367 0.0226014 0 -0.815112 0 0 0 0 -0.792511
367 368 0.0620528 0 0 0 0 0 0 0.0620528
368 369 0.057768 0 -1.07038 0 0 0 0 -1.01261
369 370 0.000126966 0 -1.0868 0 0 0 0 -1.08667
370 371 0.00204756 0 -1.3819 0 0 0 0 -1.37986
371 372 0.00166106 0 -0.853007 0 0 0 0 -0.851346
372 373 0.0234914 0 -1.24762 0 0 0 0 -1.22413
373 374 0.134438 0 -1.26587 0 0 0 0 -1.13143
374 375 0.00501505 0 -1.03249 0 0 0 0 -1.02748
375 376 0.0689272 0 -1.15965 0 0 0 0 -1.09073
376 377 0.0191144 0 -0.9865 0 0 0 0 -0.967386
377 378 0.00440928 0 -1.38744 0 0 0 0 -1.38303
378 379 0.00525215 0 -1.37591 0 0 0 0 -1.37066
379 380 8.22327e-06 0 -1.31515 0 0 0 0 -1.31514
380 381 0.0324078 0 -1.34746 0 0 0 0 -1.31505
381 382 2.38808e-05 0 -0.765793 0 0 0 0 -0.765769
382 383 0.00995681 0 0 0 0 0 0 0.00995681
383 384 0.000422485 0 -1.25308 0 0 0 0 -1.25266
384 385 0.00478128 0 -1.2246 0 0 0 0 -1.21982
385 386 0.057735 0 -1.21489 0 0 0 0 -1.15716
386 387 0.0855662 0 -1.15539 0 0 0 0 -1.06983
387 388 0.0055155 0 -1.0179 0 0 0 0 -1.01239
388 389 0.142672 0 -1.01997 0 0 0 0 -0.877295
389 390 0.0935076 0 -1.38708 0 0 0 0 -1.29358
390 391 0.133594 0 -1.16293 0 0 0 0 -1.02934
391 392 0.00256421 0 -1.27397 0 0 0 0 -1.27141
392 393 0.185024 0 -1.37467 0 0 0 0 -1.18965
393 394 0.00332973 0 -0.801178 0 0 0 0 -0.797848
394 395 0.0199824 0 -0.819621 0 0 0 0 -0.799639
395 396 0.00143237 0 -0.968558 0 0 0 0 -0.967125
396 397 0.000954021 0 -1.23941 0 0 0 0 -1.23846
397 398 0.0414407 0 -1.24206 0 0 0 0 -1.20062
398 399 0.077632 0 -0 0 0 0 0 0.077632
399 400 0.0550595 0 -1.33676 0 0 0 0 -1.28171
398 401 0 0 0 0 0 -0.000491161 -0 -0.000491161
397 401 0 0 0 0 0 -0.105907 0 -0.105907
400 401 0.00218745 0 -1.27467 0 0 0 0 -1.27249
396 402 0 0 0 0 0 -0.172191 0 -0.172191
397 402 0 0 0 0 0 -0.00112099 -0 -0.00112099
401 402 0.0391858 0 -1.27068 0 0 0 0 -1.23149
396 403 0 0 0 0 -0.70015 0 -0 -0.70015
395 403 0 0 0 0 0 -0.0299345 0 -0.0299345
397 403 0 0 0 0 -0 -0.0863573 0 -0.0863573
402 403 0.0116738 0 -1.19398 0 0 0 0 -1.1823
396 404 0 0 0 0 -0 -0.0310331 0 -0.0310331
395 404 0 0 0 0 0 -5.09017e-15 -0 -5.09017e-15
394 404 0 0 0 0 0 -0.106371 0 -0.106371
403 404 0.0217468 0 -0.866582 0 0 0 0 -0.844835
395 405 0 0 0 0 -0 -0.00264163 0 -0.00264163
394 405 0 0 0 0 -0.589222 0 -0 -0.589222
393 405 0 0 0 0 0 -0.143779 -0 -0.143779
404 405 0.00381878 0 -1.07593 0 0 0 0 -1.07211
394 406 0 0 0 0 0 -0.112347 0 -0.112347
393 406 0 0 0 0 -0.738031 0 -0 -0.738031
392 406 0 0 0 0 -3.55458e-28 -0.143135 0 -0.143135
405 406 0.128003 0 -1.28861 0 0 0 0 -1.16061
393 407 0 0 0 0 -0 -0.156553 -0 -0.156553
392 407 0 0 0 0 -0.499839 0 -0 -0.499839
391 407 0 0 0 0 0 -0.120816 -0 -0.120816
406 407 0.008131 0 -1.188 0 0 0 0 -1.17987
408 409 0.0472734 0 -0.859557 0 0 0 0 -0.812284
409 410 0.0142913 0 -0.958839 0 0 0 0 -0.944547
410 411 0.00415788 0 -1.39872 0 0 0 0 -1.39457
411 412 0.0727826 0 -1.35117 0 0 0 0 -1.27839
412 413 8.97588e-05 0 0 0 0 0 0 8.97588e-05
413 414 0.0119741 0 -1.04485 0 0 0 0 -1.03287
414 415 0.0772049 0 -1.37871 0 0 0 0 -1.30151
415 416 0.0372262 0 -1.1724 0 0 0 0 -1.13517
416 417 0.120778 0 -1.27586 0 0 0 0 -1.15508
417 418 0.134849 0 -1.14073 0 0 0 0 -1.00588
418 419 0.0393355 0 -0.957519 0 0 0 0 -0.918184
419 420 0.0569715 0 -1.20867 0 0 0 0 -1.1517
420 421 0.040275 0 -1.20131 0 0 0 0 -1.16103
421 422 0.00425636 0 -1.14759 0 0 0 0 -1.14333
422 423 0.0045013 0 -1.37363 0 0 0 0 -1.36913
423 424 0.0595096 0 -1.15457 0 0 0 0 -1.09506
424 425 8.52832e-05 0 -1.25172 0 0 0 0 -1.25163
425 426 0.0177275 0 -1.16472 0 0 0 0 -1.14699
426 427 0.000811036 0 -1.24117 0 0 0 0 -1.24036
427 428 8.3098e-05 0 -1.10428 0 0 0 0 -1.1042
428 429 0.0300736 0 0 0 0 0 0 0.0300736
429 430 0.000160285 0 -1.27006 0 0 0 0 -1.2699
430 431 0.109855 0 -1.38743 0 0 0 0 -1.27757
431 432 0.0533981 0 -1.38614 0 0 0 0 -1.33274
432 433 0.0295127 0 -1.31702 0 0 0 0 -1.2875
433 434 0.0120477 0 -1.32836 0 0 0 0 -1.31631
434 435 0.0065628 0 -1.03231 0 0 0 0 -1.02574
435 436 9.67496e-09 0 -1.17576 0 0 0 0 -1.17576
436 437 0.00443077 0 -1.21021 0 0 0 0 -1.20577
437 438 0.000485202 0 -1.17956 0 0 0 0 -1.17907
438 439 0.0243537 0 -1.30098 0 0 0 0 -1.27663
439 440 0.0426174 0 -1.32947 0 0 0 0 -1.28685
440 441 0.053269 0 -1.18226 0 0 0 0 -1.12899
441 442 0.0302267 0 -1.40409 0 0 0 0 -1.37386
442 443 0.0247917 0 -1.32295 0 0 0 0 -1.29816
443 444 0.00494193 0 0 0 0 0 0 0.00494193
444 445 0.262554 0 -1.34663 0 0 0 0 -1.08407
445 446 0.230501 0 -1.2643 0 0 0 0 -1.0338
446 447 0.0151673 0 -1.16281 0 0 0 0 -1.14764
447 448 0.0265446 0 -0.986216 0 0 0 0 -0.959671
448 449 0.000702494 0 0 0 0 0 0 0.000702494
449 450 0.0711424 0 -1.17702 0 0 0 0 -1.10588
450 451 0.0508086 0 -1.23084 0 0 0 0 -1.18003
451 452 0.00772942 0 0 0 0 0 0 0.00772942
452 453 0.103104 0 -1.34929 0 0 0 0 -1.24618
453 454 0.0850985 0 -1.11495 0 0 0 0 -1.02985
454 455 0.000280619 0 -0.694523 0 0 0 0 -0.694242
455 456 0.121741 0 -1.19806 0 0 0 0 -1.07632
456 457 0.00695034 0 -1.22817 0 0 0 0 -1.22122
457 458 0.00306542 0 -1.11281 0 0 0 0 -1.10975
459 460 0.00456339 0 0 0 0 0 0 0.00456339
460 461 0.0421901 0 0 0 0 0 0 0.0421901
461 462 0.0121564 0 -1.23075 0 0 0 0 -1.2186
462 463 0.0261689 0 -1.25182 0 0 0 0 -1.22565
463 464 0.0323849 0 -1.2912 0 0 0 0 -1.25881
464 465 0.000622069 0 -1.29629 0 0 0 0 -1.29567
465 466 0.00480394 0 -1.31119 0 0 0 0 -1.30639
466 467 0.0423461 0 -1.15216 0 0 0 0 -1.10981
458 468 0 0 0 0 0 -0.190052 0 -0.190052
467 468 0.0907839 0 -1.35769 0 0 0 0 -1.26691
458 469 0 0 0 0 -0.772118 0 -0 -0.772118
457 469 0 0 0 0 -6.4316e-30 -0.118631 0 -0.118631
468 469 0.0147811 0 -1.28768 0 0 0 0 -1.2729
458 470 0 0 0 0 -0 -0.110055 0 -0.110055
457 470 0 0 0 0 -0.600599 -2.56089e-17 -0 -0.600599
456 470 0 0 0 0 0 -0.123825 0 -0.123825
469 470 0.0846413 0 -1.20009 0 0 0 0 -1.11545
455 471 0 0 0 0 0 -0.152611 0 -0.152611
457 471 0 0 0 0 0 -0.156118 0 -0.156118
456 471 0 0 0 0 -0.82089 0 -0 -0.82089
470 471 0.113389 0 -1.27638 0 0 0 0 -1.163
455 472 0 0 0 0 -0.766825 0 -0 -0.766825
454 472 0 0 0 0 -1.80465e-30 -0.178848 0 -0.178848
456 472 0 0 0 0 0 -0.137985 -0 -0.137985
471 472 0.0416083 0 -1.27849 0 0 0 0 -1.23688
455 473 0 0 0 0 -0 -0.0859007 -0 -0.0859007
454 473 0 0 0 0 -0.846447 0 -0 -0.846447
453 473 0 0 0 0 0 -0.050966 0 -0.050966
472 473 0.000156858 0 -1.32286 0 0 0 0 -1.3227
454 474 0 0 0 0 -0 -0.160264 0 -0.160264
453 474 0 0 0 0 0 -7.4383e-16 -0 -7.4383e-16
452 474 0 0 0 0 0 -0.0440868 0 -0.0440868
473 474 0.107197 0 -1.30165 0 0 0 0 -1.19445
474 475 0.0386567 0 -0.00293616 0 0 0 0 0.0357206
475 476 7.60734e-06 0 -1.07312 0 0 0 0 -1.07312
476 477 0.000662918 0 -1.24328 0 0 0 0 -1.24262
477 478 0.00221703 0 -0.47349 0 0 0 0 -0.471273
478 479 0.000216481 0 -1.32306 0 0 0 0 -1.32284
479 480 0.0724653 0 -1.11286 0 0 0 0 -1.04039
480 481 0.0938556 0 -1.23071 0 0 0 0 -1.13685
481 482 0.112756 0 -1.14704 0 0 0 0 -1.03428
482 483 0.00120122 0 -1.33876 0 0 0 0 -1.33756
483 484 0.00814516 0 -1.35563 0 0 0 0 -1.34748
484 485 0.0720019 0 -1.3208 0 0 0 0 -1.2488
485 486 3.49291e-05 0 -1.03316 0 0 0 0 -1.03313
486 487 0.000120478 0 -0.96778 0 0 0 0 -0.967659
487 488 0.0261006 0 -1.01193 0 0 0 0 -0.985829
488 489 0.0802458 0 -1.05505 0 0 0 0 -0.974802
489 490 0.0569938 0 -1.24938 0 0 0 0 -1.19239
490 491 0.0636728 0 -1.15176 0 0 0 0 -1.08809
491 492 0.112837 0 -1.21856 0 0 0 0 -1.10572
492 493 0.241647 0 -0 0 0 0 0 0.241647
493 494 0.000674867 0 -1.01634 0 0 0 0 -1.01567
492 495 0 0 0 0 -0 -0.00014984 -0 -0.00014984
491 495 0 0 0 0 0 -0.0911059 0 -0.0911059
494 495 0.117641 0 -1.13797 0 0 0 0 -1.02033
492 496 0 0 0 0 0 -0.164069 0 -0.164069
491 496 0 0 0 0 -0.634059 0 -0 -0.634059
490 496 0 0 0 0 -8.40959e-30 -0.167379 0 -0.167379
495 496 0.109055 0 -1.37385 0 0 0 0 -1.2648
489 497 0 0 0 0 -0 -0.0232883 -0 -0.0232883
491 497 0 0 0 0 -0 -0.170305 -0 -0.170305
490 497 0 0 0 0 -0.81559 0 -0 -0.81559
496 497 0.00485821 0 -1.3298 0 0 0 0 -1.32495
488 498 0 0 0 0 -9.01683e-31 -0.149882 0 -0.149882
490 498 0 0 0 0 0 -0.114296 0 -0.114296
497 498 0.027775 0 -0.567601 0 0 0 0 -0.539826
489 499 0 0 0 0 0 -0.100314 0 -0.100314
488 499 0 0 0 0 -0.777069 0 -0 -0.777069
487 499 0 0 0 0 0 -0.0461381 0 -0.0461381
498 499 0.123427 0 -1.23396 0 0 0 0 -1.11053
488 500 0 0 0 0 0 -0.138428 0 -0.138428
499 500 0.000731686 0 -1.16757 0 0 0 0 -1.16684
500 501 0.00597421 0 0 0 0 0 0 0.00597421
501 502 0.0286007 0 -1.31828 0 0 0 0 -1.28968
502 503 0.0355262 0 -1.35862 0 0 0 0 -1.32309
503 504 0.0629624 0 -1.32064 0 0 0 0 -1.25768
504 505 0.00370262 0 -1.34114 0 0 0 0 -1.33744
505 506 0.0101785 0 -0.0125718 0 0 0 0 -0.00239335
506 507 0.049337 0 -1.19778 0 0 0 0 -1.14844
507 508 0.0732892 0 0 0 0 0 0 0.0732892
508 509 0.0277203 0 -0.957489 0 0 0 0 -0.929768
510 511 0.0793791 0 -1.22445 0 0 0 0 -1.14507
511 512 0.0285673 0 -1.18104 0 0 0 0 -1.15247
512 513 0.0270131 0 -1.40545 0 0 0 0 -1.37843
513 514 0.049445 0 -1.14916 0 0 0 0 -1.09971
514 515 0.0436678 0 -1.29303 0 0 0 0 -1.24936
515 516 0.00264859 0 -0.946085 0 0 0 0 -0.943437
516 517 0.0076349 0 -1.36247 0 0 0 0 -1.35484
517 518 0.0042111 0 -1.2991 0 0 0 0 -1.29489
518 519 0.0242031 0 -1.00158 0 0 0 0 -0.977377
519 520 0.132127 0 -1.13007 0 0 0 0 -0.997939
520 521 0.0015753 0 -0.95201 0 0 0 0 -0.950435
521 522 0.035449 0 -1.35339 0 0 0 0 -1.31794
522 523 0.00532674 0 -1.25875 0 0 0 0 -1.25342
523 524 0.101483 0 -1.25661 0 0 0 0 -1.15513
524 525 0.00945696 0 -1.09504 0 0 0 0 -1.08558
525 526 0.0070022 0 -0.993577 0 0 0 0 -0.986575
526 527 0.00238335 0 -1.28613 0 0 0 0 -1.28375
527 528 0.0114725 0 -0.900168 0 0 0 0 -0.888695
528 529 0.0218806 0 -1.17772 0 0 0 0 -1.15584
529 530 0.0181768 0 -1.17408 0 0 0 0 -1.1559
530 531 0.168728 0 -1.38168 0 0 0 0 -1.21296
531 532 0.00452241 0 -1.2016 0 0 0 0 -1.19708
532 533 0.0830807 0 -1.2139 0 0 0 0 -1.13082
533 534 0.0385622 0 0 0 0 0 0 0.0385622
534 535 0.118155 0 -1.2285 0 0 0 0 -1.11034
535 536 0.00504663 0 -1.32305 0 0 0 0 -1.318
536 537 0.132823 0 -1.16173 0 0 0 0 -1.02891
537 538 0.101779 0 -1.05988 0 0 0 0 -0.958098
538 539 0.120813 0 -1.1143 0 0 0 0 -0.993491
539 540 0.153599 0 -1.22598 0 0 0 0 -1.07238
540 541 0.00839362 0 -1.14706 0 0 0 0 -1.13866
541 542 0.0030352 0 -0.931391 0 0 0 0 -0.928355
542 543 0.0510338 0 -1.37241 0 0 0 0 -1.32137
543 544 0.0137073 0 -1.23922 0 0 0 0 -1.22551
544 545 0.034003 0 0 0 0 0 0 0.034003
545 546 0.00438701 0 -0.977939 0 0 0 0 -0.973552
543 547 0 0 0 0 0 -1.42465e-06 -0 -1.42465e-06
542 547 0 0 0 0 -0 -0.137058 0 -0.137058
546 547 0.0100045 0 -0.979976 0 0 0 0 -0.969972
543 548 0 0 0 0 0 -0.142134 0 -0.142134
542 548 0 0 0 0 -0.789648 0 -0 -0.789648
541 548 0 0 0 0 -0 -0.157575 0 -0.157575
547 548 0.026646 0 -1.15399 0 0 0 0 -1.12734
540 549 0 0 0 0 -1.09932e-18 -0.0931037 0 -0.0931037
542 549 0 0 0 0 -0 -0.164068 0 -0.164068
541 549 0 0 0 0 -0.682256 0 -0 -0.682256
548 549 3.97997e-05 0 -1.12896 0 0 0 0 -1.12892
540 550 0 0 0 0 -0.654727 0 -0 -0.654727
539 550 0 0 0 0 0 -0.166879 -0 -0.166879
541 550 0 0 0 0 -0 -0.0152136 -0 -0.0152136
549 550 0.0181107 0 -0.962991 0 0 0 0 -0.94488
540 551 0 0 0 0 0 -0.128639 -0 -0.128639
539 551 0 0 0 0 -0.654189 0 -0 -0.654189
538 551 0 0 0 0 0 -0.107624 0 -0.107624
550 551 0.00175078 0 -1.37265 0 0 0 0 -1.3709
539 552 0 0 0 0 0 -0.112302 -0 -0.112302
537 552 0 0 0 0 0 -0.0505627 0 -0.0505627
551 552 0.0193434 0 -0.961486 0 0 0 0 -0.942142
538 553 0 0 0 0 0 -0.00584581 -0 -0.00584581
537 553 0 0 0 0 0 -2.95319e-19 -0 -2.95319e-19
536 553 0 0 0 0 -4.85923e-31 -0.19626 0 -0.19626
552 553 0.0394919 0 -0.843987 0 0 0 0 -0.804495
533 554 0 0 0 0.0278343 0 0 0 0.0278343
537 554 0 0 0 0 0 -0.110779 0 -0.110779
536 554 0 0 0 0 -0.788879 0 -0 -0.788879
535 554 0 0 0 0 0 -0.125624 0 -0.125624
553 554 0.0280641 0 -1.12873 0 0 0 0 -1.10066
536 555 0 0 0 0 -0 -0.150174 0 -0.150174
554 555 0.00212635 0 -1.19644 0 0 0 0 -1.19431
535 556 0 0 0 0 0 -0.000650524 -0 -0.000650524
532 556 0 0 0 0 0 -0.0148437 -0 -0.0148437
531 556 0 0 0 0 0 -0.00425813 0 -0.00425813
555 556 0.00281489 0 -1.36634 0 0 0 0 -1.36353
532 557 0 0 0 0 0 -0.0998504 0 -0.0998504
531 557 0 0 0 0 -0.29349 0 -0 -0.29349
530 557 0 0 0 0 0 -0.153246 0 -0.153246
556 557 0.156474 0 -1.21505 0 0 0 0 -1.05858
531 558 0 0 0 0 0 -0.160418 0 -0.160418
530 558 0 0 0 0 -0.875182 0 -0 -0.875182
529 558 0 0 0 0 -1.57665e-30 -0.151099 0 -0.151099
557 558 0.0306028 0 -1.00369 0 0 0 0 -0.973088
530 559 0 0 0 0 -0 -0.168379 0 -0.168379
529 559 0 0 0 0 -0.818791 0 -0 -0.818791
528 559 0 0 0 0 -0 -0.00876359 0 -0.00876359
558 559 0.0195011 0 -1.2199 0 0 0 0 -1.2004
529 560 0 0 0 0 0 -0.126339 0 -0.126339
528 560 0 0 0 0 0 -0.0129447 -0 -0.0129447
527 560 0 0 0 0 0 -0.0306301 0 -0.0306301
559 560 0.047726 0 -1.37915 0 0 0 0 -1.33143
561 562 0.00394079 0 -1.27763 0 0 0 0 -1.27369
562 563 0.0476627 0 -0.971796 0 0 0 0 -0.924133
563 564 0.213216 0 -0.812241 0 0 0 0 -0.599025
564 565 0.000502356 0 -1.0426 0 0 0 0 -1.0421
565 566 0.0904711 0 -1.27072 0 0 0 0 -1.18025
566 567 0.0453748 0 -1.31074 0 0 0 0 -1.26537
567 568 0.0163268 0 -0 0 0 0 0 0.0163268
568 569 0.0240073 0 -0.846604 0 0 0 0 -0.822596
569 570 0.00714732 0 -1.32294 0 0 0 0 -1.31579
570 571 0.00469041 0 -0 0 0 0 0 0.00469041
571 572 0.0867228 0 -0.906186 0 0 0 0 -0.819463
572 573 0.00496955 0 -1.24697 0 0 0 0 -1.242
573 574 0.123132 0 -1.14887 0 0 0 0 -1.02574
574 575 0.0256079 0 -1.28392 0 0 0 0 -1.25831
575 576 0.0355955 0 -1.24854 0 0 0 0 -1.21295
576 577 0.0659396 0 -1.40837 0 0 0 0 -1.34243
574 578 0 0 0 0 0 -0.0315263 -0 -0.0315263
577 578 0.000138405 0 -0 0 0 0 0 0.000138405
575 579 0 0 0 0 0 -0.0804211 -0 -0.0804211
573 579 0 0 0 0 -7.72451e-34 -0.184095 0 -0.184095
578 579 0.113209 0 -0.864536 0 0 0 0 -0.751327
574 580 0 0 0 0 0 -0.0626367 -0 -0.0626367
573 580 0 0 0 0 -0.638015 0 -0 -0.638015
572 580 0 0 0 0 0 -0.151743 -0 -0.151743
579 580 0.0934627 0 -1.03475 0 0 0 0 -0.941286
573 581 0 0 0 0 -0 -0.194867 0 -0.194867
571 581 0 0 0 0 0 -0.00757534 0 -0.00757534
570 581 0 0 0 0 0 -0.171424 0 -0.171424
580 581 0.0169337 0 -1.30444 0 0 0 0 -1.28751
572 582 0 0 0 0 0 -0.0680446 -0 -0.0680446
571 582 0 0 0 0 0 -0.00531389 -0 -0.00531389
570 582 0 0 0 0 -0.825305 0 -0 -0.825305
569 582 0 0 0 0 0 -0.142133 0 -0.142133
581 582 0.000307644 0 -1.24308 0 0 0 0 -1.24277
570 583 0 0 0 0 0 -0.161359 -0 -0.161359
569 583 0 0 0 0 -0.258589 0 -0 -0.258589
568 583 0 0 0 0 0 -1.84919e-05 0 -1.84919e-05
582 583 0.064937 0 -1.35653 0 0 0 0 -1.2916
569 584 0 0 0 0 -0 -0.111546 -0 -0.111546
568 584 0 0 0 0 0 -0.000977571 -0 -0.000977571
583 584 0.0701364 0 -1.33941 0 0 0 0 -1.26928
584 585 0.0827326 0 -1.30679 0 0 0 0 -1.22405
585 586 0.239505 0 -0.897493 0 0 0 0 -0.657989
586 587 0.0858305 0 -1.19158 0 0 0 0 -1.10575
587 588 0.00073718 0 -1.24494 0 0 0 0 -1.2442
588 589 2.33196e-06 0 -0.942858 0 0 0 0 -0.942856
589 590 0.00550951 0 -1.24499 0 0 0 0 -1.23948
590 591 0.00103137 0 -1.27243 0 0 0 0 -1.2714
591 592 0.0822307 0 -1.22169 0 0 0 0 -1.13946
592 593 0.102644 0 -1.2045 0 0 0 0 -1.10186
593 594 0.00344172 0 -1.3862 0 0 0 0 -1.38276
594 595 0.0394609 0 -0.979611 0 0 0 0 -0.94015
595 596 0.0627724 0 -1.27733 0 0 0 0 -1.21456
596 597 0.0949597 0 -1.31986 0 0 0 0 -1.2249
597 598 8.64593e-06 0 -1.10367 0 0 0 0 -1.10366
598 599 0.053056 0 -1.096 0 0 0 0 -1.04294
599 600 0.00185608 0 -1.31962 0 0 0 0 -1.31777
600 601 0.0150838 0 -1.3417 0 0 0 0 -1.32661
601 602 0.0762405 0 -1.38912 0 0 0 0 -1.31288
602 603 0.000808414 0 -1.38199 0 0 0 0 -1.38119
603 604 0.000114189 0 -1.31719 0 0 0 0 -1.31708
604 605 0.044735 0 -1.27226 0 0 0 0 -1.22752
605 606 0.0371449 0 -1.32184 0 0 0 0 -1.2847
603 607 0 0 0 0 0 -0.113363 0 -0.113363
606 607 0.000526331 0 -0 0 0 0 0 0.000526331
604 608 0 0 0 0 -0 -0.131279 -0 -0.131279
603 608 0 0 0 0 -0.00127684 -1.44236e-05 -0 -0.00129126
602 608 0 0 0 0 0 -0.158107 0 -0.158107
607 608 0.00288305 0 -1.09008 0 0 0 0 -1.0872
603 609 0 0 0 0 0 -0.155915 0 -0.155915
602 609 0 0 0 0 -0.880357 0 -0 -0.880357
601 609 0 0 0 0 0 -0.161975 0 -0.161975
608 609 0.00422954 0 -1.06344 0 0 0 0 -1.05921
602 610 0 0 0 0 -0 -0.135902 0 -0.135902
601 610 0 0 0 0 0 -7.88933e-05 -0 -7.88933e-05
600 610 0 0 0 0 0 -0.0706178 0 -0.0706178
609 610 0.0403075 0 -1.31249 0 0 0 0 -1.27219
601 611 0 0 0 0 0 -0.072388 0 -0.072388
600 611 0 0 0 0 0 -0.000652234 -0 -0.000652234
610 611 0.0818309 0 -1.37165 0 0 0 0 -1.28982
612 613 0.00460845 0 -1.10561 0 0 0 0 -1.101
613 614 0.0111134 0 -0.941204 0 0 0 0 -0.930091
614 615 0.014792 0 -1.18294 0 0 0 0 -1.16815
615 616 0.388705 0 -1.14507 0 0 0 0 -0.756361
616 617 0.00904361 0 -1.31748 0 0 0 0 -1.30844
617 618 0.0394987 0 -1.10171 0 0 0 0 -1.06221
618 619 1.70025e-06 0 -1.0631 0 0 0 0 -1.06309
619 620 0.0114866 0 -1.32579 0 0 0 0 -1.3143
620 621 0.00727211 0 -1.11635 0 0 0 0 -1.10908
621 622 8.65099e-05 0 0 0 0 0 0 8.65099e-05
622 623 0.00107757 0 -1.00677 0 0 0 0 -1.00569
623 624 0.0184124 0 -1.04767 0 0 0 0 -1.02925
620 625 0 0 0 0 0 -0.0524392 -0 -0.0524392
624 625 1.67232e-05 0 -1.22052 0 0 0 0 -1.22051
621 626 0 0 0 0 0 -0.123051 0 -0.123051
619 626 0 0 0 0 -0 -0.205029 0 -0.205029
625 626 0.000302452 0 -1.1764 0 0 0 0 -1.1761
620 627 0 0 0 0 0 -0.163164 0 -0.163164
619 627 0 0 0 0 -0.824726 0 -0 -0.824726
618 627 0 0 0 0 0 -0.183415 0 -0.183415
626 627 4.48201e-05 0 -1.30378 0 0 0 0 -1.30373
619 628 0 0 0 0 0 -0.0672604 -0 -0.0672604
618 628 0 0 0 0 -0.80215 0 -0 -0.80215
617 628 0 0 0 0 -0 -0.0553365 -0 -0.0553365
627 628 0.00242348 0 -0.921608 0 0 0 0 -0.919185
618 629 0 0 0 0 0 -0.0428131 0 -0.0428131
616 629 0 0 0 0 -0 -0.0374283 -0 -0.0374283
628 629 0.0468493 0 -1.03905 0 0 0 0 -0.992201
617 630 0 0 0 0 0 -0.169812 0 -0.169812
616 630 0 0 0 0 -0.706096 0 -0 -0.706096
615 630 0 0 0 0 0 -0.0591091 -0 -0.0591091
629 630 0.000459986 0 -1.15658 0 0 0 0 -1.15612
614 631 0 0 0 0 0 -0.0794885 0 -0.0794885
616 631 0 0 0 0 -0 -0.0834863 0 -0.0834863
630 631 0.00455514 0 -1.05092 0 0 0 0 -1.04636
613 632 0 0 0 0 0 -0.0113742 0 -0.0113742
615 632 0 0 0 0 0 -0.0241539 0 -0.0241539
631 632 0.00030369 0 -1.14412 0 0 0 0 -1.14381
614 633 0 0 0 0 -0 -0.00267957 -0 -0.00267957
613 633 0 0 0 0 -0.499456 0 -0 -0.499456
612 633 0 0 0 0 -0 -0.0640324 0 -0.0640324
632 633 0.0269061 0 -0.760726 0 0 0 0 -0.73382
613 634 0 0 0 0 0 -0.110766 -0 -0.110766
633 634 0.008036 0 -1.27838 0 0 0 0 -1.27034
634 635 2.22854e-06 0 0 0 0 0 0 2.22854e-06
635 636 0.248866 0 -0.932293 0 0 0 0 -0.683427
636 637 0.0543416 0 -1.22108 0 0 0 0 -1.16674
637 638 0.172601 0 -1.20388 0 0 0 0 -1.03128
638 639 0.0383148 0 -1.39975 0 0 0 0 -1.36143
639 640 0.00946308 0 -1.21889 0 0 0 0 -1.20943
640 641 0.0149503 0 -1.3161 0 0 0 0 -1.30115
641 642 0.121529 0 -1.34154 0 0 0 0 -1.22001
642 643 0.00919832 0 -1.30997 0 0 0 0 -1.30077
643 644 0.00467305 0 -0.827378 0 0 0 0 -0.822705
644 645 0.109323 0 -1.33745 0 0 0 0 -1.22813
645 646 0.0480463 0 -1.24526 0 0 0 0 -1.19721
646 647 0.0377197 0 -1.30199 0 0 0 0 -1.26427
647 648 0.00124863 0 0 0 0 0 0 0.00124863
648 649 0.130312 0 -1.25617 0 0 0 0 -1.12586
649 650 0.0527282 0 -1.41586 0 0 0 0 -1.36314
650 651 0.119707 0 -1.22832 0 0 0 0 -1.10861
651 652 0.00832941 0 -0.823065 0 0 0 0 -0.814735
652 653 0.0153437 0 -1.05373 0 0 0 0 -1.03838
653 654 0.00881193 0 -1.22737 0 0 0 0 -1.21856
350 655 0 0 0 0 -0 -0.116558 0 -0.116558
654 655 0.276307 0 -1.24624 0 0 0 0 -0.969931
349 656 0 0 0 0 0 -0.156567 0 -0.156567
350 656 0 0 0 0 -0.628299 0 -0 -0.628299
655 656 0.140722 0 -1.34671 0 0 0 0 -1.20599
348 657 0 0 0 0 -1.50086e-28 -0.14761 0 -0.14761
350 657 0 0 0 0 -0 -0.104234 0 -0.104234
656 657 0.000981773 0 -1.20264 0 0 0 0 -1.20166
349 658 0 0 0 0 0 -0.0609166 -0 -0.0609166
348 658 0 0 0 0 -0.661699 0 -0 -0.661699
347 658 0 0 0 0 0 -0.0943209 -0 -0.0943209
657 658 0.00221546 0 -0.947383 0 0 0 0 -0.945167
346 659 0 0 0 0 0 -0.0644315 -0 -0.0644315
348 659 0 0 0 0 0 -0.143535 0 -0.143535
658 659 0.00874054 0 -1.20276 0 0 0 0 -1.19402
346 660 0 0 0 0 -0.77731 0 -0 -0.77731
345 660 0 0 0 0 -7.13664e-29 -0.142807 0 -0.142807
347 660 0 0 0 0 0 -0.143266 0 -0.143266
659 660 0.0665223 0 -1.16151 0 0 0 0 -1.09499
346 661 0 0 0 0 -0 -0.18689 0 -0.18689
345 661 0 0 0 0 -0.689284 0 -0 -0.689284
344 661 0 0 0 0 0 -0.188832 0 -0.188832
660 661 0.00128752 0 -0.993872 0 0 0 0 -0.992585
344 662 0 0 0 0 0 -0.0198524 -0 -0.0198524
661 662 0.0457564 0 -0.930462 0 0 0 0 -0.884706
663 664 0.0622827 0 -1.19015 0 0 0 0 -1.12787
664 665 0.00140671 0 -0.837369 0 0 0 0 -0.835962
665 666 0.179333 0 -1.18773 0 0 0 0 -1.0084
666 667 0.053932 0 -1.18548 0 0 0 0 -1.13154
667 668 0.000959945 0 -1.1402 0 0 0 0 -1.13924
668 669 0.0159481 0 -1.06571 0 0 0 0 -1.04976
669 670 0.026296 0 -1.37131 0 0 0 0 -1.34502
670 671 0.57304 0 -1.29776 0 0 0 0 -0.724725
671 672 0.0496893 0 -1.41362 0 0 0 0 -1.36393
672 673 0.0416886 0 -1.17339 0 0 0 0 -1.1317
673 674 0.00552876 0 -1.30208 0 0 0 0 -1.29655
674 675 0.0187937 0 0 0 0 0 0 0.0187937
675 676 0.0480992 0 -1.38234 0 0 0 0 -1.33424
676 677 0.0154272 0 -1.25631 0 0 0 0 -1.24089
677 678 0.069674 0 -1.17023 0 0 0 0 -1.10055
678 679 0.358428 0 -1.21547 0 0 0 0 -0.85704
679 680 0.0142193 0 -1.30262 0 0 0 0 -1.2884
680 681 0.00386155 0 -1.26074 0 0 0 0 -1.25688
681 682 0.0196265 0 -1.15415 0 0 0 0 -1.13453
682 683 0.00683432 0 -1.17037 0 0 0 0 -1.16354
683 684 0.00032841 0 -1.30381 0 0 0 0 -1.30348
684 685 0.000919708 0 -1.11517 0 0 0 0 -1.11425
685 686 0.0122266 0 0 0 0 0 0 0.0122266
686 687 0.0483236 0 -1.39739 0 0 0 0 -1.34906
687 688 0.000412437 0 -1.36092 0 0 0 0 -1.36051
688 689 0.118052 0 -1.28802 0 0 0 0 -1.16997
689 690 0.00325882 0 -1.24255 0 0 0 0 -1.23929
690 691 0.00878433 0 -1.31379 0 0 0 0 -1.30501
691 692 0.03476 0 -0 0 0 0 0 0.03476
692 693 0.0658768 0 -1.34929 0 0 0 0 -1.28341
693 694 0.0108985 0 -1.27372 0 0 0 0 -1.26282
694 695 0.0193541 0 -1.05122 0 0 0 0 -1.03186
695 696 9.88194e-05 0 0 0 0 0 0 9.88194e-05
694 697 0 0 0 0 -0 -0.0150099 0 -0.0150099
696 697 0.21452 0 -0.625843 0 0 0 0 -0.411323
693 698 0 0 0 0 0 -0.110668 0 -0.110668
697 698 0.0771259 0 -0.866567 0 0 0 0 -0.789441
694 699 0 0 0 0 -0 -0.155055 0 -0.155055
693 699 0 0 0 0 -0.730518 0 -0 -0.730518
692 699 0 0 0 0 0 -0.158782 -0 -0.158782
698 699 0.00764299 0 -1.12467 0 0 0 0 -1.11702
693 700 0 0 0 0 -0 -0.0601633 0 -0.0601633
692 700 0 0 0 0 0 -0.0026201 -0 -0.0026201
690 700 0 0 0 0 0 -0.0331235 0 -0.0331235
699 700 0.000852125 0 -1.3469 0 0 0 0 -1.34604
689 701 0 0 0 0 -0 -0.185113 0 -0.185113
700 701 0.0988721 0 -1.15112 0 0 0 0 -1.05225
688 702 0 0 0 0 0 -0.140237 0 -0.140237
690 702 0 0 0 0 0 -0.131482 0 -0.131482
689 702 0 0 0 0 -0.632476 0 -0 -0.632476
701 702 0.0512907 0 -1.14071 0 0 0 0 -1.08942
687 703 0 0 0 0 0 -0.000837014 -0 -0.000837014
689 703 0 0 0 0 -0 -0.153153 0 -0.153153
702 703 0.0190523 0 -1.2382 0 0 0 0 -1.21914
688 704 0 0 0 0 0 -0.0403024 -0 -0.0403024
703 704 0.0530551 0 -1.37508 0 0 0 0 -1.32202
683 705 0 0 0 0 -0 -0.00719967 0 -0.00719967
682 705 0 0 0 0 -0.614878 0 -0 -0.614878
681 705 0 0 0 0 -1.05133e-16 -0.0965234 0 -0.0965234
704 705 7.93472e-05 0 0 0 0 0 0 7.93472e-05
682 706 0 0 0 0 -0 -0.106528 0 -0.106528
681 706 0 0 0 0 -0.61859 0 -0 -0.61859
680 706 0 0 0 0 -0 -0.112157 -0 -0.112157
705 706 0.0212865 0 -0.78128 0 0 0 0 -0.759993
681 707 0 0 0 0 -0 -0.148009 0 -0.148009
680 707 0 0 0 0 -0.646715 0 -0 -0.646715
679 707 0 0 0 0 0 -0.148999 -0 -0.148999
706 707 0.000542803 0 -1.1786 0 0 0 0 -1.17806
680 708 0 0 0 0 -0 -0.0143867 -0 -0.0143867
678 708 0 0 0 0 -2.12341e-31 -0.212793 0 -0.212793
707 708 0.00106241 0 -1.03747 0 0 0 0 -1.03641
679 709 0 0 0 0 0 -0.0676861 0 -0.0676861
678 709 0 0 0 0 -0.609185 0 -0 -0.609185
677 709 0 0 0 0 -0 -0.157794 0 -0.157794
708 709 0.0148977 0 -1.11155 0 0 0 0 -1.09665
678 710 0 0 0 0 0 -0.0882569 0 -0.0882569
676 710 0 0 0 0 0 -0.0495571 -0 -0.0495571
709 710 0.0779805 0 -1.19648 0 0 0 0 -1.1185
677 711 0 0 0 0 -0 -0.0718087 0 -0.0718087
710 711 0.116467 0 -1.06486 0 0 0 0 -0.948395
711 712 0.000646624 0 0 0 0 0 0 0.000646624
712 713 0.04307 0 -1.36699 0 0 0 0 -1.32392
714 715 0.0194234 0 -1.04774 0 0 0 0 -1.02831
715 716 0.0473304 0 -1.34936 0 0 0 0 -1.30203
716 717 0.0269243 0 -1.05401 0 0 0 0 -1.02708
717 718 0.0812254 0 -1.35993 0 0 0 0 -1.2787
718 719 0.0157999 0 -1.24209 0 0 0 0 -1.22629
719 720 0.0048437 0 -1.26595 0 0 0 0 -1.2611
720 721 0.00208644 0 -1.1656 0 0 0 0 -1.16352
721 722 0.000290268 0 -1.24257 0 0 0 0 -1.24228
722 723 0.0217371 0 -1.30374 0 0 0 0 -1.282
723 724 0.00012538 0 0 0 0 0 0 0.00012538
724 725 9.16401e-10 0 -1.3044 0 0 0 0 -1.3044
725 726 0.0239295 0 -1.25433 0 0 0 0 -1.2304
723 727 0 0 0 0 0 -0.00010586 -0 -0.00010586
722 727 0 0 0 0 0 -0.149741 0 -0.149741
726 727 1.43559e-05 0 -1.19982 0 0 0 0 -1.1998
723 728 0 0 0 0 0 -0.00624018 0 -0.00624018
722 728 0 0 0 0 0 -0.000825974 0 -0.000825974
721 728 0 0 0 0 -6.28174e-31 -0.161137 0 -0.161137
727 728 0.0369361 0 -0.822945 0 0 0 0 -0.786009
722 729 0 0 0 0 0 -0.111186 0 -0.111186
721 729 0 0 0 0 -0.708751 0 -0 -0.708751
720 729 0 0 0 0 0 -0.15036 -0 -0.15036
728 729 0.00992646 0 -1.12291 0 0 0 0 -1.11298
721 730 0 0 0 0 0 -0.108774 0 -0.108774
720 730 0 0 0 0 -0.749001 0 -0 -0.749001
719 730 0 0 0 0 -0 -0.0886085 0 -0.0886085
729 730 0.0170611 0 -0.978795 0 0 0 0 -0.961734
730 731 0.0261964 0 0 0 0 0 0 0.0261964
731 732 0.00103532 0 -1.1366 0 0 0 0 -1.13556
732 733 0.12038 0 -0.586244 0 0 0 0 -0.465865
733 734 0.0794318 0 -1.37212 0 0 0 0 -1.29269
734 735 0.0271501 0 -1.22286 0 0 0 0 -1.19571
735 736 0.0874259 0 -1.40289 0 0 0 0 -1.31546
736 737 0.000174637 0 -0.646601 0 0 0 0 -0.646426
737 738 0.00153251 0 -1.30336 0 0 0 0 -1.30183
738 739 0.00880978 0 -1.24335 0 0 0 0 -1.23454
739 740 0.0389402 0 -1.3425 0 0 0 0 -1.30356
740 741 1.37215e-06 0 -1.34564 0 0 0 0 -1.34564
741 742 0.257279 0 -0.792599 0 0 0 0 -0.53532
742 743 0.000407799 0 0 0 0 0 0 0.000407799
743 744 0.00192136 0 -1.14357 0 0 0 0 -1.14165
738 745 0 0 0 0 -0 -0.000140354 0 -0.000140354
744 745 0.00965881 0 -1.28018 0 0 0 0 -1.27052
738 746 0 0 0 0 -0 -0.000258503 0 -0.000258503
737 746 0 0 0 0 0 -0.00640792 -0 -0.00640792
736 746 0 0 0 0 0 -0.0562661 0 -0.0562661
745 746 0.0127936 0 -1.16039 0 0 0 0 -1.1476
737 747 0 0 0 0 -0 -0.0447028 0 -0.0447028
736 747 0 0 0 0 -0.379061 -2.78982e-05 -0 -0.379089
735 747 0 0 0 0 0 -0.148801 0 -0.148801
746 747 0.0710165 0 -1.34682 0 0 0 0 -1.2758
735 748 0 0 0 0 0 -3.38054e-05 0 -3.38054e-05
734 748 0 0 0 0 -1.78852e-06 -0.0516277 0 -0.0516295
747 748 0.0312352 0 -0.365315 0 0 0 0 -0.334079
747 749 0 0 0 0 -0 0 -0.616358 -0.616358
736 749 0 0 0 0 0 -0.160114 0 -0.160114
734 749 0 0 0 0 0 -0.0659307 -0 -0.0659307
748 749 0.0922897 0 -0 0 0 0 0 0.0922897
748 750 0 0 0 0 0 0 -0.131727 -0.131727
735 750 0 0 0 0 0 -0.158391 0 -0.158391
734 750 0 0 0 0 -0.549506 0 -0 -0.549506
733 750 0 0 0 0 -0 -0.143039 -0 -0.143039
749 750 0.0693639 0 -1.12764 0 0 0 0 -1.05828
734 751 0 0 0 0 -0 -0.0843988 0 -0.0843988
733 751 0 0 0 0 -0.426649 0 -0 -0.426649
732 751 0 0 0 0 -0 -0.1298 0 -0.1298
750 751 0.00350945 0 -0.462821 0 0 0 0 -0.459311
733 752 0 0 0 0 -0 -0.159553 0 -0.159553
732 752 0 0 0 0 -0.698177 0 -0 -0.698177
731 752 0 0 0 0 -1.76503e-19 -0.128589 0 -0.128589
751 752 8.87071e-06 0 -1.0736 0 0 0 0 -1.07359
732 753 0 0 0 0 -0 -0.00317561 -0 -0.00317561
731 753 0 0 0 0 -0.573919 0 -0 -0.573919
752 753 0.0127727 0 -0.99716 0 0 0 0 -0.984387
731 754 0 0 0 0 -0 -0.0597263 0 -0.0597263
753 754 0.0600554 0 -1.11372 0 0 0 0 -1.05367
754 755 0.0062963 0 0 0 0 0 0 0.0062963
755 756 0.142517 0 0 0 0 0 0 0.142517
756 757 0.0150252 0 -1.08185 0 0 0 0 -1.06683
757 758 0.00578212 0 -1.07546 0 0 0 0 -1.06968
758 759 0.12985 0 -1.12943 0 0 0 0 -0.999576
759 760 0.121606 0 -1.23063 0 0 0 0 -1.10902
760 761 0.000107705 0 -1.27072 0 0 0 0 -1.27062
761 762 0.0622002 0 -1.27784 0 0 0 0 -1.21564
762 763 0.0130654 0 -1.30718 0 0 0 0 -1.29411
763 764 0.0194862 0 -1.29904 0 0 0 0 -1.27956
765 766 0.13532 0 -0.844075 0 0 0 0 -0.708755
766 767 0.0754833 0 -1.26915 0 0 0 0 -1.19366
767 768 0.00083691 0 -1.32096 0 0 0 0 -1.32012
768 769 0.001319 0 -1.18972 0 0 0 0 -1.1884
769 770 0.149445 0 -1.06329 0 0 0 0 -0.913848
770 771 0.00723583 0 -1.28642 0 0 0 0 -1.27919
771 772 0.109102 0 -1.13452 0 0 0 0 -1.02542
772 773 0.0342934 0 -1.40394 0 0 0 0 -1.36965
773 774 0.0197911 0 -1.12589 0 0 0 0 -1.1061
774 775 0.000995313 0 -1.1383 0 0 0 0 -1.1373
775 776 0.00201716 0 -1.34334 0 0 0 0 -1.34132
776 777 0.00419844 0 -1.35924 0 0 0 0 -1.35504
777 778 0.0112154 0 -0.821008 0 0 0 0 -0.809792
778 779 0.0164094 0 -0.466394 0 0 0 0 -0.449985
779 780 0.153796 0 -1.01166 0 0 0 0 -0.857861
780 781 1.63153e-06 0 -1.19988 0 0 0 0 -1.19988
781 782 0.0516351 0 -1.38796 0 0 0 0 -1.33632
782 783 0.156586 0 -1.12437 0 0 0 0 -0.967783
783 784 0.00468686 0 -1.21004 0 0 0 0 -1.20535
784 785 0.0356734 0 -1.25445 0 0 0 0 -1.21877
785 786 0.0105294 0 -1.08941 0 0 0 0 -1.07888
786 787 0.0738856 0 -1.36764 0 0 0 0 -1.29375
787 788 0.0533549 0 -1.29917 0 0 0 0 -1.24581
788 789 0.000710374 0 -1.08301 0 0 0 0 -1.0823
789 790 0.00196795 0 -1.25408 0 0 0 0 -1.25212
790 791 0.359002 0 -1.27049 0 0 0 0 -0.911485
791 792 0.00700967 0 0 0 0 0 0 0.00700967
792 793 0.117806 0 -1.3325 0 0 0 0 -1.21469
793 794 0.0286613 0 -1.18344 0 0 0 0 -1.15478
794 795 0.0191823 0 -1.20514 0 0 0 0 -1.18596
795 796 0.157275 0 -1.27938 0 0 0 0 -1.12211
796 797 5.39348e-05 0 -1.0423 0 0 0 0 -1.04224
797 798 0.0106984 0 -0.929839 0 0 0 0 -0.91914
798 799 0.0235769 0 0 0 0 0 0 0.0235769
799 800 0.000444591 0 -1.03922 0 0 0 0 -1.03878
798 801 0 0 0 0 0 -0.0033888 -0 -0.0033888
800 801 0.000514267 0 -1.20277 0 0 0 0 -1.20226
798 802 0 0 0 0 0 -0.000245669 -0 -0.000245669
797 802 0 0 0 0 -0 -0.18039 -0 -0.18039
801 802 0.0155103 0 -0.919925 0 0 0 0 -0.904415
798 803 0 0 0 0 0 -0.0829698 0 -0.0829698
797 803 0 0 0 0 -0.371512 -5.87102e-07 -0 -0.371513
796 803 0 0 0 0 -1.01341e-28 -0.148405 0 -0.148405
802 803 0.0137226 0 -1.19471 0 0 0 0 -1.18099
797 804 0 0 0 0 -0 -0.117656 0 -0.117656
796 804 0 0 0 0 -0.857363 0 -0 -0.857363
795 804 0 0 0 0 -8.42005e-32 -0.171012 0 -0.171012
803 804 0.0448318 0 -1.28581 0 0 0 0 -1.24098
796 805 0 0 0 0 -0 -0.153636 0 -0.153636
795 805 0 0 0 0 -0.845248 0 -0 -0.845248
794 805 0 0 0 0 0 -0.193018 0 -0.193018
804 805 0.0366267 0 -0.900201 0 0 0 0 -0.863574
795 806 0 0 0 0 -0 -0.199864 0 -0.199864
793 806 0 0 0 0 0 -0.0393987 -0 -0.0393987
805 806 0.054708 0 -1.17742 0 0 0 0 -1.12271
806 807 0.0286392 0 0 0 0 0 0 0.0286392
807 808 0.093578 0 -1.08852 0 0 0 0 -0.994938
808 809 0.00317792 0 -1.33335 0 0 0 0 -1.33017
809 810 0.0017482 0 -1.27926 0 0 0 0 -1.27751
810 811 0.0476395 0 -1.31814 0 0 0 0 -1.2705
811 812 0.0853963 0 -1.21926 0 0 0 0 -1.13386
812 813 0.00199764 0 -1.26234 0 0 0 0 -1.26035
814 815 6.38014e-05 0 -1.12383 0 0 0 0 -1.12377
815 816 0.0931923 0 -1.31265 0 0 0 0 -1.21946
816 817 0.0510204 0 -1.29475 0 0 0 0 -1.24373
817 818 0.000276051 0 -1.11389 0 0 0 0 -1.11361
818 819 0.0111548 0 -1.34857 0 0 0 0 -1.33742
819 820 0.0211836 0 -1.18441 0 0 0 0 -1.16322
820 821 0.00265417 0 -1.37102 0 0 0 0 -1.36837
821 822 0.189833 0 -1.20472 0 0 0 0 -1.01488
822 823 0.0617907 0 -1.19533 0 0 0 0 -1.13354
823 824 0.0474029 0 -0.487024 0 0 0 0 -0.439621
824 825 0.000383729 0 -1.3329 0 0 0 0 -1.33251
825 826 0.244382 0 -1.34685 0 0 0 0 -1.10247
826 827 0.0314962 0 -1.29265 0 0 0 0 -1.26115
827 828 0.000703142 0 -1.2882 0 0 0 0 -1.28749
828 829 0.376293 0 -0 0 0 0 0 0.376293
829 830 0.27802 0 -1.37472 0 0 0 0 -1.0967
830 831 0.00246616 0 -1.17261 0 0 0 0 -1.17014
831 832 0.0362545 0 -1.14778 0 0 0 0 -1.11152
832 833 0.0896006 0 -1.15582 0 0 0 0 -1.06622
833 834 0.0102383 0 -1.32999 0 0 0 0 -1.31975
834 835 0.00396387 0 -1.28497 0 0 0 0 -1.28101
835 836 0.110571 0 -1.18448 0 0 0 0 -1.07391
836 837 0.083461 0 -1.24238 0 0 0 0 -1.15892
837 838 0.182641 0 -1.27281 0 0 0 0 -1.09017
838 839 0.312728 0 -1.00046 0 0 0 0 -0.687732
839 840 0.0151003 0 -1.10887 0 0 0 0 -1.09377
840 841 0.0110097 0 -1.08994 0 0 0 0 -1.07893
841 842 0.000804107 0 -1.25285 0 0 0 0 -1.25204
842 843 0.183588 0 -1.20843 0 0 0 0 -1.02484
843 844 0.0349459 0 -1.11869 0 0 0 0 -1.08375
844 845 0.0120632 0 -0.905074 0 0 0 0 -0.893011
845 846 0.00638512 0 -1.1526 0 0 0 0 -1.14621
846 847 0.00489612 0 -1.33421 0 0 0 0 -1.32931
847 848 0.0151025 0 -1.1095 0 0 0 0 -1.0944
848 849 0.123086 0 -1.32669 0 0 0 0 -1.20361
849 850 0.0385297 0 -0 0 0 0 0 0.0385297
850 851 0.0019202 0 -1.04521 0 0 0 0 -1.04329
849 852 0 0 0 0 0 -8.20374e-06 -0 -8.20374e-06
848 852 0 0 0 0 0 -0.0202038 0 -0.0202038
851 852 0.0281351 0 -1.29239 0 0 0 0 -1.26425
849 853 0 0 0 0 0 -0.00414616 0 -0.00414616
848 853 0 0 0 0 0 -0.000636915 0 -0.000636915
847 853 0 0 0 0 0 -0.068997 0 -0.068997
852 853 0.067014 0 -1.09338 0 0 0 0 -1.02637
848 854 0 0 0 0 0 -0.051164 0 -0.051164
847 854 0 0 0 0 0 -0.00504198 -0 -0.00504198
846 854 0 0 0 0 -0 -0.162057 0 -0.162057
853 854 0.000841108 0 -1.18791 0 0 0 0 -1.18707
847 855 0 0 0 0 0 -0.00748816 0 -0.00748816
846 855 0 0 0 0 -0.590597 0 -0 -0.590597
845 855 0 0 0 0 -0 -0.179586 0 -0.179586
854 855 0.091939 0 -1.30865 0 0 0 0 -1.21671
846 856 0 0 0 0 -0 -0.173025 0 -0.173025
845 856 0 0 0 0 -0.773769 0 -0 -0.773769
844 856 0 0 0 0 -6.86609e-29 -0.178057 0 -0.178057
855 856 0.0179555 0 -1.29109 0 0 0 0 -1.27314
845 857 0 0 0 0 -0 -0.152994 -0 -0.152994
844 857 0 0 0 0 -0.837162 0 -0 -0.837162
843 857 0 0 0 0 0 -0.131927 0 -0.131927
856 857 0.0291057 0 -1.3275 0 0 0 0 -1.2984
842 858 0 0 0 0 0 -0.110551 0 -0.110551
844 858 0 0 0 0 0 -0.161002 0 -0.161002
843 858 0 0 0 0 -0.784368 0 -0 -0.784368
857 858 0.0906787 0 -1.29477 0 0 0 0 -1.20409
841 859 0 0 0 0 0 -0.0339073 0 -0.0339073
843 859 0 0 0 0 -0 -0.0547893 -0 -0.0547893
858 859 0.024147 0 -1.26694 0 0 0 0 -1.24279
842 860 0 0 0 0 0 -0.0986907 -0 -0.0986907
840 860 0 0 0 0 0 -0.139448 0 -0.139448
859 860 0.00157562 0 -0.846243 0 0 0 0 -0.844667
841 861 0 0 0 0 0 -0.0798328 -0 -0.0798328
840 861 0 0 0 0 -0.772511 0 -0 -0.772511
839 861 0 0 0 0 0 -0.143693 -0 -0.143693
860 861 0.0336202 0 -1.28927 0 0 0 0 -1.25564
840 862 0 0 0 0 0 -0.18869 0 -0.18869
839 862 0 0 0 0 -0.276342 0 -0 -0.276342
838 862 0 0 0 0 0 -0.104679 0 -0.104679
861 862 0.0390818 0 -1.14109 0 0 0 0 -1.102
863 864 0.0536378 0 -1.07938 0 0 0 0 -1.02575
864 865 0.0609577 0 -1.24994 0 0 0 0 -1.18898
865 866 0.0667004 0 -0.97885 0 0 0 0 -0.91215
866 867 0.00416127 0 -1.00754 0 0 0 0 -1.00338
867 868 0.139096 0 -1.10087 0 0 0 0 -0.961775
868 869 0.00377425 0 0 0 0 0 0 0.00377425
869 870 0.0110778 0 -0.890786 0 0 0 0 -0.879708
870 871 0.193353 0 -1.31647 0 0 0 0 -1.12312
871 872 0.275555 0 -0.821063 0 0 0 0 -0.545508
872 873 0.0053457 0 -1.18972 0 0 0 0 -1.18437
873 874 0.0969038 0 -1.11505 0 0 0 0 -1.01815
874 875 0.103423 0 -1.33912 0 0 0 0 -1.23569
875 876 0.00117472 0 0 0 0 0 0 0.00117472
876 877 0.108707 0 -1.33036 0 0 0 0 -1.22166
877 878 0.0704994 0 -1.17364 0 0 0 0 -1.10314
878 879 0.00382587 0 -1.24717 0 0 0 0 -1.24334
879 880 0.00172589 0 -0.888304 0 0 0 0 -0.886578
880 881 0.014283 0 -1.01313 0 0 0 0 -0.998843
881 882 0.0184638 0 0 0 0 0 0 0.0184638
882 883 0.000460433 0 -1.17862 0 0 0 0 -1.17816
883 884 0.000150133 0 -1.25939 0 0 0 0 -1.25924
881 885 0 0 0 0 0 -0.0761867 -0 -0.0761867
879 885 0 0 0 0 -0 -0.193706 0 -0.193706
884 885 0.00204953 0 -1.11238 0 0 0 0 -1.11033
880 886 0 0 0 0 0 -0.155963 0 -0.155963
879 886 0 0 0 0 -0.745259 0 -0 -0.745259
878 886 0 0 0 0 0 -0.190342 0 -0.190342
885 886 0.0786784 0 -1.28155 0 0 0 0 -1.20287
879 887 0 0 0 0 0 -0.204045 0 -0.204045
878 887 0 0 0 0 -0.808425 0 -0 -0.808425
877 887 0 0 0 0 -0 -0.195509 0 -0.195509
886 887 0.0110138 0 -1.05131 0 0 0 0 -1.04029
878 888 0 0 0 0 0 -0.184655 0 -0.184655
876 888 0 0 0 0 0 -0.0626035 -0 -0.0626035
887 888 0.00865312 0 -1.30993 0 0 0 0 -1.30127
877 889 0 0 0 0 0 -0.135548 0 -0.135548
876 889 0 0 0 0 0 -0.0010349 -0 -0.0010349
888 889 0.154456 0 -0.900639 0 0 0 0 -0.746182
876 890 0 0 0 0 0 -6.18233e-05 0 -6.18233e-05
889 890 0.116946 0 -1.01881 0 0 0 0 -0.901859
890 891 0.23532 0 -1.22248 0 0 0 0 -0.987163
891 892 0.00120356 0 -1.05257 0 0 0 0 -1.05137
892 893 0.00244738 0 -1.17299 0 0 0 0 -1.17054
893 894 0.00618729 0 -1.0529 0 0 0 0 -1.04672
894 895 0.00469808 0 -0.991211 0 0 0 0 -0.986513
895 896 0.102743 0 0 0 0 0 0 0.102743
896 897 0.0387502 0 -1.21639 0 0 0 0 -1.17764
897 898 0.0627818 0 -0.932867 0 0 0 0 -0.870085
898 899 0.000112099 0 -0.947654 0 0 0 0 -0.947542
899 900 0.0394047 0 -1.34423 0 0 0 0 -1.30482
900 901 0.0157936 0 -1.13443 0 0 0 0 -1.11864
901 902 0.160441 0 -1.02276 0 0 0 0 -0.862323
902 903 0.0030462 0 -1.1573 0 0 0 0 -1.15425
903 904 0.129192 0 -0.964705 0 0 0 0 -0.835513
904 905 0.131336 0 -1.21314 0 0 0 0 -1.0818
905 906 0.00106637 0 -1.26467 0 0 0 0 -1.2636
906 907 0.034693 0 -1.15657 0 0 0 0 -1.12188
907 908 0.043515 0 -1.01821 0 0 0 0 -0.9747
908 909 0.0695006 0 -0.973758 0 0 0 0 -0.904258
909 910 0.0616973 0 -1.15139 0 0 0 0 -1.0897
910 911 0.0595045 0 -1.26766 0 0 0 0 -1.20816
912 913 0.0832823 0 -1.10402 0 0 0 0 -1.02073
913 914 0.0186288 0 -0.945474 0 0 0 0 -0.926846
914 915 0.202525 0 -1.2536 0 0 0 0 -1.05108
915 916 0.00280185 0 -0 0 0 0 0 0.00280185
916 917 0.0656097 0 -1.33643 0 0 0 0 -1.27082
913 918 0 0 0 0 0 -0.0630103 -0 -0.0630103
917 918 0.000970053 0 -1.14867 0 0 0 0 -1.1477
914 919 0 0 0 0 -0 -0.128314 0 -0.128314
913 919 0 0 0 0 -0.750542 -6.38408e-21 -0 -0.750542
912 919 0 0 0 0 -0 -0.160955 0 -0.160955
918 919 0.0232725 0 -1.11861 0 0 0 0 -1.09534
913 920 0 0 0 0 0 -0.0210845 0 -0.0210845
912 920 0 0 0 0 0 -0.0041674 -0 -0.0041674
919 920 0.000475201 0 -1.26521 0 0 0 0 -1.26473
920 921 0.069468 0 -1.36438 0 0 0 0 -1.29491
921 922 0.0180788 0 -0.89628 0 0 0 0 -0.878202
922 923 0.00945675 0 -1.147 0 0 0 0 -1.13755
923 924 0.00941213 0 -1.12357 0 0 0 0 -1.11416
924 925 0.0192814 0 -1.07507 0 0 0 0 -1.05579
925 926 0.00344238 0 -1.36747 0 0 0 0 -1.36403
926 927 0.013672 0 -0 0 0 0 0 0.013672
927 928 3.19418e-05 0 -1.09776 0 0 0 0 -1.09772
928 929 0.00132075 0.00105578 -0.980844 0 0 0 0 -0.978467
929 930 0.0215072 0 0 0 0 0 0 0.0215072
930 931 0.0905788 0 -1.17164 0 0 0 0 -1.08106
931 932 0.0504986 0 -1.06741 0 0 0 0 -1.01691
932 933 0.00538465 0 -1.25335 0 0 0 0 -1.24797
933 934 0.001643 0 -1.00978 0 0 0 0 -1.00814
934 935 0.0106186 0 -1.33857 0 0 0 0 -1.32795
935 936 0.160028 0 -1.03491 0 0 0 0 -0.874884
936 937 0.0214946 0 -0 0 0 0 0 0.0214946
937 938 1.07064e-05 0 -1.30266 0 0 0 0 -1.30264
938 939 0.0918551 0 -0.926162 0 0 0 0 -0.834307
939 940 0.0767371 0 -1.26441 0 0 0 0 -1.18768
940 941 0.0022019 0 -0 0 0 0 0 0.0022019
941 942 0.0444281 0 -1.2618 0 0 0 0 -1.21738
942 943 0.000506944 0 -1.1672 0 0 0 0 -1.16669
943 944 0.0196231 0 -1.34788 0 0 0 0 -1.32826
944 945 0.0570748 0 -0.917736 0 0 0 0 -0.860661
945 946 0.067727 0 -1.14823 0 0 0 0 -1.0805
946 947 0.00791746 0 -1.18024 0 0 0 0 -1.17232
947 948 0.0140653 0 -0 0 0 0 0 0.0140653
948 949 0.127309 0 -1.32494 0 0 0 0 -1.19763
949 950 0.0779374 0 -1.25529 0 0 0 0 -1.17735
950 951 0.0290551 0 -1.09096 0 0 0 0 -1.06191
951 952 0.00990204 0 0 0 0 0 0 0.00990204
952 953 0.000966785 0 -1.29538 0 0 0 0 -1.29441
951 954 0 0 0 0 0 -2.83114e-07 -0 -2.83114e-07
950 954 0 0 0 0 0 -0.0356558 -0 -0.0356558
953 954 0.0323004 0 -1.07233 0 0 0 0 -1.04003
951 955 0 0 0 0 0 -0.109225 -0 -0.109225
949 955 0 0 0 0 0 -0.177316 -0 -0.177316
954 955 0.00110634 0 -1.30744 0 0 0 0 -1.30634
950 956 0 0 0 0 -0 -0.177739 -0 -0.177739
949 956 0 0 0 0 -0.735513 0 -0 -0.735513
948 956 0 0 0 0 -0 -0.0876936 0 -0.0876936
955 956 2.24012e-05 0 -1.3951 0 0 0 0 -1.39508
949 957 0 0 0 0 -0 -0.171679 0 -0.171679
948 957 0 0 0 0 -0.00949878 -0.000512238 -0 -0.010011
946 957 0 0 0 0 0 -0.011327 -0 -0.011327
945 957 0 0 0 0 0 -0.00136226 0 -0.00136226
956 957 0.0186574 0 -1.35116 0 0 0 0 -1.3325
946 958 0 0 0 0 0 -0.090628 0 -0.090628
945 958 0 0 0 0 -0.838047 0 -0 -0.838047
944 958 0 0 0 0 0 -0.111953 0 -0.111953
957 958 0.0179606 0 -0.856854 0 0 0 0 -0.838894
945 959 0 0 0 0 0 -0.15008 0 -0.15008
944 959 0 0 0 0 -0.814948 0 -0 -0.814948
943 959 0 0 0 0 -0 -0.170865 0 -0.170865
958 959 0.083509 0 -1.06242 0 0 0 0 -0.97891
942 960 0 0 0 0 0 -0.0939159 -0 -0.0939159
944 960 0 0 0 0 0 -0.122033 0 -0.122033
943 960 0 0 0 0 0 -0.000902298 -0 -0.000902298
959 960 0.172633 0 -1.26358 0 0 0 0 -1.09095
961 962 0.0418762 0 -0.936489 0 0 0 0 -0.894612
962 963 0.0415453 0 -1.26291 0 0 0 0 -1.22137
963 964 0.00135169 0 -1.12613 0 0 0 0 -1.12477
964 965 0.00686241 0 -1.21093 0 0 0 0 -1.20406
965 966 1.90552e-05 0 0 0 0 0 0 1.90552e-05
966 967 0.0196423 0 -1.0821 0 0 0 0 -1.06246
967 968 0.0508627 0 -1.24518 0 0 0 0 -1.19432
968 969 0.00223982 0 -1.31592 0 0 0 0 -1.31368
969 970 0.0484263 0 -1.16955 0 0 0 0 -1.12112
970 971 0.294643 0 -1.15207 0 0 0 0 -0.857426
971 972 0.0174844 0 -0.927565 0 0 0 0 -0.91008
972 973 0.064512 0 -1.16233 0 0 0 0 -1.09782
973 974 0.0446115 0 -1.14206 0 0 0 0 -1.09745
974 975 0.221832 0 -1.16272 0 0 0 0 -0.940889
975 976 0.0646931 0 -0.989964 0 0 0 0 -0.925271
976 977 0.00943123 0 0 0 0 0 0 0.00943123
977 978 0.0125642 0 -1.38199 0 0 0 0 -1.36942
978 979 0.0158435 0 -1.19029 0 0 0 0 -1.17444
979 980 0.0257107 0 -1.14319 0 0 0 0 -1.11748
980 981 0.00528188 0 -1.3886 0 0 0 0 -1.38332
981 982 0.0189098 0 -1.38002 0 0 0 0 -1.36111
980 983 0 0 0 0 0 -0.00169992 -0 -0.00169992
979 983 0 0 0 0 0 -0.124136 0 -0.124136
982 983 0.0728438 0 0 0 0 0 0 0.0728438
979 984 0 0 0 0 0 -1.93801e-06 -0 -1.93801e-06
978 984 0 0 0 0 0 -0.0382959 0 -0.0382959
983 984 0.0306213 0 -1.17117 0 0 0 0 -1.14055
979 985 0 0 0 0 -0 -0.182844 0 -0.182844
978 985 0 0 0 0 -0.790003 0 -0 -0.790003
977 985 0 0 0 0 0 -0.110954 0 -0.110954
984 985 2.38227e-05 0 -0.874785 0 0 0 0 -0.874761
978 986 0 0 0 0 0 -0.170608 0 -0.170608
977 986 0 0 0 0 0 -0.000205167 -0 -0.000205167
985 986 0.00010077 0 -1.26514 0 0 0 0 -1.26504
977 987 0 0 0 0 0 -0.0259233 0 -0.0259233
986 987 0.0076071 0 -1.20791 0 0 0 0 -1.2003
987 988 0.0570037 0 -1.30706 0 0 0 0 -1.25005
988 989 0.0521989 0 -1.30861 0 0 0 0 -1.25641
989 990 0.0664588 0 -1.38954 0 0 0 0 -1.32308
990 991 0.0931094 0 -1.34026 0 0 0 0 -1.24715
991 992 0.00978219 0 -1.17327 0 0 0 0 -1.16348
992 993 0.00838623 0 -1.36293 0 0 0 0 -1.35455
993 994 0.012223 0 -1.33808 0 0 0 0 -1.32586
994 995 0.00614847 0 -1.18278 0 0 0 0 -1.17663
995 996 0.00444662 0 -1.37635 0 0 0 0 -1.37191
996 997 0.0753723 0 -1.0753 0 0 0 0 -0.999929
997 998 0.0222461 0 0 0 0 0 0 0.0222461
998 999 0.0545963 0 -1.22034 0 0 0 0 -1.16574
999 1000 2.35258e-05 0 -1.23458 0 0 0 0 -1.23456
1000 1001 0.0606166 0 -1.36596 0 0 0 0 -1.30534
1001 1002 0.0433745 0 -1.17082 0 0 0 0 -1.12745
1001 1003 0 0 0 0 0 -1.11045e-08 0 -1.11045e-08
1002 1003 0.0173047 0 -1.1936 0 0 0 0 -1.17629
1003 1004 0.00715072 0 -0.942921 0 0 0 0 -0.93577
1004 1005 0.0263898 0 -0.284009 0 0 0 0 -0.257619
1005 1006 0.0443456 0 -0.794126 0 0 0 0 -0.749781
1006 1007 9.73459e-05 0 -1.27476 0 0 0 0 -1.27466
1007 1008 2.50448e-05 0 -1.30898 0 0 0 0 -1.30895
1008 1009 2.87846e-05 0 -1.36464 0 0 0 0 -1.36462
1010 1011 0.0121324 0 -1.04488 0 0 0 0 -1.03275
1011 1012 0.0183304 0 -1.35257 0 0 0 0 -1.33424
1012 1013 0.000248416 0 -1.0709 0 0 0 0 -1.07065
1012 1014 0 0 0 0 -0 -1.89497e-07 0 -1.89497e-07
1013 1014 0.0332971 0 -1.10361 0 0 0 0 -1.07032
1014 1015 0.203474 0 -1.11177 0 0 0 0 -0.908298
1015 1016 0.0392762 0 -1.35973 0 0 0 0 -1.32045
1016 1017 0.0636336 0 -1.22679 0 0 0 0 -1.16316
1017 1018 8.09994e-05 0 -1.09793 0 0 0 0 -1.09785
1018 1019 0.000811983 0 -1.18583 0 0 0 0 -1.18502
1019 1020 0.000239818 0 -1.29072 0 0 0 0 -1.29048
1020 1021 0.0261096 0 0 0 0 0 0 0.0261096
1021 1022 0.0797098 0 -1.16167 0 0 0 0 -1.08196
1022 1023 0.00124022 0 -1.27827 0 0 0 0 -1.27703
1023 1024 0.00671234 0 -1.09175 0 0 0 0 -1.08504
1024 1025 0.0621333 0 -1.40503 0 0 0 0 -1.34289
1025 1026 0.00240663 0 -1.23742 0 0 0 0 -1.23501
1023 1027 0 0 0 0 0 -0.0677339 0 -0.0677339
1026 1027 0.00597457 0 -0 0 0 0 0 0.00597457
1022 1028 0 0 0 0 -0 -0.0371066 0 -0.0371066
1024 1028 0 0 0 0 0 -0.000177089 -0 -0.000177089
1027 1028 0.0142197 0 -1.11715 0 0 0 0 -1.10293
1023 1029 0 0 0 0 0 -0.0932861 0 -0.0932861
1022 1029 0 0 0 0 -0.339284 0 -0 -0.339284
1028 1029 2.59336e-05 0 -1.12466 0 0 0 0 -1.12464
1022 1030 0 0 0 0 -0 -0.0126053 0 -0.0126053
1021 1030 0 0 0 0 0 -0.0109261 0 -0.0109261
1029 1030 0.212732 0 -1.24668 0 0 0 0 -1.03394
1030 1031 0.000118839 0 -1.28048 0 0 0 0 -1.28036
1031 1032 0.00818211 0 -1.0615 0 0 0 0 -1.05332
1032 1033 0.000707939 0 0 0 0 0 0 0.000707939
1033 1034 0.000160225 0 -1.23402 0 0 0 0 -1.23386
1034 1035 0.014933 0 -1.21121 0 0 0 0 -1.19628
1035 1036 0.0172922 0 -1.33866 0 0 0 0 -1.32137
1036 1037 0.126646 0 -0.819769 0 0 0 0 -0.693123
1037 1038 0.134766 0 -1.05655 0 0 0 0 -0.921781
1038 1039 0.00126407 0 -1.26638 0 0 0 0 -1.26511
1039 1040 0.000817435 0 -1.0601 0 0 0 0 -1.05928
1040 1041 0.041801 0 -1.16219 0 0 0 0 -1.12039
1041 1042 0.0522113 0 0 0 0 0 0 0.0522113
1042 1043 0.00261822 0 -1.38304 0 0 0 0 -1.38042
1043 1044 1.75874e-06 0 -1.16394 0 0 0 0 -1.16394
1044 1045 0.00635787 0 -1.03405 0 0 0 0 -1.02769
1045 1046 0.000297977 0 -1.28483 0 0 0 0 -1.28453
1046 1047 0.0081306 0 -1.05707 0 0 0 0 -1.04894
1047 1048 0.0140476 0 -1.10772 0 0 0 0 -1.09367
1048 1049 0.0482669 0 -0.948533 0 0 0 0 -0.900266
1049 1050 0.023197 0 -1.24871 0 0 0 0 -1.22551
1050 1051 0.0530355 0 -1.2014 0 0 0 0 -1.14837
1051 1052 0.0236995 0 -0.54456 0 0 0 0 -0.52086
1052 1053 0.000299193 0 -1.22035 0 0 0 0 -1.22005
1053 1054 0.00115705 0 -1.18818 0 0 0 0 -1.18702
1054 1055 0.00221103 0 -1.23536 0 0 0 0 -1.23315
1055 1056 0.0728262 0 -1.05632 0 0 0 0 -0.983492
1056 1057 0.0172559 0 -1.2825 0 0 0 0 -1.26525
1057 1058 0.0488429 0 -1.28033 0 0 0 0 -1.23149
1058 1059 0.000975232 0 -1.22735 0 0 0 0 -1.22637
1059 1060 0.00613274 0 0 0 0 0 0 0.00613274
1061 1062 0.000310335 0 -1.24792 0 0 0 0 -1.24761
1062 1063 0.0500104 0 -1.34294 0 0 0 0 -1.29293
1063 1064 0.00117423 0 -1.36033 0 0 0 0 -1.35915
1064 1065 0.199669 0 -1.36538 0 0 0 0 -1.16571
1065 1066 0.12624 0 -1.07327 0 0 0 0 -0.947028
1066 1067 0.117507 0 -1.14828 0 0 0 0 -1.03077
1067 1068 0.00225559 0 -1.02986 0 0 0 0 -1.0276
1068 1069 0.00234068 0 0 0 0 0 0 0.00234068
1069 1070 0.0899161 0 -1.25087 0 0 0 0 -1.16096
1070 1071 0.00826852 0 -1.12745 0 0 0 0 -1.11918
1071 1072 0.0150648 0 -1.06119 0 0 0 0 -1.04612
1072 1073 0.163336 0 0 0 0 0 0 0.163336
1073 1074 0.049792 0 -1.27531 0 0 0 0 -1.22552
1074 1075 0.306062 0 -1.3634 0 0 0 0 -1.05734
1075 1076 0.0636924 0 -1.32816 0 0 0 0 -1.26446
1076 1077 0.00279943 0 -1.25261 0 0 0 0 -1.24981
1077 1078 0.0508458 0 -0.423873 0 0 0 0 -0.373027
1078 1079 0.0360981 0 -0.946852 0 0 0 0 -0.910754
1079 1080 0.0428078 0 -1.38732 0 0 0 0 -1.34451
1080 1081 0.0458576 0 0 0 0 0 0 0.0458576
1081 1082 0.061485 0 -1.30052 0 0 0 0 -1.23904
1082 1083 0.00971981 0 -1.34978 0 0 0 0 -1.34006
1083 1084 0.0694727 0 -0.930818 0 0 0 0 -0.861345
1079 1085 0 0 0 0 -0.0244643 -2.54968e-05 0 -0.0244898
1084 1085 0.0174115 0 -1.09332 0 0 0 0 -1.07591
1085 1086 0.13166 0 -1.40818 0 0 0 0 -1.27652
1086 1087 0.00027419 0 -1.22062 0 0 0 0 -1.22034
1087 1088 0.00871997 0 -1.21846 0 0 0 0 -1.20974
1088 1089 0.234136 0 -1.28143 0 0 0 0 -1.04729
1089 1090 0.00891717 0 -1.35782 0 0 0 0 -1.34891
1090 1091 0.0107148 0 -1.3396 0 0 0 0 -1.32889
1091 1092 0.00541393 0 -1.32389 0 0 0 0 -1.31848
1092 1093 0.00148101 0 -1.20782 0 0 0 0 -1.20634
1093 1094 0.00554676 0 -1.27185 0 0 0 0 -1.26631
1094 1095 0.0105821 0 -1.41386 0 0 0 0 -1.40328
1095 1096 0.000860421 0 -1.3469 0 0 0 0 -1.34604
1096 1097 0.0108836 0 0 0 0 0 0 0.0108836
1097 1098 0.00128394 0 -1.31637 0 0 0 0 -1.31508
372 1099 0 0 0 0 0 -0.117143 -0 -0.117143
1098 1099 0.00513669 0 0 0 0 0 0 0.00513669
373 1100 0 0 0 0 0 -0.0969289 0 -0.0969289
372 1100 0 0 0 0 -0.805215 0 -0 -0.805215
371 1100 0 0 0 0 -0 -0.151438 0 -0.151438
1099 1100 0.0542045 0 -1.18525 0 0 0 0 -1.13104
370 1101 0 0 0 0 0 -0.160378 0 -0.160378
372 1101 0 0 0 0 0 -0.0899643 -0 -0.0899643
371 1101 0 0 0 0.0902279 0 0 -0 0.0902279
1100 1101 0.0401986 0 -1.20532 0 0 0 0 -1.16512
370 1102 0 0 0 0 -0.801426 0 -0 -0.801426
369 1102 0 0 0 0 0 -0.0541896 -0 -0.0541896
371 1102 0 0 0 0 -0 -0.114698 -0 -0.114698
1101 1102 8.15321e-05 0 -1.28306 0 0 0 0 -1.28298
370 1103 0 0 0 0 0 -0.144269 0 -0.144269
369 1103 0 0 0 0 -0.839614 0 -0 -0.839614
368 1103 0 0 0 0 0 -0.0778925 0 -0.0778925
1102 1103 0.00025868 0 -1.13385 0 0 0 0 -1.13359
369 1104 0 0 0 0 0 -0.154243 0 -0.154243
1103 1104 0.117025 0 -1.18399 0 0 0 0 -1.06696
1104 1105 0.000345074 0 0 0 0 0 0 0.000345074
1105 1106 0.00538889 0 0 0 0 0 0 0.00538889
1106 1107 0.0267507 0 -0 0 0 0 0 0.0267507
1107 1108 0.0563177 0 -1.38439 0 0 0 0 -1.32807
1105 1109 0 0 0 0 -0 -0.000119548 0 -0.000119548
1108 1109 0.229266 0 0 0 0 0 0 0.229266
1109 1110 0.0231621 0 -1.19689 0 0 0 0 -1.17373
1110 1111 0.0212349 0 0 0 0 0 0 0.0212349
1112 1113 0.0110291 0 -1.15998 0 0 0 0 -1.14895
1113 1114 0.00142545 0 0 0 0 0 0 0.00142545
1114 1115 0.00309038 0 -1.28398 0 0 0 0 -1.28089
1115 1116 0.000655876 0 -1.20439 0 0 0 0 -1.20373
1116 1117 0.096758 0 -1.16748 0 0 0 0 -1.07072
1117 1118 0.00022752 0 -1.32741 0 0 0 0 -1.32719
1118 1119 0.0148494 0 0 0 0 0 0 0.0148494
1119 1120 0.0446446 0 -0.998653 0 0 0 0 -0.954008
1120 1121 0.000382031 0 -1.038 0 0 0 0 -1.03762
1121 1122 0.0260373 0 -1.23297 0 0 0 0 -1.20693
1122 1123 0.0261879 0 -1.37105 0 0 0 0 -1.34486
1123 1124 0.0202246 0 -1.36535 0 0 0 0 -1.34513
1124 1125 0.000199323 0 -1.40382 0 0 0 0 -1.40362
1125 1126 0.00987926 0 -0 0 0 0 0 0.00987926
1126 1127 0.00334292 0 -1.16464 0 0 0 0 -1.1613
1127 1128 0.00594735 0 -1.33802 0 0 0 0 -1.33207
1128 1129 0.0163574 0 -1.33566 0 0 0 0 -1.31931
1129 1130 0.0875351 0 -1.07506 0 0 0 0 -0.987526
1130 1131 0.0698907 0 -1.35588 0 0 0 0 -1.28599
1131 1132 0.0519818 0 -1.21425 0 0 0 0 -1.16227
1132 1133 0.000952217 0 -1.20941 0 0 0 0 -1.20845
1133 1134 0.0148887 0 -1.14621 0 0 0 0 -1.13132
1134 1135 0.158489 0 -0.935198 0 0 0 0 -0.776709
1135 1136 0.000152372 0 -1.30062 0 0 0 0 -1.30047
1136 1137 0.000183136 0 -1.12908 0 0 0 0 -1.1289
1137 1138 0.0007945 0 -1.17855 0 0 0 0 -1.17775
1138 1139 0.0208855 0 -1.40057 0 0 0 0 -1.37968
1139 1140 0.00147015 0 -1.25534 0 0 0 0 -1.25387
1140 1141 0.142722 0 -1.12503 0 0 0 0 -0.982304
1141 1142 0.00349877 0 -1.35416 0 0 0 0 -1.35066
1142 1143 0.00177333 0 -1.30231 0 0 0 0 -1.30054
1143 1144 0.0104246 0 -1.06947 0 0 0 0 -1.05905
1144 1145 0.0380133 0 -1.35046 0 0 0 0 -1.31244
1145 1146 0.000482581 0 -1.08893 0 0 0 0 -1.08845
1146 1147 0.0104561 0 -0.713803 0 0 0 0 -0.703347
1147 1148 0.0132356 0 -1.20636 0 0 0 0 -1.19312
1148 1149 0.254169 0 -1.26848 0 0 0 0 -1.01431
1149 1150 0.0618438 0 -1.26724 0 0 0 0 -1.20539
1150 1151 0.116323 0 -1.1095 0 0 0 0 -0.993178
1151 1152 0.0725226 0 -1.37262 0 0 0 0 -1.30009
1152 1153 0.0346467 0 0 0 0 0 0 0.0346467
1153 1154 0.124479 0 0 0 0 0 0 0.124479
1154 1155 0.0497208 0 -0.942237 0 0 0 0 -0.892516
1155 1156 0.0111455 0 -1.2735 0 0 0 0 -1.26235
1156 1157 0.0689137 0 -1.29635 0 0 0 0 -1.22744
1157 1158 0.0485203 0 -0.986347 0 0 0 0 -0.937827
1158 1159 0.0499098 0 -1.02705 0 0 0 0 -0.977139
1159 1160 0.0283095 0 -1.17626 0 0 0 0 -1.14795
1160 1161 0.00704814 0 0 0 0 0 0 0.00704814
1161 1162 0.118278 0 -1.32943 0 0 0 0 -1.21115
1163 1164 0.0328687 0 -0.758227 0 0 0 0 -0.725358
1164 1165 0.10511 0 -0.640199 0 0 0 0 -0.535088
1165 1166 0.000622763 0 -1.30418 0 0 0 0 -1.30355
1166 1167 3.91524e-06 0 -1.22117 0 0 0 0 -1.22117
1167 1168 0.0180627 0 -1.15974 0 0 0 0 -1.14168
1168 1169 0.000839531 0 -1.30108 0 0 0 0 -1.30024
1169 1170 0.00144497 0 -1.22673 0 0 0 0 -1.22528
1170 1171 0.313788 0 -1.21747 0 0 0 0 -0.903686
1171 1172 0.0660639 0 -1.32947 0 0 0 0 -1.26341
1172 1173 0.00598615 0 -1.03464 0 0 0 0 -1.02865
1173 1174 0.0205478 0 -1.08487 0 0 0 0 -1.06432
1174 1175 0.0240623 0 -0.25509 0 0 0 0 -0.231027
1175 1176 0.189186 0 -1.34197 0 0 0 0 -1.15279
1176 1177 0.0109502 0 -1.26073 0 0 0 0 -1.24978
1177 1178 0.0904194 0 -1.21796 0 0 0 0 -1.12754
1178 1179 0.0328502 0 -1.34225 0 0 0 0 -1.3094
1179 1180 0.0616738 0 -1.30907 0 0 0 0 -1.2474
1180 1181 0.0168145 0 -1.30306 0 0 0 0 -1.28625
1181 1182 2.99536e-07 0 -1.22409 0 0 0 0 -1.22409
1182 1183 0.00595472 0 -1.07893 0 0 0 0 -1.07298
1183 1184 0.00907436 0 -1.07944 0 0 0 0 -1.07037
1184 1185 0.0107013 0 -0.984579 0 0 0 0 -0.973878
1185 1186 0.000796731 0 -1.24518 0 0 0 0 -1.24439
1186 1187 0.125608 0 0 0 0 0 0 0.125608
1187 1188 0.0545569 0 -1.34146 0 0 0 0 -1.2869
1188 1189 0.0400319 0 -1.14977 0 0 0 0 -1.10974
1189 1190 0.00084871 0 -1.39221 0 0 0 0 -1.39136
1190 1191 0.0420769 0 -1.02417 0 0 0 0 -0.982092
1191 1192 0.0312041 0 -1.29391 0 0 0 0 -1.2627
1192 1193 0.0152444 0 -1.19116 0 0 0 0 -1.17591
1193 1194 0.00222816 0 -1.13427 0 0 0 0 -1.13204
1194 1195 0.0165192 0 -1.39126 0 0 0 0 -1.37474
1195 1196 0.00354331 0 -1.14071 0 0 0 0 -1.13717
1196 1197 0.115684 0 -1.16408 0 0 0 0 -1.04839
1197 1198 0.0822535 0 -0.688019 0 0 0 0 -0.605765
1198 1199 0.00821134 0 -1.15707 0 0 0 0 -1.14886
1199 1200 0.025117 0 -1.29254 0 0 0 0 -1.26743
1200 1201 0.000575824 0 -1.25034 0 0 0 0 -1.24977
1201 1202 0.0763687 0 -1.19507 0 0 0 0 -1.1187
1202 1203 0.0716335 0 -1.32722 0 0 0 0 -1.25558
1203 1204 0.044544 0 -1.24977 0 0 0 0 -1.20523
1204 1205 0.0258398 0 -0.949171 0 0 0 0 -0.923331
1205 1206 0.0466211 0 -1.20335 0 0 0 0 -1.15673
1206 1207 0.418183 0 -1.1375 0 0 0 0 -0.719322
1207 1208 0.0129791 0 -0.734712 0 0 0 0 -0.721733
1208 1209 0.00375705 0 -1.21968 0 0 0 0 -1.21593
1209 1210 0.00980653 0 -0.995076 0 0 0 0 -0.98527
1210 1211 0.0402311 0 -1.19436 0 0 0 0 -1.15413
1211 1212 0.100121 0 -0.755354 0 0 0 0 -0.655233
1212 1213 0.153798 0 -1.15216 0 0 0 0 -0.998358
1214 1215 0.0953628 0 -1.28037 0 0 0 0 -1.18501
1215 1216 0.00886184 0 0 0 0 0 0 0.00886184
1216 1217 0.102901 0 -1.16254 0 0 0 0 -1.05963
1217 1218 0.0430703 0 -1.13412 0 0 0 0 -1.09105
1218 1219 0.0369518 0 -1.32247 0 0 0 0 -1.28552
1219 1220 0.016446 0 -1.16796 0 0 0 0 -1.15152
1220 1221 0.0302053 0 -0.7826 0 0 0 0 -0.752394
1221 1222 0.000123072 0 -0 0 0 0 0 0.000123072
1222 1223 0.00545715 0 -1.23533 0 0 0 0 -1.22987
1223 1224 0.0450132 0 -1.27827 0 0 0 0 -1.23325
1224 1225 0.0447323 0 -1.10296 0 0 0 0 -1.05823
1225 1226 0.000260083 0 -1.17231 0 0 0 0 -1.17205
1226 1227 0.0799157 0 -1.34164 0 0 0 0 -1.26172
1227 1228 0.00289285 0 -1.02701 0 0 0 0 -1.02412
1228 1229 0.000349759 0 0 0 0 0 0 0.000349759
1229 1230 0.00203811 0 -1.31718 0 0 0 0 -1.31515
1230 1231 5.13225e-06 0 -1.3613 0 0 0 0 -1.3613
1231 1232 0.0540349 0 0 0 0 0 0 0.0540349
1232 1233 0.101964 0 -1.06021 0 0 0 0 -0.958244
1233 1234 0.12412 0 -0.832055 0 0 0 0 -0.707935
1234 1235 0.101309 0 -1.28985 0 0 0 0 -1.18854
1235 1236 0.171671 0 -1.17159 0 0 0 0 -0.999917
1236 1237 0.000146082 0 -1.17496 0 0 0 0 -1.17482
1237 1238 0.0604156 0 -1.25724 0 0 0 0 -1.19682
1238 1239 0.0138342 0 -1.23797 0 0 0 0 -1.22413
1239 1240 0.139153 0 -1.08238 0 0 0 0 -0.943231
1240 1241 0.00635273 0 -0.630616 0 0 0 0 -0.624263
1241 1242 0.0250908 0 -0.921887 0 0 0 0 -0.896796
1242 1243 0.0684802 0 -1.0504 0 0 0 0 -0.981921
1243 1244 4.74991e-05 0 -1.11145 0 0 0 0 -1.1114
1244 1245 0.0476616 0 -1.32429 0 0 0 0 -1.27663
1245 1246 0.271554 0 -1.2449 0 0 0 0 -0.973344
1246 1247 0.0710734 0 -1.28197 0 0 0 0 -1.2109
1247 1248 0.0513736 0 -1.03403 0 0 0 0 -0.982659
1248 1249 0.288936 0 -1.35113 0 0 0 0 -1.06219
1249 1250 0.0131701 0 -0 0 0 0 0 0.0131701
1250 1251 0.00393655 0 -1.09992 0 0 0 0 -1.09598
1251 1252 0.0719327 0 -1.1742 0 0 0 0 -1.10227
1252 1253 0.0467005 0 -1.25594 0 0 0 0 -1.20924
1253 1254 0.137845 0 -1.3938 0 0 0 0 -1.25596
1254 1255 0.00581376 0 -1.16893 0 0 0 0 -1.16312
1252 1256 0 0 0 0 0 -0.109179 0 -0.109179
1255 1256 0.105648 0 -0 0 0 0 0 0.105648
1253 1257 0 0 0 0 0 -0.053325 0 -0.053325
1252 1257 0 0 0 0 -0.37045 -2.94688e-17 -0 -0.37045
1251 1257 0 0 0 0 0 -0.103865 0 -0.103865
1249 1257 0 0 0 0 -0 -0.101718 -0 -0.101718
1256 1257 0.0191719 0 -1.39007 0 0 0 0 -1.3709
1252 1258 0 0 0 0 0 -0.14581 0 -0.14581
1251 1258 0 0 0 0 -0.691279 0 -0 -0.691279
1250 1258 0 0 0 0 0 -0.153067 0 -0.153067
1249 1258 0 0 0 0 0 -0.000267373 -0 -0.000267373
1248 1258 0 0 0 0 -0 -0.0685643 0 -0.0685643
1257 1258 0.00499372 0 -1.03209 0 0 0 0 -1.0271
1251 1259 0 0 0 0 -0 -0.0461496 0 -0.0461496
1249 1259 0 0 0 0 0 -0.140473 0 -0.140473
1248 1259 0 0 0 0 -0.788368 0 -0 -0.788368
1247 1259 0 0 0 0 0 -0.0707804 0 -0.0707804
1258 1259 0.151652 0 -1.39129 0 0 0 0 -1.23964
1248 1260 0 0 0 0 0 -0.0720988 -0 -0.0720988
1247 1260 0 0 0 0 -0.570573 0 -0 -0.570573
1246 1260 0 0 0 0 0 -0.118273 0 -0.118273
1259 1260 0.0310383 0 -1.26793 0 0 0 0 -1.23689
1247 1261 0 0 0 0 0 -0.133821 0 -0.133821
1246 1261 0 0 0 0 -0.772959 0 -0 -0.772959
1245 1261 0 0 0 0 -8.10981e-29 -0.161685 -0 -0.161685
1260 1261 0.0454605 0 -0.702511 0 0 0 0 -0.65705
1246 1262 0 0 0 0 -0 -0.147723 -0 -0.147723
1245 1262 0 0 0 0 -0.645352 0 -0 -0.645352
1244 1262 0 0 0 0 -0 -0.174329 0 -0.174329
1261 1262 0.00295707 0 -1.23764 0 0 0 0 -1.23469
1245 1263 0 0 0 0 0 -0.199044 0 -0.199044
1244 1263 0 0 0 0 0 -6.35814e-05 -0 -6.35814e-05
1243 1263 0 0 0 0 0 -0.00494232 0 -0.00494232
1262 1263 8.25855e-08 0 -0.943756 0 0 0 0 -0.943756
1263 1264 0.0242947 0 0 0 0 0 0 0.0242947
1265 1266 0.0226279 0 -1.26065 0 0 0 0 -1.23802
1266 1267 0.0880621 0 -0.910509 0 0 0 0 -0.822447
1267 1268 0.0123054 0 -0.816013 0 0 0 0 -0.803707
1268 1269 0.0548496 0 -1.22359 0 0 0 0 -1.16874
1269 1270 0.00926024 0 -1.13064 0 0 0 0 -1.12138
1270 1271 0.0006144 0 -1.07394 0 0 0 0 -1.07332
1271 1272 0.131426 0 -1.13593 0 0 0 0 -1.0045
1272 1273 0.0830019 0 -1.21975 0 0 0 0 -1.13675
1273 1274 0.00777468 0 -1.06466 0 0 0 0 -1.05688
1274 1275 0.0079285 0 -1.12368 0 0 0 0 -1.11576
1275 1276 0.388482 0 -1.25147 0 0 0 0 -0.862985
1273 1277 0 0 0 0 0 -0.0875277 0 -0.0875277
1276 1277 1.06443e-05 0 0 0 0 0 0 1.06443e-05
1274 1278 0 0 0 0 0 -0.0171954 -0 -0.0171954
1272 1278 0 0 0 0 -0 -0.187826 0 -0.187826
1277 1278 0.0833145 0 -1.20595 0 0 0 0 -1.12263
1271 1279 0 0 0 0 0 -0.163928 0 -0.163928
1273 1279 0 0 0 0 0 -0.142427 0 -0.142427
1272 1279 0 0 0 0 -0.627266 -1.28994e-26 -0 -0.627266
1278 1279 0.0587902 0 -1.1884 0 0 0 0 -1.12961
1270 1280 0 0 0 0 0 -0.0984851 -0 -0.0984851
1272 1280 0 0 0 0 -0 -0.114406 0 -0.114406
1279 1280 0.00738625 0 -1.221 0 0 0 0 -1.21361
1271 1281 0 0 0 0 -0 -0.0968066 0 -0.0968066
1270 1281 0 0 0 0 -0.659691 0 -0 -0.659691
1269 1281 0 0 0 0 0 -0.124482 -0 -0.124482
1280 1281 0.116079 0 -1.16884 0 0 0 0 -1.05276
1270 1282 0 0 0 0 -0 -0.0706381 0 -0.0706381
1268 1282 0 0 0 0 0 -0.0599196 0 -0.0599196
1281 1282 0.000500997 0 -1.09285 0 0 0 0 -1.09235
1267 1283 0 0 0 0 0 -0.0281333 -0 -0.0281333
1269 1283 0 0 0 0 0 -0.100358 -0 -0.100358
1282 1283 0.0218284 0 -1.13217 0 0 0 0 -1.11034
1267 1284 0 0 0 0 0 -1.54074e-15 -0 -1.54074e-15
1266 1284 0 0 0 0 0 -0.021849 0 -0.021849
1268 1284 0 0 0 0 0 -0.0432666 0 -0.0432666
1283 1284 0.011936 0 -1.30252 0 0 0 0 -1.29058
1267 1285 0 0 0 0 -0 -0.178492 0 -0.178492
1266 1285 0 0 0 0 -0.737584 0 -0 -0.737584
1265 1285 0 0 0 0 -0 -0.180671 0 -0.180671
1284 1285 0.0041519 0 -0.629115 0 0 0 0 -0.624963
1266 1286 0 0 0 0 0 -0.0686725 -0 -0.0686725
1285 1286 0.000527776 0 -1.16793 0 0 0 0 -1.1674
1265 1287 0 0 0 0 0 -0.0932207 -0 -0.0932207
1286 1287 0.022241 0 -1.0125 0 0 0 0 -0.990259
1287 1288 0.0937181 0 -0.770043 0 0 0 0 -0.676325
1288 1289 0.00382256 0 -0.820234 0 0 0 0 -0.816412
1289 1290 1.99748e-05 0 -1.1345 0 0 0 0 -1.13448
1290 1291 0.109242 0 -1.29782 0 0 0 0 -1.18858
1291 1292 0.0558788 0 -1.31449 0 0 0 0 -1.25861
1292 1293 0.0710472 0 -1.15568 0 0 0 0 -1.08464
1293 1294 0.00539885 0 -1.21061 0 0 0 0 -1.20521
1294 1295 0.0118175 0 0 0 0 0 0 0.0118175
1295 1296 0.000438251 0 -0.774538 0 0 0 0 -0.7741
1296 1297 0.00802719 0 -1.20092 0 0 0 0 -1.19289
1297 1298 0.00362042 0 -1.16012 0 0 0 0 -1.15649
1298 1299 0.0106777 0 -1.16067 0 0 0 0 -1.14999
1299 1300 0.000999134 0 -1.27704 0 0 0 0 -1.27605
1300 1301 0.0013205 0 -1.30483 0 0 0 0 -1.30351
1301 1302 0.0403303 0 -0.926483 0 0 0 0 -0.886153
1302 1303 0.011357 0 -1.31995 0 0 0 0 -1.30859
1303 1304 0.0340804 0 -1.4241 0 0 0 0 -1.39002
1304 1305 0.00220397 0 -1.21381 0 0 0 0 -1.2116
1305 1306 0.015322 0 -1.25097 0 0 0 0 -1.23564
1306 1307 0.0458757 0 -1.24914 0 0 0 0 -1.20326
1307 1308 0.00893941 0 -1.20717 0 0 0 0 -1.19823
1308 1309 0.108638 0 -1.22775 0 0 0 0 -1.11911
1309 1310 0.227577 0 -0.943179 0 0 0 0 -0.715603
1310 1311 0.154734 0 -1.09728 0 0 0 0 -0.942541
1311 1312 0.00836757 0 -1.32255 0 0 0 0 -1.31418
1312 1313 0.0711653 0 -1.03353 0 0 0 0 -0.962362
1313 1314 0.00297403 0 -1.26034 0 0 0 0 -1.25737
1314 1315 0.0356985 0 -1.1404 0 0 0 0 -1.10471
1316 1317 0.0478223 0 -1.33931 0 0 0 0 -1.29149
1317 1318 0.0844151 0 -1.39492 0 0 0 0 -1.3105
1318 1319 0.00283731 0 -1.20842 0 0 0 0 -1.20558
1319 1320 0.152032 0 -1.34431 0 0 0 0 -1.19227
1320 1321 0.00894084 0 0 0 0 0 0 0.00894084
1321 1322 0.0310028 0 -1.21657 0 0 0 0 -1.18556
1322 1323 0.00124904 0 -1.33062 0 0 0 0 -1.32937
1323 1324 0.0115422 0 -1.23887 0 0 0 0 -1.22733
1324 1325 0.0123936 0 -0.925676 0 0 0 0 -0.913283
1325 1326 0.0665823 0 -0.84818 0 0 0 0 -0.781597
1326 1327 0.00197733 0 -1.22717 0 0 0 0 -1.2252
1327 1328 0.0149154 0 -1.11449 0 0 0 0 -1.09957
1328 1329 0.000596817 0 -1.25484 0 0 0 0 -1.25424
1329 1330 0.00455462 0 -1.09329 0 0 0 0 -1.08873
1330 1331 0.228916 0 -1.34241 0 0 0 0 -1.11349
1331 1332 0.0364761 0 -1.21935 0 0 0 0 -1.18288
1332 1333 0.00924721 0 -1.17333 0 0 0 0 -1.16409
1333 1334 0.0138355 0 -0.842285 0 0 0 0 -0.82845
1334 1335 0.000417035 0 -1.17074 0 0 0 0 -1.17032
1335 1336 0.0810325 0 -0.813787 0 0 0 0 -0.732754
1336 1337 0.244916 0 0 0 0 0 0 0.244916
1337 1338 0.013841 0 -0.998715 0 0 0 0 -0.984874
1333 1339 0 0 0 0 -0 -1.49729e-05 0 -1.49729e-05
1338 1339 0.161567 0 -1.28678 0 0 0 0 -1.12521
1333 1340 0 0 0 0 -0.752566 0 -0 -0.752566
1332 1340 0 0 0 0 -0 -0.0906589 -0 -0.0906589
1339 1340 0.0106993 0 -1.25 0 0 0 0 -1.2393
1333 1341 0 0 0 0 -0 -0.19891 0 -0.19891
1331 1341 0 0 0 0 0 -0.141493 0 -0.141493
1332 1341 0 0 0 0 -0.885296 0 -0 -0.885296
1340 1341 0.00341309 0 -0.967293 0 0 0 0 -0.96388
1331 1342 0 0 0 0 -0.670927 -1.31703e-18 -0 -0.670927
1330 1342 0 0 0 0 -0 -0.100355 0 -0.100355
1332 1342 0 0 0 0 0 -0.170632 0 -0.170632
1341 1342 0.00245327 0 -1.09754 0 0 0 0 -1.09509
1331 1343 0 0 0 0 0 -0.0743102 0 -0.0743102
1330 1343 0 0 0 0 0 -0.000264586 -0 -0.000264586
1329 1343 0 0 0 0 0 -0.156474 -0 -0.156474
1342 1343 0.046723 0 -0.981022 0 0 0 0 -0.934299
1343 1344 0.0192663 0 0 0 0 0 0 0.0192663
1344 1345 0.0352857 0 -1.10133 0 0 0 0 -1.06605
1345 1346 0.087273 0 -1.41681 0 0 0 0 -1.32953
1346 1347 0.00302737 0 -1.32324 0 0 0 0 -1.32022
1347 1348 0.00903895 0 -1.36842 0 0 0 0 -1.35938
1346 1349 0 0 0 0 0 -0.000878518 0 -0.000878518
1348 1349 9.57849e-06 0 0 0 0 0 0 9.57849e-06
1346 1350 0 0 0 0 0 -0.163815 0 -0.163815
1345 1350 0 0 0 0 -0.26641 -0.000164147 -0 -0.266574
1344 1350 0 0 0 0 -0 -0.00721433 0 -0.00721433
1349 1350 0.0162988 0 -1.17734 0 0 0 0 -1.16104
1345 1351 0 0 0 0 0 -0.0248519 0 -0.0248519
1344 1351 0 0 0 0 0 -0.0271399 -0 -0.0271399
1350 1351 0.113928 0 -0.992849 0 0 0 0 -0.87892
1344 1352 0 0 0 0 0 -0.0515476 -0 -0.0515476
1351 1352 0.0103161 0 -1.27379 0 0 0 0 -1.26347
1352 1353 0.000757811 0 -1.2328 0 0 0 0 -1.23204
1353 1354 0.00190108 0 -1.15684 0 0 0 0 -1.15494
1354 1355 0.0807112 0 -1.14872 0 0 0 0 -1.06801
1355 1356 0.0174496 0 -1.29951 0 0 0 0 -1.28206
1356 1357 0.0328986 0 -1.02199 0 0 0 0 -0.989086
1357 1358 0.0543827 0 -1.17625 0 0 0 0 -1.12186
1358 1359 1.02242e-05 0 -1.13278 0 0 0 0 -1.13277
1359 1360 0.00877482 0 -1.08152 0 0 0 0 -1.07275
1360 1361 0.0502055 0 -0.771802 0 0 0 0 -0.721597
1361 1362 0.000319661 0 -0.940867 0 0 0 0 -0.940548
1362 1363 0.00363628 0 -1.09704 0 0 0 0 -1.0934
1363 1364 0.116986 0 -0.808642 0 0 0 0 -0.691656
1364 1365 0.00229124 0 -1.16613 0 0 0 0 -1.16384
1365 1366 0.2842 0 0 0 0 0 0 0.2842
1367 1368 0.101675 0 -1.33581 0 0 0 0 -1.23413
1368 1369 0.102333 0 -1.27173 0 0 0 0 -1.16939
1369 1370 0.0498238 0 0 0 0 0 0 0.0498238
1370 1371 0.00774939 0 0 0 0 0 0 0.00774939
1371 1372 0.0110286 0 -1.22313 0 0 0 0 -1.21211
1372 1373 7.77099e-09 0 -1.25303 0 0 0 0 -1.25303
1373 1374 0.00657089 0 -0.937144 0 0 0 0 -0.930574
1374 1375 7.65471e-05 0 -1.261 0 0 0 0 -1.26092
1375 1376 0.0017679 0 -1.31999 0 0 0 0 -1.31822
1376 1377 0.0140214 0 -1.32037 0 0 0 0 -1.30635
1377 1378 0.103495 0 -1.14879 0 0 0 0 -1.0453
976 1379 0 0 0 0 -0.360208 0 -0 -0.360208
975 1379 0 0 0 0 -0 -0.0375076 -0 -0.0375076
1378 1379 0.111668 0 0 0 0 0 0 0.111668
976 1380 0 0 0 0 0 -0.16492 0 -0.16492
974 1380 0 0 0 0 0 -0.0241262 0 -0.0241262
1379 1380 0.00600809 0 -0.963374 0 0 0 0 -0.957366
975 1381 0 0 0 0 0 -0.013396 -0 -0.013396
973 1381 0 0 0 0 -0 -0.106282 0 -0.106282
1380 1381 0.0228088 0 -0.718204 0 0 0 0 -0.695395
974 1382 0 0 0 0 0 -0.0671198 -0 -0.0671198
973 1382 0 0 0 0 -0.785128 0 -0 -0.785128
972 1382 0 0 0 0 0 -0.178363 0 -0.178363
1381 1382 0.00264779 0 -1.3393 0 0 0 0 -1.33665
973 1383 0 0 0 0 0 -0.164111 0 -0.164111
972 1383 0 0 0 0 -0.882924 0 -0 -0.882924
971 1383 0 0 0 0 -2.7867e-28 -0.167527 0 -0.167527
1382 1383 0.0514906 0 -1.21683 0 0 0 0 -1.16534
970 1384 0 0 0 0 0 -0.101746 0 -0.101746
972 1384 0 0 0 0 -0 -0.0339387 -0 -0.0339387
971 1384 0 0 0 0 -0.779892 0 -0 -0.779892
1383 1384 0.00523265 0 -1.17221 0 0 0 0 -1.16697
969 1385 0 0 0 0 -0 -0.0157733 -0 -0.0157733
971 1385 0 0 0 0 0 -0.165766 0 -0.165766
1384 1385 0.000798132 0 -1.40035 0 0 0 0 -1.39955
969 1386 0 0 0 0 -0 -0.0319049 -0 -0.0319049
1385 1386 0.0189378 0 -0.971395 0 0 0 0 -0.952458
1386 1387 0.00445741 0 0 0 0 0 0 0.00445741
1387 1388 0.0365348 0 -1.2365 0 0 0 0 -1.19997
1388 1389 0.155716 0 -0.981162 0 0 0 0 -0.825446
1389 1390 0.0504472 0 -1.21058 0 0 0 0 -1.16013
1390 1391 0.000417326 0 0 0 0 0 0 0.000417326
1391 1392 3.68993e-06 0 -0.937572 0 0 0 0 -0.937568
1392 1393 0.0216766 0 -1.13682 0 0 0 0 -1.11514
1393 1394 0.012612 0 -1.27911 0 0 0 0 -1.2665
1394 1395 0.0313277 0 -0.99407 0 0 0 0 -0.962742
1395 1396 0.0148723 0 -1.27852 0 0 0 0 -1.26365
1396 1397 0.0304737 0 -1.39115 0 0 0 0 -1.36068
1397 1398 0.0331359 0 -1.416 0 0 0 0 -1.38287
1398 1399 0.00088298 0 -1.32661 0 0 0 0 -1.32573
1399 1400 0.0128987 0 -1.30675 0 0 0 0 -1.29385
1400 1401 0.266329 0 -1.28438 0 0 0 0 -1.01805
1401 1402 0.00201123 0 -1.25194 0 0 0 0 -1.24993
1402 1403 0.00316335 0 -1.14101 0 0 0 0 -1.13784
1403 1404 0.0063217 0 -1.32364 0 0 0 0 -1.31731
1404 1405 0.0157127 0 -1.23817 0 0 0 0 -1.22246
1405 1406 0.00328643 0 -1.13688 0 0 0 0 -1.13359
1406 1407 0.0535672 0 -1.33947 0 0 0 0 -1.2859
1407 1408 0.0267141 0 -1.24431 0 0 0 0 -1.2176
1408 1409 0.0372775 0 -1.34968 0 0 0 0 -1.3124
1409 1410 0.00994003 0 -1.04872 0 0 0 0 -1.03878
1410 1411 0.154429 0 -1.18229 0 0 0 0 -1.02786
1411 1412 0.0281244 0 -0.945394 0 0 0 0 -0.91727
1412 1413 0.181872 0 0 0 0 0 0 0.181872
1413 1414 6.46295e-06 0 0 0 0 0 0 6.46295e-06
1414 1415 0.00100514 0 -1.29301 0 0 0 0 -1.29201
1415 1416 0.00186442 0 -1.05887 0 0 0 0 -1.057
1416 1417 1.11325e-06 0 0 0 0 0 0 1.11325e-06
1418 1419 5.13608e-07 0 -1.02829 0 0 0 0 -1.02829
1419 1420 0.0489567 0 -0.74424 0 0 0 0 -0.695283
1420 1421 0.256558 0 0 0 0 0 0 0.256558
1421 1422 0.00493143 0 -1.38661 0 0 0 0 -1.38168
1422 1423 0.0306348 0 -1.16971 0 0 0 0 -1.13908
1423 1424 0.0310417 0 -1.28982 0 0 0 0 -1.25877
1424 1425 0.0421691 0 -1.16667 0 0 0 0 -1.12451
1425 1426 0.000935537 0 -1.09369 0 0 0 0 -1.09276
356 1427 0 0 0 0 0 -0.0744692 0 -0.0744692
1426 1427 0.151528 0 -0.975409 0 0 0 0 -0.823881
356 1428 0 0 0 0 -0.292145 0 -0 -0.292145
355 1428 0 0 0 0 -0 -0.0576543 -0 -0.0576543
1427 1428 0.0126673 0 -1.30719 0 0 0 0 -1.29452
356 1429 0 0 0 0 -0 -0.0941021 0 -0.0941021
355 1429 0 0 0 0 -0.755782 0 -0 -0.755782
354 1429 0 0 0 0 0 -0.0840243 0 -0.0840243
1428 1429 0.000197179 0 -1.21616 0 0 0 0 -1.21596
355 1430 0 0 0 0 0 -0.0714934 -0 -0.0714934
354 1430 0 0 0 0 -0.732212 0 -0 -0.732212
353 1430 0 0 0 0 0 -0.161301 0 -0.161301
1429 1430 0.0574418 0 -1.17236 0 0 0 0 -1.11491
354 1431 0 0 0 0 0 -0.0571538 -0 -0.0571538
353 1431 0 0 0 0 -0.766091 0 -0 -0.766091
352 1431 0 0 0 0 -0 -0.139399 -0 -0.139399
1430 1431 0.0410509 0 -1.28883 0 0 0 0 -1.24778
353 1432 0 0 0 0 -0 -0.111042 0 -0.111042
352 1432 0 0 0 0 -0.643919 0 -0 -0.643919
351 1432 0 0 0 0 0 -0.00870641 0 -0.00870641
1431 1432 0.0057338 0 -1.1702 0 0 0 0 -1.16447
1432 1433 0.130413 0 -1.12717 0 0 0 0 -0.996758
1433 1434 0.00123159 0 -1.37283 0 0 0 0 -1.3716
1434 1435 0.00932169 0 0 0 0 0 0 0.00932169
1435 1436 0.099847 0 -1.02954 0 0 0 0 -0.929692
1436 1437 5.6928e-05 0 -1.10401 0 0 0 0 -1.10396
1437 1438 0.0606057 0 -1.34116 0 0 0 0 -1.28055
1438 1439 0.00169923 0 -1.03626 0 0 0 0 -1.03456
1439 1440 0.0112807 0 -1.19526 0 0 0 0 -1.18398
1440 1441 0.00356892 0 0 0 0 0 0 0.00356892
1441 1442 0.176014 0 -1.34334 0 0 0 0 -1.16732
1442 1443 0.0471046 0 -1.03874 0 0 0 0 -0.991638
1443 1444 0.100329 0 -1.32779 0 0 0 0 -1.22746
1444 1445 0.0526164 0 -1.38527 0 0 0 0 -1.33266
1445 1446 0.0535404 0 -1.29241 0 0 0 0 -1.23887
1446 1447 0.115084 0 -1.12743 0 0 0 0 -1.01235
1447 1448 0.0392595 0 -0.927729 0 0 0 0 -0.88847
1448 1449 0.0754655 0 -1.204 0 0 0 0 -1.12854
1449 1450 0.00778185 0 -1.18042 0 0 0 0 -1.17264
1450 1451 0.00279238 0 -1.0164 0 0 0 0 -1.0136
1451 1452 0.0292324 0 -1.09793 0 0 0 0 -1.0687
1452 1453 0.0473792 0 -1.19728 0 0 0 0 -1.14991
1453 1454 0.000896421 0 -0.00983351 0 0 0 0 -0.00893709
1454 1455 0.00386932 0 -1.22021 0 0 0 0 -1.21634
1455 1456 0.00754067 0 -1.3351 0 0 0 0 -1.32756
1456 1457 0.0256059 0 -1.20115 0 0 0 0 -1.17555
1457 1458 0.00421058 0 -1.06355 0 0 0 0 -1.05934
1458 1459 0.0228649 0 -1.18354 0 0 0 0 -1.16067
1456 1460 0 0 0 0 0 -0.125409 0 -0.125409
1459 1460 0.00220788 0 -0 0 0 0 0 0.00220788
1455 1461 0 0 0 0 0 -0.173032 0 -0.173032
1460 1461 0.00204989 0 -0.987988 0 0 0 0 -0.985938
1456 1462 0 0 0 0 0 -0.164234 0 -0.164234
1455 1462 0 0 0 0 -0.86379 0 -0 -0.86379
1454 1462 0 0 0 0 0 -0.157071 -0 -0.157071
1453 1462 0 0 0 0 0 -0.00333731 0 -0.00333731
1461 1462 0.168354 0 -1.41333 0 0 0 0 -1.24498
1455 1463 0 0 0 0 0 -0.186751 0 -0.186751
1453 1463 0 0 0 0 0 -0.000286174 -0 -0.000286174
1452 1463 0 0 0 0 -0 -0.0902811 0 -0.0902811
1462 1463 0.0634311 0 -1.28613 0 0 0 0 -1.2227
1454 1464 0 0 0 0 0 -0.0972511 0 -0.0972511
1453 1464 0 0 0 0 0 -0.095117 0 -0.095117
1452 1464 0 0 0 0 -0.739252 0 -0 -0.739252
1451 1464 0 0 0 0 0 -0.114065 0 -0.114065
1463 1464 0.00514402 0 -1.33324 0 0 0 0 -1.32809
1452 1465 0 0 0 0 0 -0.190204 0 -0.190204
1450 1465 0 0 0 0 0 -0.0462483 0 -0.0462483
1464 1465 0.00109287 0 -1.22087 0 0 0 0 -1.21978
1451 1466 0 0 0 0 0 -0.197564 0 -0.197564
1450 1466 0 0 0 0 -0.710196 0 -0 -0.710196
1449 1466 0 0 0 0 0 -0.0904973 -0 -0.0904973
1465 1466 0.0504467 0 -1.15612 0 0 0 0 -1.10567
1450 1467 0 0 0 0 0 -0.08746 0 -0.08746
1449 1467 0 0 0 0 -0.74871 0 -0 -0.74871
1448 1467 0 0 0 0 0 -0.172573 0 -0.172573
1466 1467 0.0245996 0 -0.98695 0 0 0 0 -0.96235
1449 1468 0 0 0 0 0 -0.00167796 0 -0.00167796
1448 1468 0 0 0 0 0 -0.0187648 -0 -0.0187648
1447 1468 0 0 0 0 0 -0.0415512 0 -0.0415512
1467 1468 5.62394e-07 0 -0.702988 0 0 0 0 -0.702987
1469 1470 0.0867488 0 0 0 0 0 0 0.0867488
1470 1471 0.0620538 0 -1.31283 0 0 0 0 -1.25077
1471 1472 0.0573795 0 -1.2687 0 0 0 0 -1.21132
1472 1473 0.0243841 0 -1.26365 0 0 0 0 -1.23927
1473 1474 0.0344518 0 -1.30253 0 0 0 0 -1.26808
1474 1475 0.00073942 0 -1.20123 0 0 0 0 -1.20049
1475 1476 0.0644427 0 -1.19078 0 0 0 0 -1.12634
1476 1477 0.0522271 0 -1.24802 0 0 0 0 -1.19579
1477 1478 0.00361627 0 -0.846703 0 0 0 0 -0.843087
1478 1479 0.0753857 0 -1.06471 0 0 0 0 -0.989325
1479 1480 0.00468744 0 -1.3161 0 0 0 0 -1.31141
1480 1481 0.00250312 0 -1.29862 0 0 0 0 -1.29612
1481 1482 0.00369012 0 -1.11575 0 0 0 0 -1.11206
1482 1483 0.0514193 0 -0.928632 0 0 0 0 -0.877213
1483 1484 0.0655201 0 -1.0908 0 0 0 0 -1.02528
1484 1485 0.0175613 0 -1.03193 0 0 0 0 -1.01437
1485 1486 0.104523 0 -1.2592 0 0 0 0 -1.15468
1486 1487 0.03129 0 -1.07849 0 0 0 0 -1.0472
1487 1488 0.204616 0 -1.1414 0 0 0 0 -0.936784
1488 1489 0.0211165 0 -1.25947 0 0 0 0 -1.23836
1489 1490 0.0279589 0 -0.990268 0 0 0 0 -0.962309
1490 1491 0.0711915 0 0 0 0 0 0 0.0711915
1051 1492 0 0 0 0 0 -0.017377 0 -0.017377
1050 1492 0 0 0 0 0 -0.05623 0 -0.05623
1491 1492 0.000474007 0 -1.25303 0 0 0 0 -1.25256
1050 1493 0 0 0 0 0 -0.0152024 0 -0.0152024
1049 1493 0 0 0 0 0 -0.0321772 -0 -0.0321772
1492 1493 0.149783 0 -1.08466 0 0 0 0 -0.934873
1049 1494 0 0 0 0 0 -0.0013907 0 -0.0013907
1048 1494 0 0 0 0 0 -0.0468527 0 -0.0468527
1493 1494 0.00340722 0 -1.11197 0 0 0 0 -1.10857
1049 1495 0 0 0 0 0 -0.0617411 0 -0.0617411
1048 1495 0 0 0 0 -0.508904 0 -0 -0.508904
1047 1495 0 0 0 0 0 -0.13405 0 -0.13405
1494 1495 0.0273935 0 -1.24785 0 0 0 0 -1.22046
1048 1496 0 0 0 0 0 -0.0429534 0 -0.0429534
1047 1496 0 0 0 0 -0.635313 0 -0 -0.635313
1046 1496 0 0 0 0 0 -0.108681 0 -0.108681
1495 1496 0.12823 0 -1.05725 0 0 0 0 -0.929022
1047 1497 0 0 0 0 0 -0.125236 -0 -0.125236
1045 1497 0 0 0 0 0 -0.115072 0 -0.115072
1496 1497 0.000912567 0 -1.27357 0 0 0 0 -1.27266
1044 1498 0 0 0 0 0 -0.185283 0 -0.185283
1046 1498 0 0 0 0 0 -0.0638236 -0 -0.0638236
1045 1498 0 0 0 0 0 -7.74531e-07 -0 -7.74531e-07
1497 1498 0.00401601 0 -0.9986 0 0 0 0 -0.994584
1044 1499 0 0 0 0 -0.818061 0 -0 -0.818061
1043 1499 0 0 0 0 0 -0.199807 0 -0.199807
1045 1499 0 0 0 0 0 -0.0776953 0 -0.0776953
1498 1499 0.00820639 0 -1.20542 0 0 0 0 -1.19721
1042 1500 0 0 0 0 0 -0.173949 0 -0.173949
1044 1500 0 0 0 0 0 -0.134401 0 -0.134401
1043 1500 0 0 0 0 -0.768305 0 -0 -0.768305
1499 1500 0.0221596 0 -1.15153 0 0 0 0 -1.12937
1042 1501 0 0 0 0 0 -0.000211311 -0 -0.000211311
1043 1501 0 0 0 0 0 -0.104626 0 -0.104626
1500 1501 0.000529062 0 -1.14591 0 0 0 0 -1.14538
1042 1502 0 0 0 0 0 -0.000204421 0 -0.000204421
1501 1502 0.00628402 0 -1.19807 0 0 0 0 -1.19178
1502 1503 0.03468 0.00296972 -0.862123 0 0 0 0 -0.824474
1503 1504 0.0194099 0 -1.26974 0 0 0 0 -1.25033
1504 1505 0.0532323 0 -1.07198 0 0 0 0 -1.01875
1505 1506 0.0158915 0 -0.919213 0 0 0 0 -0.903321
1506 1507 0.00174149 0 -1.3223 0 0 0 0 -1.32056
1507 1508 0.100917 0 -0.991944 0 0 0 0 -0.891026
1508 1509 0.0270156 0 -1.14111 0 0 0 0 -1.11409
1509 1510 0.00300992 0 -1.27081 0 0 0 0 -1.2678
1510 1511 0.012261 0 -0.810826 0 0 0 0 -0.798565
1511 1512 0.00357665 0 -1.33057 0 0 0 0 -1.32699
1512 1513 0.00272035 0 -1.27434 0 0 0 0 -1.27162
1513 1514 0.178012 0 -1.39442 0 0 0 0 -1.2164
1514 1515 0.184492 0 -1.29773 0 0 0 0 -1.11323
1515 1516 0.109339 0 -1.19407 0 0 0 0 -1.08473
1516 1517 0.0728444 0 -1.19067 0 0 0 0 -1.11783
1517 1518 0.0101891 0 -1.16695 0 0 0 0 -1.15676
1518 1519 0.133152 0 -1.24119 0 0 0 0 -1.10804
#Total energy per particle is  -1.05968 and should be -1.0596810
