t = 600000
b = 50 50 50
E = -1.13972346325172 -1.13972346325172 0
-1239.80857168768 1945.8526576313 -3135.84982293092 -0.210882605664697 -0.664633419675831 0.716792120546985 0.136207398223516 0.706149769654476 0.694838144812266 0 0 0 0 0 0
-1239.84952570867 1946.22579776819 -3135.4064700739 -0.100088985192226 -0.793886147359878 0.599772440241647 -0.00312305174835948 0.603047100695495 0.797699467776173 0 0 0 0 0 0
-1240.11090328319 1946.29942158734 -3134.92416610961 0.550652581298585 -0.757223242869716 0.351275810677455 0.0899490677775022 0.472200176878835 0.876890049071999 0 0 0 0 0 0
-1240.17525406693 1946.3364576178 -3134.3422215612 0.967684481710377 -0.244286055398437 -0.0625385240849119 0.208644286468767 0.636382979832724 0.74261986554559 0 0 0 0 0 0
-1239.94647105132 1946.38493702465 -3133.9105194973 0.599046180979152 0.490624105655029 -0.632796697213686 0.187312590457041 0.682495978792171 0.706479463529332 0 0 0 0 0 0
-1239.60968762726 1946.67317271099 -3133.65558546469 -0.0546816761898161 0.587008458145576 -0.807732000328412 0.160251169456529 0.803615463351505 0.57316816882141 0 0 0 0 0 0
-1238.66034175237 1946.02800302525 -3133.81920444406 0.705725132796679 0.0160112241187595 -0.708304791485482 0.480710849640334 0.723587156074683 0.495316773996145 0 0 0 0 0 0
-1238.21589954508 1946.11838305072 -3133.71447672576 -0.23680691357166 0.666112108769863 -0.707260308680336 0.637009168311705 0.65610776070122 0.404650374810704 0 0 0 0 0 0
-1237.84039233592 1946.3442707288 -3133.82613075971 -0.663261790062972 0.716168155317382 0.217225622686608 0.712857682208334 0.516202238683568 0.474730632774654 0 0 0 0 0 0
-1237.74869392629 1946.80220858869 -3133.65563862593 -0.616769898797075 0.294510577355592 0.729971514350677 0.761282082602275 0.458943000878991 0.458062127503495 0 0 0 0 0 0
-1238.05399048938 1947.36841425792 -3134.3061938634 -0.968053377196605 0.195647588636314 0.156826910825778 0.250658089411094 0.738690269194518 0.625705368691938 0 0 0 0 0 0
-1238.01116070371 1947.75891991721 -3133.91614803644 -0.929278845780327 -0.239601157648801 0.28112650540022 0.0758797828050945 0.621019732830256 0.780113293052207 0 0 0 0 0 0
-1238.19792272996 1948.15611764423 -3133.70204600166 -0.442413876962979 -0.705758479156216 0.553330760549122 0.116949457778165 0.566326799270442 0.815841149215741 0 0 0 0 0 0
-1238.44203871169 1948.48752956493 -3133.38882978788 0.178951269609314 -0.80365354368975 0.567553895960859 0.300992124886384 0.593926408545316 0.746093266280274 0 0 0 0 0 0
-1238.69856606494 1948.09397140026 -3134.39409363689 0.45503809025186 -0.330097504566516 -0.827028399693081 -0.793018341444167 -0.572680396421034 -0.207747620174271 0 0 0 0 0 0
-1238.84792510385 1948.18232600416 -3133.14410829243 0.554477177579883 -0.648172239397733 0.521946173103256 0.204768109767229 0.714169545211618 0.669351837163902 0 0 0 0 0 0
-1238.86968209669 1948.401834065 -3132.58774602915 0.895482546172381 -0.444237959612534 0.0276341227478838 0.256091773948995 0.565012632274588 0.784332664553669 0 0 0 0 0 0
-1238.65570028176 1948.38338957252 -3132.05902888032 0.891852915331473 -0.105523674869999 -0.439844440065564 0.450206388076813 0.301104101928124 0.840625081672581 0 0 0 0 0 0
-1238.30807039001 1948.1587495042 -3131.66937422781 0.579419454360235 0.635894622631857 -0.509814794623389 0.544675537190909 0.163209966259368 0.822612342540176 0 0 0 0 0 0
-1237.89671079833 1948.1693616181 -3131.33741866486 0.104888226496123 0.85939636103665 -0.500436164340244 0.608026899994172 0.342785158264782 0.71610168562636 0 0 0 0 0 0
-1237.380717842 1948.23863052264 -3131.23149623116 -0.262665909130431 0.922291925891954 -0.283521116700376 0.648264836853266 0.386324232819374 0.656129780177821 0 0 0 0 0 0
-1236.90272642508 1948.52198623884 -3131.19947244009 -0.731248970832417 0.656259586060548 0.186006178284548 0.659371254382863 0.610258813480207 0.439105601721749 0 0 0 0 0 0
-1236.64646701364 1948.98935573781 -3131.30072471632 -0.573172330142766 0.220455353254975 0.78922298318027 0.765807446180329 0.486809227673017 0.420185353418378 0 0 0 0 0 0
-1236.39174266568 1949.40771620456 -3131.00712211481 -0.655716399544033 -0.296068105625462 0.694535585985564 0.517208622368671 0.494012862635603 0.698889499490525 0 0 0 0 0 0
-1236.40254535487 1949.75431352999 -3130.6335744845 -0.144516225322908 -0.784698935422732 0.602795687911518 0.638392869554119 0.391508718403542 0.662703151883783 0 0 0 0 0 0
-1236.27697983778 1949.967231867 -3130.17120667058 0.215199297266379 -0.97480023810106 0.0587686842997394 0.726084747315477 0.199955061893821 0.657889742235819 0 0 0 0 0 0
-1236.16534638666 1949.9210036948 -3129.7297781651 0.654585793039266 -0.530435706718188 -0.538660747214263 0.731921705169512 0.266315279070435 0.627189596243045 0 0 0 0 0 0
-1236.80740080787 1950.46068392959 -3128.67163983259 0.0170147420348178 -0.0852118648639996 0.996217564912321 -0.654179192234037 0.752557506697408 0.0755432562265923 0 0 0 0 0 0
-1237.19687069548 1950.73251965454 -3128.56174661919 0.345195824458774 -0.0441539399760382 0.937491478553716 -0.657028427644705 0.701923680354241 0.274985076367343 0 0 0 0 0 0
-1237.57626312393 1950.83628598474 -3128.2193452507 0.802872309143628 0.515082595548661 0.300143257417506 -0.595222111186134 0.66451663322602 0.451805580444772 0 0 0 0 0 0
-1237.70108828682 1951.05265079526 -3127.8230693237 0.443342942564907 0.704523215111763 -0.554160693884067 -0.701060859577298 0.657779460099494 0.275390364827409 0 0 0 0 0 0
-1237.77398706008 1951.46141390058 -3127.62303180766 -0.187069492944221 0.217713015963933 -0.957917557772813 -0.834581244013255 0.479121199385809 0.271876853447036 0 0 0 0 0 0
-1237.99269523888 1951.91558290369 -3127.67040854347 -0.479026963537305 -0.584231777715578 -0.655138457206935 -0.852338261749614 0.488029551945021 0.188007031745783 0 0 0 0 0 0
-1238.34206508674 1952.15591320569 -3127.85678858188 -0.418072910021156 -0.900214847328845 -0.121771386437578 -0.908399351349606 0.415040767498365 0.0505151440847891 0 0 0 0 0 0
-1238.79148373605 1952.16702734663 -3128.10646881045 -0.279906492359322 -0.776300500324821 0.56480960396446 -0.948491398973579 0.314549436817586 -0.0377189325249584 0 0 0 0 0 0
-1239.32724648292 1952.17872841687 -3128.2509268577 0.0721405401272036 -0.462077124472526 0.883900714735192 -0.953436789930893 0.228245134797401 0.197135603196193 0 0 0 0 0 0
-1239.52159097713 1952.62955168598 -3129.62494395193 -0.713655269532843 -0.0819087216093965 -0.69569182659589 -0.375549206473207 0.883089931720887 0.28127382745396 0 0 0 0 0 0
-1239.59285202104 1953.06655466038 -3129.75985763549 -0.932975899400709 -0.345615701800104 0.100527398288895 -0.300177403889906 0.901225840548084 0.312546813329041 0 0 0 0 0 0
-1239.88141808781 1953.43083288448 -3129.843638281 -0.29809642331816 -0.39091275765708 0.87081900433207 -0.26261126922255 0.910676975725166 0.318908712896432 0 0 0 0 0 0
-1240.32642824227 1953.63575662219 -3129.73086980185 0.306634007782403 -0.13609548312818 0.942047559703393 -0.318150092105635 0.918145075068023 0.236199364989568 0 0 0 0 0 0
-1240.7098114384 1953.92774469276 -3129.52268289587 0.782591797049841 -0.0325414433784592 0.621684110825636 -0.240523927178649 0.905280968105463 0.35016368920914 0 0 0 0 0 0
-1240.87635400535 1954.23718201471 -3129.15703605918 0.989355109046498 0.121799175828864 0.079633089672761 -0.145023719922526 0.87046099670769 0.470388960191851 0 0 0 0 0 0
-1241.0126848969 1955.01754202525 -3128.53007373407 0.491066564850023 0.321914041240269 0.809459683331297 -0.567456391486685 0.823230774525872 0.0168622547233456 0 0 0 0 0 0
-1240.4981726444 1955.04346563114 -3128.96309581688 0.242379121175544 -0.272667796704577 0.931077136578163 0.350996641642987 -0.870040862063021 -0.346165070300415 0 0 0 0 0 0
-1240.05185696628 1954.80620990108 -3129.04445525073 -0.562795326326591 -0.422578849103855 0.710414341743692 0.202536412641205 -0.903744389499673 -0.377127405530454 0 0 0 0 0 0
-1239.70292783363 1954.39827883002 -3128.95077425897 -0.96148225370864 -0.269533182530482 -0.0538863555849122 0.2745403480655 -0.951259110884266 -0.140476692883856 0 0 0 0 0 0
-1239.74880367704 1953.9144814654 -3128.75818343438 -0.749947419169231 -0.0313057065154454 -0.660756249475452 0.116496850139815 -0.989517843959114 -0.0853400280869003 0 0 0 0 0 0
-1239.96282972672 1953.43329512915 -3128.62489352528 -0.294329577589328 0.180157301364506 -0.938569894318573 -0.017318793678607 -0.982915940676941 -0.183238404676853 0 0 0 0 0 0
-1240.15957960697 1952.98827259432 -3128.73478258804 0.350560713925956 0.330239282888456 -0.876384163417538 -0.0148799219834403 -0.933685882522861 -0.357783818386628 0 0 0 0 0 0
-1240.40660128297 1952.77238222998 -3129.08098049616 0.903344000705217 0.101535381392015 -0.416725548431497 -0.134059455221085 -0.856063055068599 -0.499183441444423 0 0 0 0 0 0
-1240.39854149111 1952.58478399434 -3129.52790302368 0.837805143893412 -0.339706745603833 0.42741299448756 -0.17251961659875 -0.907461927875794 -0.383079406056274 0 0 0 0 0 0
-1176.51629900924 1345.22637971075 -3183.45828729282 0.556698251725139 0.457747728228064 -0.69322007604227 -0.000327390824089436 -0.83436530096773 -0.551211789928622 0 0 0 0 0 0
-1176.64336811677 1345.01353032145 -3183.81257421433 0.996425190450334 0.0304137270291606 0.0788152589558369 0.0597206485764682 -0.913456434154113 -0.402530479636182 0 0 0 0 0 0
-1176.42195615693 1344.76885416178 -3184.18692867178 0.360690328194018 -0.3321853559535 0.87152474229794 0.000525755822342375 -0.934352405573655 -0.35634997653968 0 0 0 0 0 0
-1176.17929424042 1344.36816313017 -3184.1869363382 -0.52078500953139 -0.331194713200056 0.786824653779907 0.00844963209219052 -0.923631841603981 -0.383187714955732 0 0 0 0 0 0
-1176.01707329967 1343.86932259923 -3184.14058089987 -0.967762659456155 0.061694875393177 0.244190862467414 -0.109772521250783 -0.975923435078682 -0.188476636330367 0 0 0 0 0 0
-1175.98866006917 1343.29206273368 -3184.02161131507 -0.974199208174959 0.190512343422411 -0.120999792539989 -0.191049324219969 -0.981553618281955 -0.00725604249175236 0 0 0 0 0 0
-1176.3114957825 1343.00666587376 -3183.77220334033 -0.526335455393618 -0.109865442860176 -0.843149199644357 -0.334548903390315 -0.884876963876352 0.324144705404011 0 0 0 0 0 0
-1176.72531062752 1342.72470541723 -3183.63400074681 0.239734057857734 -0.427835020767414 -0.871484237670371 -0.526501080434216 -0.811486636728614 0.253546939860743 0 0 0 0 0 0
-1177.06877577274 1342.32456571408 -3183.71991987093 0.781139967087712 -0.357826360344268 -0.511645040688356 -0.470996432636867 -0.875661433918635 -0.106674334265185 0 0 0 0 0 0
-1177.44675574885 1342.62565612267 -3182.49205280269 -0.389838304090776 0.182461469171114 0.902626118019834 -0.894616579133357 0.157395770965873 -0.418195824491152 0 0 0 0 0 0
-1177.82530651493 1342.32541890499 -3182.5099136582 -0.228457921509756 0.950602100327882 0.210149054130045 -0.75008338834424 -0.034260865951243 -0.660455224518868 0 0 0 0 0 0
-1178.28254832161 1342.25109325667 -3182.58516018362 0.420310541695782 0.688988174876565 -0.590452659761773 -0.600666982175718 -0.27646116062379 -0.750178914120152 0 0 0 0 0 0
-1178.61652747045 1342.51174361696 -3182.9071468298 0.647517468838437 -0.180392680481509 -0.740391523707416 -0.762048744017293 -0.155428331042696 -0.628588693543656 0 0 0 0 0 0
-1178.74621321272 1342.84522315063 -3183.25801279697 0.2408986059858 -0.878304190990603 -0.41297652442078 -0.699054901675191 0.138153715468536 -0.701595179107001 0 0 0 0 0 0
-1179.34268413396 1343.47839497237 -3183.20613839775 -0.0748345422603117 -0.860096008788018 -0.504613363825743 -0.814039401358107 0.344968827026355 -0.467264765862553 0 0 0 0 0 0
-1179.42109643278 1343.64663880017 -3181.79205267204 -0.407162079517798 -0.28983070370412 0.866150797605818 0.455396541918392 -0.886453273530361 -0.0825504903454808 0 0 0 0 0 0
-1179.02577603929 1343.20917081366 -3181.6811145048 -0.867637627291443 -0.176927134447853 0.464652275152195 0.21452520485264 -0.976292772408738 0.0288332971655257 0 0 0 0 0 0
-1178.90506485716 1342.77071303355 -3181.34646100947 -0.912881001074726 -0.143725755405772 -0.382087928506012 0.157529156784922 -0.987502132130317 -0.00490956216911367 0 0 0 0 0 0
-1178.96880504947 1342.26727005325 -3181.1888954175 -0.601220884059383 0.13623395102662 -0.787384124273854 0.0700967998769176 -0.972569705735712 -0.221798571077455 0 0 0 0 0 0
-1179.03273730651 1341.54029486211 -3181.27243083001 -0.999028874271265 -0.0281303506101811 0.0339115282296675 -0.0277060909822916 0.999532658691669 0.0129165293855386 0 0 0 0 0 0
-1179.27913810009 1341.91759441536 -3181.53716515012 -0.54396470880575 -0.0826693374609471 0.835025853622382 -0.0332007555286142 0.996476209767279 0.0770251465446374 0 0 0 0 0 0
-1179.64835033648 1342.2969159668 -3181.57951057255 0.249786265244876 -0.0609789062858741 0.96637901192199 -0.13259217446551 0.986460132006753 0.0965179943419307 0 0 0 0 0 0
-1179.96187444433 1342.56667911428 -3181.34430222637 0.889924564648988 0.295806625964901 0.347178209670093 -0.325024758988259 0.945299337904177 0.0277140361990795 0 0 0 0 0 0
-1180.03377989692 1342.95362519612 -3181.05205734669 0.852295499506196 0.219585732055115 -0.474736229709891 -0.234267505144536 0.971742781467667 0.0288912218285534 0 0 0 0 0 0
-1179.86531127845 1343.35002835874 -3180.70672826656 0.440483624709467 0.211289568522712 -0.872542775224422 -0.233912059691792 0.965351580203178 0.11567832523918 0 0 0 0 0 0
-1179.69675354877 1343.84432242193 -3180.63757499397 -0.182746634284285 -0.0379031895825091 -0.982429140384874 -0.274654991598811 0.961440966892776 0.0139965270758056 0 0 0 0 0 0
-1179.60695389076 1344.35356064215 -3180.76136592472 -0.678311141795966 -0.329821006054049 -0.656591272315423 -0.324838167377581 0.936134251500216 -0.134658190181227 0 0 0 0 0 0
-1179.64828170103 1344.71388961681 -3181.13911905217 -0.959847906286992 -0.272427910967779 -0.0668956659443076 -0.249560985477309 0.938180811163089 -0.239866796562242 0 0 0 0 0 0
-1179.87591912421 1345.00381052354 -3181.53278814832 -0.693812902975446 -0.139171226126347 0.706579808290174 -0.296018308272404 0.949542634118032 -0.103643365247144 0 0 0 0 0 0
-1180.22873492573 1345.26207554563 -3181.73617871953 -0.233055025610341 0.034431884703939 0.971853795770589 -0.451380494468665 0.88136486622507 -0.139469071113557 0 0 0 0 0 0
-1180.68221310382 1345.68107844452 -3181.75592173833 0.192172990737726 -0.00895408135882785 0.981320215861365 -0.20843105265255 0.976771947585154 0.0497298572369765 0 0 0 0 0 0
-1181.06789146775 1346.04766342835 -3181.54169356482 0.72609753735828 0.0635020358051812 0.684653092953489 -0.174438283291945 0.980162712229328 0.0940868900401436 0 0 0 0 0 0
-1181.26224598055 1346.45596522744 -3181.22649552095 0.969152246499469 0.0458310527816839 0.242164071872767 -0.115379790815834 0.952608550765279 0.281468386999241 0 0 0 0 0 0
-1181.3351106247 1346.73041071411 -3180.79378803341 0.78551070218727 0.375238478306865 -0.492106717234447 -0.160223028283505 0.891398977191333 0.423953351997457 0 0 0 0 0 0
-1181.30254664104 1347.23387848059 -3180.60509358828 0.338786342421102 0.0646410828276352 -0.938640157142245 -0.252465720727747 0.967295394393641 -0.0245087707244316 0 0 0 0 0 0
-1181.10146766144 1347.67910844772 -3180.63298575204 -0.498376299445765 -0.150846983573829 -0.853736640713887 -0.315111807495599 0.948914821931768 0.0162852539193695 0 0 0 0 0 0
-1180.63298545597 1348.5022837627 -3180.6119809943 0.809237204819033 -0.00353093105478351 -0.587471428124582 -0.12350631607889 -0.9786568139591 -0.164246858051988 0 0 0 0 0 0
-1180.76937349666 1348.13826044328 -3180.91462508192 0.982183497546007 -0.138397608299211 0.127128593028526 -0.106681078348239 -0.967539953779006 -0.229097327273258 0 0 0 0 0 0
-1180.6693230836 1347.7144517909 -3181.22689468375 0.738687870750503 -0.121359069123253 0.663032582870285 -0.0874654749091373 -0.992599651817935 -0.0842361081112517 0 0 0 0 0 0
-1180.46834315351 1347.34160152224 -3181.43514489484 0.237162449827344 -0.194597964175582 0.951780229218199 -0.15296287289075 -0.974991119622685 -0.161228645636582 0 0 0 0 0 0
-1180.15027991058 1346.94694703761 -3181.3445968677 -0.819447096957011 -0.122714871645331 0.559863836629703 0.09893891011868 -0.992433103612217 -0.072716070569504 0 0 0 0 0 0
-1180.05337391627 1346.49714614656 -3181.06438080058 -0.993461882543191 0.0334335417545667 -0.109158995137984 -0.0626896415376402 -0.958863681003482 0.276858176863979 0 0 0 0 0 0
-1180.20914917733 1346.12986517988 -3180.7500223235 -0.671818730814752 -0.0980690725967017 -0.734194831040376 -0.0391185322883309 -0.985115970193892 0.167380601326673 0 0 0 0 0 0
-1180.48574660154 1345.7072361739 -3180.57211453889 0.0108338764939051 -0.057048084051426 -0.998312648034752 0.0558046318804143 -0.996780809109451 0.0575661502251782 0 0 0 0 0 0
-1180.67740579831 1345.20701173253 -3180.65325418986 0.472886236899629 0.146111622620181 -0.868924623132744 0.0469043809360222 -0.988931378983112 -0.140764721118615 0 0 0 0 0 0
-1180.77467445289 1344.73374323581 -3180.93535416825 0.913066177714206 0.276966531460532 -0.299332082418465 0.190373938258298 -0.938591740690502 -0.287755639284061 0 0 0 0 0 0
-1180.75895056606 1344.22231055399 -3181.29750426985 0.87884465819641 0.477008714797551 0.00973410329296529 0.460718264352212 -0.843176035914952 -0.277115234786729 0 0 0 0 0 0
-1180.45136956249 1343.99242899953 -3181.60590931407 0.631329788008671 0.239778999573919 0.737515240612953 0.543961038884373 -0.814741195589201 -0.200756500232706 0 0 0 0 0 0
-1179.92234521734 1343.84758273772 -3181.83825513474 0.155516491205341 -0.0633096660251735 0.985802468626903 0.63564287821776 -0.757482667625609 -0.148923267550449 0 0 0 0 0 0
-694.835684327617 1599.80267028426 -2827.29013343207 0.562587939938459 -0.608215231514848 0.55997235823673 0.360208888584489 0.789987208135457 0.49615498341457 0 0 0 0 0 0
-694.830251905258 1600.0538009622 -2826.85954101104 0.953158173298309 -0.283966339129074 -0.104175884523242 0.296050966796638 0.80525365631563 0.513731811404662 0 0 0 0 0 0
-694.692837290212 1600.22872609131 -2826.47101796878 0.68004964937617 0.216216958921146 -0.700558849104111 0.18646757812505 0.873097997752329 0.45047722320778 0 0 0 0 0 0
-694.37283238534 1600.4786528934 -2826.09008476517 -0.236542733339113 0.522152983303685 -0.819392334191261 0.00113472278011193 0.843472863847477 0.537170587762519 0 0 0 0 0 0
-694.213881278287 1601.04961314159 -2825.91743896364 -0.829508019677398 0.283998815359304 -0.48089616152072 -0.0193835848086285 0.845899058577909 0.532990674718707 0 0 0 0 0 0
-693.791808847153 1601.92313848963 -2825.75742039768 -0.145231740126328 0.608895326125556 -0.779842435035624 0.538520698102997 0.70986527072707 0.453967790851063 0 0 0 0 0 0
-693.341146751243 1602.14032111027 -2825.90577977554 -0.731551064434076 0.679213852710407 0.0591741701385142 0.627373075180823 0.636648498084487 0.448421358127708 0 0 0 0 0 0
-693.082813650879 1602.58934544961 -2826.00513776828 -0.736938035519109 0.315052897275329 0.598050168233233 0.580631290134276 0.748041236166647 0.321405684316893 0 0 0 0 0 0
-691.803877147375 1602.51523453917 -2826.79288962104 0.816168778312907 -0.361593089807675 -0.450687211612001 -0.516830402787866 -0.10807732503824 -0.849238262542714 0 0 0 0 0 0
-691.83867073252 1602.67531841777 -2827.29002291127 0.364268917789471 -0.929670975405297 -0.0549548270987829 -0.445604861178521 -0.12217560137865 -0.886853668945269 0 0 0 0 0 0
-691.761619257091 1602.64162370978 -2827.82312136512 -0.0521447412641869 -0.948150755847972 0.313514066899191 -0.457306566478392 -0.256418711284383 -0.851539869154055 0 0 0 0 0 0
-691.656881982956 1602.32392784254 -2828.2152646534 -0.716269283063824 -0.556066789285731 0.421601755205825 -0.327395478883848 -0.265761511728758 -0.906743083397927 0 0 0 0 0 0
-691.706078574576 1601.90379828527 -2828.54833026117 -0.948399542495609 0.155479122293964 0.276341365569461 -0.307705946425485 -0.24097741246557 -0.92046017687661 0 0 0 0 0 0
-691.904594678506 1601.73164657851 -2829.08499073771 -0.874111134323111 0.287767081404179 0.39130529221123 -0.468477918137738 -0.286698991484538 -0.835662688229514 0 0 0 0 0 0
-692.270630159606 1601.40949737957 -2829.25821652181 -0.568786330602444 0.820982259591937 0.0497015045562962 -0.358316080203431 -0.192946572279588 -0.913444692859515 0 0 0 0 0 0
-692.704708238998 1601.3052137273 -2829.54587680558 -0.172769440089202 0.980816141481207 -0.0902796609485214 -0.396850611249263 -0.153206459252647 -0.905006835993113 0 0 0 0 0 0
-693.158126370828 1601.42655910446 -2829.85010801404 0.513843097018086 0.826282140983765 -0.230701311522598 -0.366315065246631 -0.031842950791463 -0.929945858347807 0 0 0 0 0 0
-693.507621166141 1601.60749131516 -2830.20503420631 0.942380419707589 0.20957694909081 -0.260761666971116 -0.257264973465504 -0.0442729552190073 -0.965326182626379 0 0 0 0 0 0
-693.498341029441 1601.9004802723 -2830.59139372832 0.728431540726531 -0.644775122581972 -0.231630161624877 -0.434310807848748 -0.17310002315703 -0.88397426668924 0 0 0 0 0 0
-693.546077106457 1601.85839756213 -2831.16657413503 0.335653687824803 -0.90575441224694 0.258738374704583 -0.499442160334532 -0.404006985816535 -0.766378420815627 0 0 0 0 0 0
-693.540803516586 1601.66791428474 -2831.63089110243 -0.26805081033248 -0.691388625104792 0.670917679120106 -0.539765082821361 -0.469061065550006 -0.69902458622845 0 0 0 0 0 0
-693.469230033269 1601.38794036568 -2832.04495856316 -0.771971751615936 -0.202035579299464 0.602694980404024 -0.450719601858849 -0.494605319403758 -0.74311332817923 0 0 0 0 0 0
-693.699721240133 1601.00665452176 -2832.23196875663 -0.83215468944973 0.502865609449332 0.233762169009122 -0.422921601414518 -0.302841257644088 -0.854063517383393 0 0 0 0 0 0
-694.036822274807 1600.76888331331 -2832.4657026517 -0.325651653600718 0.931210961084721 -0.163698339828815 -0.294666691079102 -0.264471291480733 -0.918273639581925 0 0 0 0 0 0
-694.376514144061 1600.73796739341 -2832.74902640727 0.588847520572648 0.734149624198947 -0.338057579125156 0.0134012928006 -0.427072688799881 -0.90411798114663 0 0 0 0 0 0
-695.564218778879 1600.72771922343 -2833.03488414574 -0.678246402228795 0.657815638325594 -0.327506341676064 -0.557801724474078 -0.751023516825257 -0.353300033044375 0 0 0 0 0 0
-696.009226536534 1600.48686510096 -2832.98727748439 -0.145054583666688 0.592940017684492 -0.792074051579502 -0.519087395678576 -0.727127291091776 -0.449259588876186 0 0 0 0 0 0
-696.374791272969 1600.27573846403 -2833.29596565134 0.476928368174507 0.459008698428725 -0.749566772473888 -0.241050592484591 -0.751801025001463 -0.613750625799669 0 0 0 0 0 0
-696.626160140995 1600.14566643979 -2833.68916130799 0.919915041014817 -0.130991039017324 -0.369591213385654 -0.361872476940631 -0.64659829812624 -0.671534772958991 0 0 0 0 0 0
-696.674197392373 1599.89684795035 -2834.11625541717 0.842385299640594 -0.461683981975328 0.277911690536724 -0.177709080074456 -0.724880775928159 -0.665557919003846 0 0 0 0 0 0
-696.543459503544 1599.7952095076 -2834.47702209102 -0.107269869078596 -0.864149746597871 0.491668984829016 -0.530128067842346 -0.368645717046477 -0.763586646680581 0 0 0 0 0 0
-696.640101525671 1599.50391436321 -2834.88650570645 -0.527559953228348 -0.35632560368662 0.771176088780651 -0.655367877096184 -0.406892327017839 -0.63634234487765 0 0 0 0 0 0
-696.921646985989 1599.10675271881 -2835.04795617757 -0.66504938088616 0.292002470526314 0.687345530420829 -0.740697620929084 -0.375327968768655 -0.557221634728944 0 0 0 0 0 0
-697.207051474732 1598.72727304783 -2835.06407029916 -0.553123701370757 0.830318995570125 0.0680039453082809 -0.695516039702877 -0.415302744119762 -0.58632846531841 0 0 0 0 0 0
-697.69708683143 1598.55540508948 -2835.05179377954 0.0527867902686539 0.807864954650104 -0.586998952146626 -0.66729327133725 -0.408777075163653 -0.622592156109148 0 0 0 0 0 0
-697.17899423444 1597.32416118476 -2835.17633699999 0.475763630986085 -0.517891186694516 -0.710941408398034 0.514078347557676 -0.492129559924777 0.70251829073744 0 0 0 0 0 0
-696.725617361298 1597.28504067103 -2834.78340335452 0.329395288070119 -0.30553457335669 -0.893390938324837 0.734224370472954 -0.512017220064928 0.445817160011331 0 0 0 0 0 0
-696.540477817815 1596.87873878814 -2834.65337270031 0.623839483220801 0.32117602463224 -0.712509831775121 0.751712012645398 -0.49608508041813 0.434544178457419 0 0 0 0 0 0
-696.18087385468 1596.46395746307 -2834.72821162222 0.52986575806403 0.828092055219707 -0.183045968306159 0.718501629867773 -0.323660886100396 0.615628978107881 0 0 0 0 0 0
-695.679647786666 1596.34229562922 -2834.78276048073 0.110193954638279 0.752689324643104 0.649088647974595 0.677207250859415 -0.534871735172434 0.505274743379164 0 0 0 0 0 0
-694.955423274454 1595.9786422242 -2834.34509506901 0.45492442513668 -0.580879225436246 0.674998587310114 0.536648479537783 0.783707138481024 0.312748350121441 0 0 0 0 0 0
-694.79981482581 1596.26950762551 -2833.90414070981 0.662191129749918 -0.748622974657966 -0.032658069366233 0.709138139375098 0.611990906011295 0.350128876620118 0 0 0 0 0 0
-695.07240507214 1597.02809406974 -2834.2512364621 -0.108462314482618 -0.683273587733077 -0.722061722184027 -0.680560951394376 0.580484504222924 -0.447073295774023 0 0 0 0 0 0
-695.242883945721 1597.3085867308 -2834.63110596028 -0.41153937650385 -0.898039585152816 -0.155435662205031 -0.791384797441899 0.436705438087334 -0.427783195933071 0 0 0 0 0 0
-695.527827456116 1597.4119571854 -2835.05166386676 -0.56334356933659 -0.763123384024536 0.316680791400552 -0.772980643852296 0.351425725901429 -0.528205342082416 0 0 0 0 0 0
-695.80169831235 1597.35290136653 -2835.47931212115 -0.668353043889904 -0.406858807225817 0.622711907470721 -0.734391697672341 0.493957919900085 -0.465482983317168 0 0 0 0 0 0
-696.258337464621 1597.27273481885 -2835.7501596042 -0.39751477084366 0.165061904809211 0.902627594604636 -0.771987982219416 0.471566084370833 -0.42621588823036 0 0 0 0 0 0
-696.695658452219 1597.23451764708 -2835.91200590938 0.0387881707581382 0.785680739644382 0.617414976463185 -0.613485810631541 0.506445669413258 -0.60592734225017 0 0 0 0 0 0
-697.157891794732 1597.43290160221 -2835.95278164066 0.64424733784011 0.75271894227746 -0.135497459838651 -0.662571706064053 0.460798685461353 -0.590477184826469 0 0 0 0 0 0
-1230.25405036649 1897.20005611871 -3130.29445834847 -0.174872579507829 0.0718661304746161 -0.981964785634955 0.505036754851015 0.86268156427085 -0.0268028900792965 0 0 0 0 0 0
-1229.78907580406 1897.5148262335 -3130.41081903899 -0.715513393932718 0.180040386245812 -0.675000772164949 0.387206762541946 0.90643196867328 -0.168677233819221 0 0 0 0 0 0
-1229.56982411397 1897.96469888413 -3130.78466378093 -0.953623857323335 0.134311067486667 -0.269373487734638 0.168050112878827 0.98003320397139 -0.106273602907545 0 0 0 0 0 0
-1229.61829816354 1898.39965759337 -3131.26209732439 -0.853856354443675 0.175681788040508 0.489964524559795 0.00201424136156123 0.942426762465844 -0.334406549307771 0 0 0 0 0 0
-1229.91662878799 1898.7831468621 -3131.55193419826 -0.402096036903435 0.175270731299661 0.898665092154108 -0.204531168403853 0.939509725657439 -0.274751663409573 0 0 0 0 0 0
-1230.1000913765 1899.2643858429 -3131.6118836243 -0.163112473611004 -0.0150150467846586 0.986493218082384 -0.0564651035557777 0.998387377031861 0.00585981774189218 0 0 0 0 0 0
-1230.49588138564 1899.57726877988 -3131.45567126118 0.688854593457692 0.220136361559809 0.690665860884584 -0.0845491336405839 0.970670723695013 -0.225055082506398 0 0 0 0 0 0
-1230.55728100141 1900.09558563679 -3131.21320685014 0.991313902074669 -0.0578541723742278 0.11810860380395 0.0875380660671811 0.960473028002 -0.264251110631262 0 0 0 0 0 0
-1230.45562246872 1900.52862633529 -3130.99168049753 0.782734060580701 -0.0977038830987633 -0.614639196305019 -0.0185621193122743 0.983495774121275 -0.179976415155598 0 0 0 0 0 0
-1230.24953951815 1901.0472954643 -3131.02106368075 0.408433386955082 -0.410823403551458 -0.815111219107527 0.0328729982498422 0.89903158050369 -0.436648122912496 0 0 0 0 0 0
-1229.88506221039 1901.54660836899 -3131.35236247786 0.967536782739724 -0.192935997083035 -0.163242993953908 -0.188665699459504 -0.981167487264637 0.0414199925439396 0 0 0 0 0 0
-1229.82821712905 1901.09468461829 -3131.6492941954 0.721797356911938 -0.0949443292203703 0.685561193405753 -0.244192779847589 -0.961778679424299 0.123901808199716 0 0 0 0 0 0
-1229.58919490599 1900.66236128824 -3131.68538440892 0.0315623772207357 0.133109736831822 0.990598614124278 -0.187223043723398 -0.972762340829576 0.13667830904231 0 0 0 0 0 0
-1229.351334318 1900.28921936946 -3131.47314987409 -0.820735373294936 0.177602417546966 0.543001683518521 -0.0411679274390188 -0.966367022597351 0.2538503090144 0 0 0 0 0 0
-1229.43473727539 1899.9682856401 -3131.00139224544 -0.973270765033328 0.212894815308739 -0.0861383511921399 -0.22959904682642 -0.910664617675415 0.343473771648259 0 0 0 0 0 0
-1229.58932980037 1899.64617538199 -3130.62383935456 -0.826153280453043 0.0502647297867907 -0.561198907818045 -0.221990959993377 -0.944488043778029 0.242203114846555 0 0 0 0 0 0
-1229.91420970559 1899.2428002511 -3130.38187564267 -0.309717259561485 0.0158845956757374 -0.950696007538655 -0.37646996241795 -0.92019740360684 0.107271178757908 0 0 0 0 0 0
-1230.33310883319 1898.93902660679 -3130.41105647917 0.382091354995983 -0.161408678368887 -0.909919466208235 -0.350493152259023 -0.936374105921699 0.01892310701305 0 0 0 0 0 0
-1230.84621727813 1899.63542488909 -3130.15546767176 -0.742312046347418 -0.180979978898322 -0.645150426711037 -0.636996159179319 -0.108089304109151 0.76325133182193 0 0 0 0 0 0
-1231.21045138279 1899.87933950172 -3129.87542303254 -0.309890992776079 -0.890861584833424 -0.332164431064427 -0.598496664972347 -0.0886796207003934 0.796202026428715 0 0 0 0 0 0
-1231.65100204662 1899.78525914156 -3129.6129323675 0.370724821957993 -0.921491222659995 -0.11583191678048 -0.440745633152571 -0.284338592518717 0.85140757082688 0 0 0 0 0 0
-1232.07610607931 1899.54365157856 -3129.38453346605 0.772538735916979 -0.632843986353354 -0.0518882495770589 -0.399748165152176 -0.548221479886081 0.73461187946347 0 0 0 0 0 0
-1232.81770136853 1899.87894300565 -3128.65231251477 -0.312289024443596 -0.809023811866253 0.497951842094768 -0.931445651893918 0.157704598756022 -0.327930262554663 0 0 0 0 0 0
-1233.23286447974 1899.71049762534 -3128.87599859828 -0.283887285259771 -0.131326953033204 0.949821688884226 -0.942493150160451 0.220446701012321 -0.251216866299499 0 0 0 0 0 0
-1233.62065035584 1899.45239286723 -3128.89407195081 -0.229563905556855 0.769171562679881 0.596385379121707 -0.926118167457707 0.0158288725030079 -0.376901295699825 0 0 0 0 0 0
-1234.02855485325 1899.27556538908 -3128.72142231464 0.0623628170167052 0.836099119563503 -0.54502214754886 -0.886608854129367 -0.204347324218285 -0.414930007187009 0 0 0 0 0 0
-1234.43878951228 1899.52662296087 -3128.77411499811 0.354132325315201 -0.0521022909605289 -0.933742816541874 -0.925475655496998 -0.163101060883081 -0.341895971051201 0 0 0 0 0 0
-1234.85945137983 1899.64676811045 -3129.043903934 0.486661449423378 -0.729535766212837 -0.480560297425173 -0.861633018073991 -0.310142936305498 -0.40174606559913 0 0 0 0 0 0
-1235.0624136742 1899.61593962368 -3129.500497264 0.103333199207158 -0.981889373661121 0.158793916234767 -0.978694781522 -0.128849555920069 -0.159857175506267 0 0 0 0 0 0
-1235.39610280524 1899.41837082722 -3129.81284857402 -0.119227615154403 -0.513396769674272 0.849828531335986 -0.964084621460405 -0.144734748938785 -0.222694173954205 0 0 0 0 0 0
-1235.71289345678 1899.02303669654 -3129.94079341892 -0.480911340176634 0.417160593043628 0.771168802857687 -0.874768108834304 -0.168900338267885 -0.454151331055411 0 0 0 0 0 0
-1236.18385717762 1898.78903405306 -3129.89342649006 -0.127996002401056 0.991193051143321 -0.0339611356491561 -0.886570560825037 -0.129699814649574 -0.444038960856329 0 0 0 0 0 0
-1236.64958942216 1898.85131509842 -3129.83201121054 0.198860844998173 0.677896246283664 -0.707750693112419 -0.865407452838535 -0.217443003502075 -0.45142937520671 0 0 0 0 0 0
-1237.14061995047 1898.81891095044 -3130.14525184026 0.590208393024844 0.502619717899561 -0.631686213227525 -0.733448861596891 0.00701368770890694 -0.679708448974185 0 0 0 0 0 0
-1237.43779521052 1899.20477469684 -3130.38719107215 0.652345650312223 -0.328316848301309 -0.683120194138726 -0.722438910454223 0.00319243068551545 -0.691427385231554 0 0 0 0 0 0
-1237.69551500575 1899.28316282219 -3130.84160572868 0.671982813472628 -0.710873333485388 -0.207601064873954 -0.555573777830206 -0.298553804875748 -0.776017656359477 0 0 0 0 0 0
-1237.75685682183 1899.33096278346 -3131.4146329775 0.399255032148143 -0.908747604588977 0.121545096397015 -0.447683077545853 -0.308922317903576 -0.839134592053199 0 0 0 0 0 0
-1237.67137763881 1899.1959807986 -3131.90975477637 -0.203344560141634 -0.873365923919476 0.442586661341153 -0.303024961357611 -0.373700503999195 -0.876654895671602 0 0 0 0 0 0
-1237.60884156498 1898.85811423476 -3132.32357184351 -0.559809274817359 -0.591944659736294 0.579840577778253 -0.250998160958386 -0.545751934683412 -0.799471543574066 0 0 0 0 0 0
-1237.62321434819 1898.35406790494 -3132.57506466421 -0.87239246532979 -0.0610937764707387 0.484973130093176 -0.326852615095045 -0.664813778528034 -0.67170678713633 0 0 0 0 0 0
-1237.81605811842 1897.89166671878 -3132.59803792839 -0.879046027287505 0.46048732108593 -0.123407896947942 -0.297275370083152 -0.731826445183707 -0.61323519833076 0 0 0 0 0 0
-1238.15328196927 1897.54912654295 -3132.71380811395 -0.339812036522456 0.745017176695126 -0.574001033329568 -0.264558870177831 -0.66139559178158 -0.701829377685375 0 0 0 0 0 0
-1238.62760047448 1897.34578649552 -3132.92828266081 0.446140817685726 0.581558019155644 -0.680256305483875 -0.427761084452253 -0.52908499482493 -0.732863918390951 0 0 0 0 0 0
-1238.97370622283 1897.38002668015 -3133.26187020182 0.826705021404069 -0.00672600650607758 -0.562595386065163 -0.446585419816867 -0.616060308806509 -0.648869138363253 0 0 0 0 0 0
-1239.069780544 1897.19576843729 -3133.71296210392 0.78298671395763 -0.584633921697077 0.212449954970541 -0.416319608465127 -0.746293526200984 -0.519349551225258 0 0 0 0 0 0
-1238.98875193335 1897.02184021426 -3134.22162800916 0.0417105876525024 -0.700672319468103 0.712262962401539 -0.591392739052691 -0.591901851703564 -0.547637495197136 0 0 0 0 0 0
-1238.95218001844 1896.60973713996 -3134.53773798623 -0.592274361486642 -0.289981028355505 0.751746023547565 -0.362747657645116 -0.737127298267666 -0.570138126265587 0 0 0 0 0 0
-1239.01158007869 1896.1040888007 -3134.57145818089 -0.934005039829239 0.222536130427933 0.279485699504742 -0.331115397019615 -0.832974027186051 -0.443302226353658 0 0 0 0 0 0
-1239.25774880208 1895.67129052972 -3134.50110488677 -0.769751431839134 0.434742439198318 -0.467420308439413 -0.212024058310541 -0.864792140390146 -0.455170685146769 0 0 0 0 0 0
-1239.64371187221 1895.33487029164 -3134.77501893881 -0.41543821473459 0.703533479754792 -0.576586275072892 -0.333624217493344 -0.707550073786346 -0.622950860491171 0 0 0 0 0 0
-1239.96337004397 1895.04299052595 -3135.02021387679 0.265544367550156 0.692528416554786 -0.670738832278651 -0.207812048411574 -0.638246350443093 -0.741252823725609 0 0 0 0 0 0
-644.62069985521 1601.4452885812 -2832.64398035025 -0.0248766555902904 -0.997249351606708 0.0698203604003586 0.163290309118109 0.0648505237412408 0.984444353185481 0 0 0 0 0 0
-644.738015121291 1601.26750300107 -2832.16727326012 0.670714768791555 -0.693808624991535 -0.262242808885628 0.33391222649973 -0.0332618473519066 0.942017130685301 0 0 0 0 0 0
-644.548681059779 1601.157752352 -2831.64573777272 0.745314344208274 -0.47527365247529 -0.467569763329736 0.618004311829639 0.229355435390629 0.751975235507611 0 0 0 0 0 0
-644.317064232379 1600.97192498923 -2831.20635213229 0.699258976564109 0.230146669294905 -0.676808240424754 0.63937740773925 0.222109279482054 0.736114120527906 0 0 0 0 0 0
-643.878280147675 1600.82979170243 -2830.89975328833 0.317342180588639 0.713600332201564 -0.624554646368957 0.683853789501532 0.284072526192503 0.672046720434784 0 0 0 0 0 0
-643.954997783308 1600.40010030966 -2831.45118821081 0.697446279772012 0.622201071539253 -0.355576311651095 0.389195113962906 0.0877662262262151 0.916964695504498 0 0 0 0 0 0
-643.597571136549 1600.36371193448 -2831.09684114414 0.0698278440552324 0.954629219448732 -0.289494603696081 0.299252279129124 0.256791595141135 0.918970157350664 0 0 0 0 0 0
-643.365592969708 1600.8195288519 -2830.70451256557 -0.257283680576158 0.90269687503374 -0.344881805135404 0.584661912933544 0.429574783661268 0.688212142298773 0 0 0 0 0 0
-642.955815609042 1601.04115009464 -2830.57414165625 -0.74615800815941 0.596340176311211 0.296017940295542 0.583900930956109 0.372549141840814 0.721295251434605 0 0 0 0 0 0
-642.69546303514 1601.4140577186 -2830.49775508979 -0.555181779814795 -0.120841505599332 0.822903713617859 0.759090267617836 0.330753467636235 0.560699660473078 0 0 0 0 0 0
-642.416040056073 1602.01591516283 -2830.58669548989 -0.944281016216552 -0.117652962470916 0.307394116461079 0.286512380352521 0.165849803115302 0.943612472740384 0 0 0 0 0 0
-642.470819888765 1602.33256586303 -2830.15816210906 -0.655647234802106 -0.704422415155482 0.271874538202716 0.135828801543318 0.244159529949585 0.960175328055324 0 0 0 0 0 0
-642.76412963677 1602.46527064787 -2829.6878952829 -0.161167899013153 -0.959491831935354 0.231085120197766 0.168074439518437 0.204041704144156 0.964426236552261 0 0 0 0 0 0
-642.861783516947 1602.39176217374 -2829.13615572866 0.203802800167308 -0.974895782628004 -0.0896807206595856 0.313918757147931 -0.0216921637559089 0.949202014295277 0 0 0 0 0 0
-643.015771078262 1602.17979911904 -2828.66569988084 0.913693332167875 -0.310682988920898 -0.261993463939456 0.264818599029034 -0.0338641504078212 0.963703444491768 0 0 0 0 0 0
-642.809224061543 1602.00820364622 -2828.10625558259 0.905147514694507 -0.162395201544682 -0.392855921627259 0.374405227124733 -0.133111507944524 0.917661186034626 0 0 0 0 0 0
-642.581613292559 1601.71221125205 -2827.69190136515 0.743831191340716 0.445957562735968 -0.497832312156721 0.564803589707445 -0.0211445113673982 0.824954431888531 0 0 0 0 0 0
-642.161096711091 1601.4955184236 -2827.40923689552 0.290594006891094 0.92207703950558 -0.255595493652664 0.591060487023005 0.0370833023919137 0.805774366286111 0 0 0 0 0 0
-641.656771323691 1601.54727787789 -2827.20441562633 -0.37091802464893 0.921033690522746 0.118813971873596 0.649484451561131 0.165832225642117 0.742071169173657 0 0 0 0 0 0
-641.266923401843 1601.79485863361 -2827.01813427096 -0.754876769882453 0.371735433450658 0.540346027846111 0.641121749375806 0.244522089676495 0.727441990908908 0 0 0 0 0 0
-640.547351565001 1601.94980486472 -2827.35622932383 0.189286146294562 -0.673838734600328 0.714221334442765 0.949267517631653 -0.0604444132448737 -0.30860598321617 0 0 0 0 0 0
-640.11825249904 1602.10346739857 -2827.21751692284 0.00472928873674474 -0.986436866223315 -0.164072980053968 0.928878570672861 0.0650999265944932 -0.364618431379957 0 0 0 0 0 0
-639.686839112618 1601.83806972262 -2827.18062568026 -0.300435309780452 -0.422210963630969 -0.855264010015059 0.950495182785408 -0.207135009925082 -0.231633320498637 0 0 0 0 0 0
-639.363560471726 1601.5026360988 -2827.25980269497 -0.182038594906377 0.30294710316995 -0.935459781415259 0.924958875906848 -0.270042102513568 -0.267447828091772 0 0 0 0 0 0
-639.109955112154 1601.19071509168 -2827.53244251992 0.163782826271685 0.847339724722517 -0.505163910751372 0.918058687628103 -0.318326828716784 -0.236297008422832 0 0 0 0 0 0
-638.825115495837 1600.98658578085 -2827.96770660586 0.380670701201584 0.901984563299332 0.20374902408665 0.898468418610635 -0.308658311440429 -0.312225155197385 0 0 0 0 0 0
-638.455657394548 1601.12601210173 -2828.27256331197 0.417534678949711 0.403562680374242 0.814126498084781 0.908063560674708 -0.217801767539332 -0.357747061247876 0 0 0 0 0 0
-638.003709922671 1601.29721205722 -2828.4761328773 0.312763949592112 -0.340791152988108 0.886589026483279 0.883668331777928 -0.237875568621228 -0.403169310917725 0 0 0 0 0 0
-637.717086902873 1601.80716052124 -2829.93943853479 0.243024378211009 0.170994342210264 -0.954829873080643 0.957135373358067 -0.202176001795214 0.207404776620085 0 0 0 0 0 0
-637.330172497003 1601.6122140433 -2830.07568419085 0.282251299878289 0.875252262903269 -0.392769245231526 0.95633921244653 -0.224345824003355 0.187307933599574 0 0 0 0 0 0
-636.820916587008 1601.43367456573 -2830.12903459463 -0.0800753069612714 0.993788893782367 0.0772759976305362 0.994354982242914 0.0742251733010069 0.0758207948855844 0 0 0 0 0 0
-636.410491189945 1601.60071793749 -2830.37813168033 -0.00372341868907095 0.442115833310002 0.896950236127959 0.997711560083181 0.062197576540779 -0.0265161148913454 0 0 0 0 0 0
-636.030275678438 1601.93743381573 -2830.39582697348 0.138595069733931 -0.410697138070867 0.901176601685694 0.948674326153112 0.316249704554559 -0.00177405384101597 0 0 0 0 0 0
-635.582439233336 1602.20487306627 -2830.17110743942 -0.118227622050357 -0.918546425767032 0.377219688106281 0.977003682705132 -0.0397204093081883 0.209490078678927 0 0 0 0 0 0
-635.281319494781 1602.26172612168 -2829.74538997719 0.156334774439779 -0.863094655984356 -0.480236455417677 0.899250065193941 -0.0767361785253626 0.430651691223777 0 0 0 0 0 0
-634.904780839493 1602.01485838386 -2829.51724884595 0.301508540864329 -0.0707319702838509 -0.950836257283829 0.950309776187907 0.103336179247917 0.293654496543218 0 0 0 0 0 0
-634.426440949701 1601.77367308541 -2829.5065832002 0.0389632436225893 0.700187124601357 -0.712895403399984 0.982372707959977 0.103693318762695 0.155536356840637 0 0 0 0 0 0
-633.963919966747 1601.81231277312 -2829.72646618278 -0.179461008519135 0.9703986276595 -0.161617603799319 0.942159073186681 0.216807857496453 0.255598579299124 0 0 0 0 0 0
-633.506572159455 1602.14733982461 -2829.79086135955 -0.423521823234837 0.660558673072352 0.619912497593595 0.898260939970356 0.394827356738117 0.192973164183042 0 0 0 0 0 0
-633.145555547224 1602.54879144398 -2829.82021145853 -0.38141547626152 -0.0171196770032815 0.92424517912047 0.838336404917163 0.414880037707065 0.353647602144522 0 0 0 0 0 0
-632.897442213191 1602.94103827409 -2829.55444150732 -0.0973532726739307 -0.702919962417574 0.704574954660251 0.829404655832241 0.333994877195123 0.447811722592401 0 0 0 0 0 0
-632.597008810583 1603.15501990499 -2829.24452248491 0.109990490945308 -0.989624675773134 0.0924396722320298 0.870964864546386 0.140774139413014 0.470747115124476 0 0 0 0 0 0
-632.510067363091 1603.00168122828 -2828.76437563445 0.754216558030566 -0.301466954137927 -0.583331003080796 0.651826356948829 0.236527398097022 0.720539513376188 0 0 0 0 0 0
-632.178316350024 1602.76260106793 -2828.54160072313 0.489691556357279 0.782058974306536 -0.385468468670244 0.582795374630723 0.0352332024431789 0.811854773192123 0 0 0 0 0 0
-631.754320653477 1602.76185210608 -2828.34349608461 -0.130084666048098 0.990230828449901 0.0502084260505087 0.660137174515739 0.0487152176758387 0.749563698686854 0 0 0 0 0 0
-631.226627649222 1602.84996942573 -2828.24340102725 -0.716700031177508 0.478232352533547 0.507577464334708 0.520070880918889 -0.118382743760524 0.845879308648658 0 0 0 0 0 0
-630.608421174968 1603.64573261347 -2827.88046305068 0.192709345329276 0.906834331172033 0.374852776474259 -0.950517648919937 0.0776481132216107 0.300810521100546 0 0 0 0 0 0
-630.785762336881 1603.76312939071 -2827.44324491586 -0.27097972220347 0.82477049836824 -0.496309999069023 -0.867874175525882 0.0136874422154741 0.496595478615134 0 0 0 0 0 0
-631.007348337423 1603.99994774552 -2827.03097901967 -0.631076983827898 -0.0120475379328171 -0.775626648144922 -0.75163222893704 -0.237739581016367 0.615247010591037 0 0 0 0 0 0
-631.544280731699 1604.07159486257 -2826.75898645231 -0.208564051620288 -0.295976173085355 -0.932147596326707 -0.964527435635322 -0.0954583881382441 0.246118918494478 0 0 0 0 0 0
-632.00774638204 1604.27232327432 -2826.80720797542 -0.117775549969478 -0.958531514141793 -0.259511572432671 -0.802139865657091 -0.062228050259743 0.59388492629844 0 0 0 0 0 0
