           0   0.000000
       10000  -4.532262
       20000 -15.974026
       30000 -27.357263
       40000 -36.589046
       50000 -36.025764
       60000 -38.235987
       70000 -35.832229
       80000 -39.559592
       90000 -46.494752
      100000 -59.427091
      110000 -56.919039
      120000 -55.849939
      130000 -59.969761
      140000 -57.871379
      150000 -67.161040
      160000 -70.359092
      170000 -68.314220
      180000 -66.995457
      190000 -70.646291
      200000 -73.384330
      210000 -75.378435
      220000 -82.294386
      230000 -84.082983
      240000 -97.515032
      250000 -100.604464
      260000 -98.065660
      270000 -108.996762
      280000 -108.476003
      290000 -103.191387
      300000 -108.908017
      310000 -101.069080
      320000 -109.378484
      330000 -105.474480
      340000 -106.549872
      350000 -109.830866
      360000 -103.826076
      370000 -103.491780
      380000 -111.222382
      390000 -116.737462
      400000 -112.554194
      410000 -116.508876
      420000 -121.035100
      430000 -116.439968
      440000 -115.039722
      450000 -122.927444
      460000 -115.551845
      470000 -119.784243
      480000 -117.711663
      490000 -125.676183
      500000 -121.589414
      510000 -123.208500
      520000 -117.135507
      530000 -121.242035
      540000 -120.385244
      550000 -123.649768
      560000 -127.305311
      570000 -120.581566
      580000 -122.507688
      590000 -122.859313
      600000 -122.073975
      610000 -124.355587
      620000 -125.660364
      630000 -123.123206
      640000 -134.725928
      650000 -134.806644
      660000 -136.766697
      670000 -128.544652
      680000 -130.234662
      690000 -126.525544
      700000 -126.452372
      710000 -120.234638
      720000 -127.019319
      730000 -125.478324
      740000 -122.196226
      750000 -129.838557
      760000 -124.964351
      770000 -128.647555
      780000 -125.913041
      790000 -132.766162
      800000 -128.393534
      810000 -129.671888
      820000 -132.797277
      830000 -133.758408
      840000 -133.929951
      850000 -134.058792
      860000 -133.708956
      870000 -127.262066
      880000 -131.376917
      890000 -129.338368
      900000 -126.484242
      910000 -132.873873
      920000 -133.118015
      930000 -140.106087
      940000 -140.948948
      950000 -137.094708
      960000 -135.453280
      970000 -141.428650
      980000 -142.254166
      990000 -142.598343
     1000000 -143.606978
     1010000 -143.894417
     1020000 -137.961418
     1030000 -137.916282
     1040000 -140.355276
     1050000 -142.426129
     1060000 -141.625560
     1070000 -138.378546
     1080000 -139.880847
     1090000 -141.120333
     1100000 -135.648394
     1110000 -142.795893
     1120000 -140.737283
     1130000 -141.386159
     1140000 -144.621174
     1150000 -145.398466
     1160000 -141.609771
     1170000 -146.395695
     1180000 -150.390851
     1190000 -147.951782
     1200000 -152.100421
     1210000 -152.284258
     1220000 -142.547117
     1230000 -147.265788
     1240000 -144.846870
     1250000 -145.396105
     1260000 -150.058142
     1270000 -151.261152
     1280000 -152.061721
     1290000 -146.476953
     1300000 -145.918684
     1310000 -151.417357
     1320000 -149.395294
     1330000 -146.787679
     1340000 -157.915479
     1350000 -148.411124
     1360000 -147.493538
     1370000 -146.587608
     1380000 -149.333367
     1390000 -143.058157
     1400000 -147.917536
     1410000 -151.436240
     1420000 -151.575281
     1430000 -145.470012
     1440000 -145.853767
     1450000 -143.061984
     1460000 -143.186345
     1470000 -148.262614
     1480000 -149.242602
     1490000 -139.617378
     1500000 -155.523073
     1510000 -148.402482
     1520000 -146.394020
     1530000 -149.355097
     1540000 -146.826558
     1550000 -148.177424
     1560000 -148.720831
     1570000 -151.157441
     1580000 -150.603010
     1590000 -154.084994
     1600000 -153.129092
     1610000 -152.664734
     1620000 -156.178067
     1630000 -154.495880
     1640000 -150.180232
     1650000 -156.252707
     1660000 -149.953280
     1670000 -148.728588
     1680000 -158.920786
     1690000 -156.231888
     1700000 -160.650912
     1710000 -154.987348
     1720000 -157.056627
     1730000 -158.918218
     1740000 -152.292699
     1750000 -148.731263
     1760000 -155.136392
     1770000 -150.002187
     1780000 -147.282934
     1790000 -144.825372
     1800000 -146.183730
     1810000 -145.178101
     1820000 -146.170315
     1830000 -145.406977
     1840000 -147.625201
     1850000 -156.201301
     1860000 -151.035698
     1870000 -144.470844
     1880000 -149.020830
     1890000 -147.589936
     1900000 -145.707302
     1910000 -152.433782
     1920000 -151.725567
     1930000 -146.915920
     1940000 -146.089248
     1950000 -143.586205
     1960000 -148.415845
     1970000 -145.635393
     1980000 -154.838353
     1990000 -152.704479
     2000000 -149.179592
     2010000 -158.429567
     2020000 -151.810604
     2030000 -151.759148
     2040000 -155.730131
     2050000 -159.794341
     2060000 -153.855836
     2070000 -160.992104
     2080000 -158.848761
     2090000 -161.748157
     2100000 -160.326003
     2110000 -159.040319
     2120000 -160.206571
     2130000 -165.990954
     2140000 -164.679752
     2150000 -167.052116
     2160000 -164.454166
     2170000 -162.624801
     2180000 -163.524673
     2190000 -162.991275
     2200000 -163.789001
     2210000 -162.098633
     2220000 -160.889982
     2230000 -162.213640
     2240000 -166.832394
     2250000 -168.351273
     2260000 -169.569605
     2270000 -166.773735
     2280000 -159.887901
     2290000 -159.338545
     2300000 -169.217206
     2310000 -166.852628
     2320000 -163.858570
     2330000 -166.321443
     2340000 -164.861149
     2350000 -166.874950
     2360000 -165.095407
     2370000 -165.742317
     2380000 -169.843871
     2390000 -173.366741
     2400000 -169.500970
     2410000 -165.534451
     2420000 -168.399774
     2430000 -168.560424
     2440000 -170.753545
     2450000 -174.671529
     2460000 -179.594691
     2470000 -172.954047
     2480000 -176.063050
     2490000 -168.483978
     2500000 -169.934831
     2510000 -166.454056
     2520000 -172.793103
     2530000 -168.700953
     2540000 -168.601017
     2550000 -170.118156
     2560000 -165.429789
     2570000 -168.494148
     2580000 -170.325786
     2590000 -172.809196
     2600000 -167.907884
     2610000 -165.645029
     2620000 -160.410135
     2630000 -168.136884
     2640000 -170.496332
     2650000 -165.980966
     2660000 -167.468537
     2670000 -164.083877
     2680000 -172.625370
     2690000 -169.780678
     2700000 -164.736052
     2710000 -171.138769
     2720000 -174.180238
     2730000 -171.443032
     2740000 -174.821785
     2750000 -174.771758
     2760000 -164.059515
     2770000 -168.569160
     2780000 -164.230252
     2790000 -166.382596
     2800000 -168.485194
     2810000 -172.016981
     2820000 -168.799059
     2830000 -168.633837
     2840000 -177.224730
     2850000 -180.644088
     2860000 -173.897102
     2870000 -170.306478
     2880000 -167.347055
     2890000 -169.070779
     2900000 -169.085115
     2910000 -172.030602
     2920000 -170.487893
     2930000 -174.820711
     2940000 -175.963527
     2950000 -180.410910
     2960000 -179.010533
     2970000 -175.169797
     2980000 -164.126035
     2990000 -168.538496
     3000000 -161.329257
     3010000 -161.924581
     3020000 -167.582252
     3030000 -163.787045
     3040000 -169.301584
     3050000 -168.772560
     3060000 -167.297526
     3070000 -164.823260
     3080000 -170.595865
     3090000 -170.880351
     3100000 -168.917188
     3110000 -176.053243
     3120000 -172.140795
     3130000 -163.245169
     3140000 -167.383554
     3150000 -172.305913
     3160000 -170.177921
     3170000 -166.788133
     3180000 -167.684434
     3190000 -165.051620
     3200000 -168.038785
     3210000 -168.937577
     3220000 -165.217702
     3230000 -171.458842
     3240000 -172.129721
     3250000 -170.027195
     3260000 -168.573874
     3270000 -175.887520
     3280000 -166.583556
     3290000 -176.998469
     3300000 -172.446668
     3310000 -167.851204
     3320000 -170.850362
     3330000 -171.134536
     3340000 -172.846797
     3350000 -177.269860
     3360000 -168.792522
     3370000 -175.315809
     3380000 -170.798199
     3390000 -177.968318
     3400000 -174.198698
     3410000 -180.452360
     3420000 -175.751436
     3430000 -177.623837
     3440000 -179.784867
     3450000 -172.488473
     3460000 -180.603883
     3470000 -174.428749
     3480000 -171.084966
     3490000 -169.251353
     3500000 -174.227888
     3510000 -175.139125
     3520000 -172.904748
     3530000 -174.757161
     3540000 -173.963997
     3550000 -174.206741
     3560000 -182.224643
     3570000 -174.606393
     3580000 -175.014118
     3590000 -175.982477
     3600000 -175.515391
     3610000 -177.818749
     3620000 -176.992653
     3630000 -173.154844
     3640000 -172.557281
     3650000 -173.592265
     3660000 -172.590498
     3670000 -168.104299
     3680000 -170.344168
     3690000 -168.699706
     3700000 -168.104824
     3710000 -169.838042
     3720000 -168.740441
     3730000 -169.767670
     3740000 -165.996670
     3750000 -166.903362
     3760000 -169.249972
     3770000 -167.817490
     3780000 -173.715862
     3790000 -177.669617
     3800000 -169.999198
     3810000 -162.552152
     3820000 -167.522412
     3830000 -173.699935
     3840000 -170.759719
     3850000 -165.164099
     3860000 -166.577482
     3870000 -167.655379
     3880000 -168.725571
     3890000 -171.158189
     3900000 -172.530869
     3910000 -172.830578
     3920000 -170.041962
     3930000 -168.450223
     3940000 -168.463809
     3950000 -167.013613
     3960000 -168.105869
     3970000 -179.387004
     3980000 -168.395916
     3990000 -176.740144
     4000000 -171.241502
     4010000 -167.447217
     4020000 -174.279920
     4030000 -171.640642
     4040000 -176.874318
     4050000 -164.429057
     4060000 -171.522197
     4070000 -169.787161
     4080000 -175.525040
     4090000 -176.554429
     4100000 -162.566699
     4110000 -169.792383
     4120000 -165.852035
     4130000 -173.604450
     4140000 -170.444575
     4150000 -172.091997
     4160000 -177.166702
     4170000 -169.695953
     4180000 -178.931502
     4190000 -172.759458
     4200000 -177.732575
     4210000 -175.451504
     4220000 -179.843453
     4230000 -176.484191
     4240000 -177.800541
     4250000 -173.542648
     4260000 -174.128092
     4270000 -182.192352
     4280000 -184.298512
     4290000 -182.861923
     4300000 -179.514659
     4310000 -176.230166
     4320000 -177.165934
     4330000 -176.317687
     4340000 -176.056180
     4350000 -172.816641
     4360000 -176.342020
     4370000 -175.553290
     4380000 -176.790828
     4390000 -172.280692
     4400000 -171.651791
     4410000 -164.780792
     4420000 -169.148871
     4430000 -173.122629
     4440000 -173.402448
     4450000 -170.696408
     4460000 -175.101470
     4470000 -173.805636
     4480000 -168.797563
     4490000 -168.447081
     4500000 -178.050807
     4510000 -170.086625
     4520000 -172.768362
     4530000 -175.877365
     4540000 -166.169917
     4550000 -170.409551
     4560000 -179.807946
     4570000 -175.547734
     4580000 -182.465517
     4590000 -177.089582
     4600000 -180.000479
     4610000 -176.251122
     4620000 -184.364060
     4630000 -178.012353
     4640000 -176.981334
     4650000 -174.097958
     4660000 -176.804224
     4670000 -176.962420
     4680000 -170.801485
     4690000 -167.067030
     4700000 -173.229533
     4710000 -168.675432
     4720000 -174.209616
     4730000 -176.859662
     4740000 -173.026395
     4750000 -184.652034
     4760000 -170.320305
     4770000 -177.002581
     4780000 -169.208699
     4790000 -171.066339
     4800000 -170.326326
     4810000 -171.548622
     4820000 -169.466707
     4830000 -173.170319
     4840000 -178.526088
     4850000 -164.944212
     4860000 -171.793163
     4870000 -168.780972
     4880000 -167.114013
     4890000 -169.754146
     4900000 -170.062084
     4910000 -171.169463
     4920000 -171.528904
     4930000 -170.764590
     4940000 -168.343948
     4950000 -164.820352
     4960000 -169.548165
     4970000 -164.066442
     4980000 -163.716682
     4990000 -176.618920
     5000000 -174.530862
