t = 5000000
b = 50 50 50
E = -1.16058915655328 -1.16058915655328 0
-3291.04263424279 8761.91367425083 -3657.69363074963 -0.803935332531309 -0.560276898244676 0.199443672251339 0.189089919320121 -0.55876508497913 -0.807481629648487 0 0 0 0 0 0
-3290.94015362816 8761.37427729542 -3657.79644798401 -0.982895624166761 -0.0674017656856308 -0.171386096216387 0.17937946109987 -0.561122287057598 -0.808062366344808 0 0 0 0 0 0
-3291.07764478378 8760.87567407315 -3657.93405433701 -0.636239647101366 0.516102695885388 -0.573443213192174 0.0251829308550559 -0.729002449045775 -0.68404769517835 0 0 0 0 0 0
-3291.27304636671 8760.49896339385 -3658.17857882454 -0.206943581298589 0.784093417976785 -0.585125513069458 -0.0218393961256621 -0.601625304350285 -0.798479826884996 0 0 0 0 0 0
-3291.61791181014 8760.30414780921 -3658.5204113061 0.439943918614406 0.684586785507506 -0.581197282841808 -0.206339173724113 -0.552818851095478 -0.807350892276912 0 0 0 0 0 0
-3291.83877674355 8760.30322644862 -3659.02110679088 0.976072597483009 -0.0108531056072662 -0.217173880891439 -0.196104824280451 -0.475426800095877 -0.857620111497234 0 0 0 0 0 0
-3291.74651076348 8760.29825127128 -3659.46872424807 0.595498369300344 -0.785026131015239 0.170633132139911 -0.298959198430642 -0.413696041373297 -0.859929638415709 0 0 0 0 0 0
-3291.52599587756 8760.14150630059 -3659.95423667611 -0.00561056859350947 -0.831692933397124 0.555207516211142 -0.0480696797081816 -0.554350083116086 -0.830894271999718 0 0 0 0 0 0
-3291.20782341529 8759.84977914214 -3660.24704435095 -0.801982552952744 -0.471395285886968 0.366892994213493 0.0629917038952852 -0.677518043742775 -0.732803756570156 0 0 0 0 0 0
-3291.14221325607 8759.38938138773 -3660.42574691744 -0.984362984539129 0.174892424136136 -0.0210274736714743 -0.0940480207319029 -0.622730082006192 -0.776763937603293 0 0 0 0 0 0
-3291.27520790566 8758.93742593814 -3660.522194119 -0.379989321618535 0.667676998631218 -0.640168369223827 -0.147456134937423 -0.726954922671009 -0.670666257294717 0 0 0 0 0 0
-3291.52796406152 8758.72492010886 -3660.92432404728 0.634438789663906 0.594633367833446 -0.493860891374131 -0.0271324427650487 -0.621385460953244 -0.783035081886837 0 0 0 0 0 0
-3291.58594789539 8758.65798163134 -3661.46883716282 0.860708748406742 0.487413338337771 -0.146998938861915 0.191180443572207 -0.577064305943807 -0.794006816596134 0 0 0 0 0 0
-3291.95294794261 8758.8691347847 -3662.07786829228 -0.658209020319033 0.746465631809807 0.0977238256386109 0.0686632120766624 -0.0697418937108751 0.995199191905287 0 0 0 0 0 0
-3291.95310786244 8759.25839211406 -3661.6496385747 -0.997526717685125 -0.0683722512623007 -0.0162997779636723 -0.0176856380956911 0.0197131994493239 0.999649242470888 0 0 0 0 0 0
-3291.93611250118 8759.49577426543 -3661.20491027135 -0.630331915274018 -0.77621301778326 -0.0132298001040461 0.111591083903028 -0.107456975024405 0.987927339692526 0 0 0 0 0 0
-3292.22956006144 8759.5792383208 -3660.77071175257 0.435242879863927 -0.896042095919386 0.0875910832685037 -0.103690938364279 0.0467521427884131 0.993510154173488 0 0 0 0 0 0
-3292.32128058803 8759.4195571731 -3660.36570928839 0.997144197506018 -0.0308621361700913 -0.0689273380531931 0.0748583502135543 0.283255308537883 0.956118537414903 0 0 0 0 0 0
-3292.12660778174 8759.31041486291 -3659.79423790755 0.714907076044239 0.579402099574555 -0.391409094976692 0.187919274609388 0.37997347128729 0.905707738372687 0 0 0 0 0 0
-3291.90893658082 8759.46053821633 -3659.29028733072 0.250341928081679 0.739613187143843 -0.624740948271581 0.350910404644933 0.532093132877004 0.770544473639948 0 0 0 0 0 0
-3291.63529459327 8758.71066346415 -3658.47755225328 0.977136278359252 0.211697195785013 -0.0197228499713619 0.191876625442714 -0.917988046555248 -0.347104173110028 0 0 0 0 0 0
-3291.49228364984 8758.29075346462 -3658.86891307338 0.647830536634403 -0.047673716832195 0.760291268217244 0.324428525557637 -0.885740165942899 -0.331979653352345 0 0 0 0 0 0
-3291.24667248017 8757.82521654352 -3659.04264058836 0.456253469643912 0.17100142867997 0.873264726659276 0.376601586548812 -0.926247544305822 -0.0153860871033789 0 0 0 0 0 0
-3290.83581501097 8757.5964508998 -3659.01594786618 -0.36941212733405 -0.193690085346235 0.90885578119804 0.4145150677118 -0.909688349369762 -0.0253843585855385 0 0 0 0 0 0
-3290.56801310461 8757.07606755011 -3658.93336658649 -0.500160311054228 0.095610703424975 0.860638284435872 0.066418351629367 -0.986722046266985 0.148216753363213 0 0 0 0 0 0
-3290.3525630437 8756.66742167765 -3658.6831862715 -0.902200804623719 0.0833258827053066 0.423190861677916 -0.0576384057977491 -0.995652988625896 0.0731637917102204 0 0 0 0 0 0
-3290.43308853097 8756.20790701698 -3658.36946300838 -0.941462821448575 0.195065618704529 -0.274949377576142 -0.228250863443526 -0.969048123374662 0.094059969813577 0 0 0 0 0 0
-3290.7144532012 8755.8693928261 -3658.05313070429 -0.486453056972014 0.0214706222283074 -0.873442863468305 -0.386061286451512 -0.902092304957141 0.192837124124263 0 0 0 0 0 0
-3291.11301046428 8755.53939739687 -3657.9315883699 0.187693444503852 -0.113487171258285 -0.975649441577287 -0.147745500892209 -0.985263339068587 0.0861824788082146 0 0 0 0 0 0
-3291.45821515347 8755.0608936707 -3658.02023057153 0.47873291059333 -0.0226377970076765 -0.877668690601117 -0.160469295151142 -0.985084040254671 -0.0621211634568358 0 0 0 0 0 0
-3291.80876142715 8754.71230959319 -3658.2787203291 0.910134439728681 -0.109982362797494 -0.399448596809703 -0.189843923374811 -0.967657970677425 -0.166124460998695 0 0 0 0 0 0
-3291.85200876504 8754.34070577516 -3658.63045912585 0.955778534612396 -0.124225494898925 0.266562223863957 -0.127553377826839 -0.991819781322854 -0.00486386488821907 0 0 0 0 0 0
-3291.81341631825 8753.86793297441 -3658.82882476305 0.739228827814878 -0.00289719932856547 0.673448102204982 0.0113088073145469 -0.999796346021999 -0.0167145851932147 0 0 0 0 0 0
-3291.51361531164 8753.50417142211 -3658.99457064686 0.157935691087186 0.0510151870085324 0.986130705421598 0.164001656799872 -0.986149525382654 0.024750154635136 0 0 0 0 0 0
-3291.27388906753 8753.10721305953 -3658.88980837031 -0.636633729969035 0.024680021691108 0.770771295777834 0.0806025015112229 -0.99188377159243 0.0983352449618604 0 0 0 0 0 0
-3290.94580484862 8752.89235547679 -3658.29859580043 -0.532384450145004 0.48110691286181 0.696493313421156 -0.27557396907296 -0.87647210927422 0.394785548410496 0 0 0 0 0 0
-3290.92025359097 8752.57498281002 -3657.94472408889 -0.916360876065042 0.400091151837447 0.0144849935690109 -0.372666513539357 -0.865651663157262 0.334315521266195 0 0 0 0 0 0
-3291.18824872385 8752.31201810591 -3657.54738992707 -0.775654495786773 0.20435978628969 -0.597157584657015 -0.415063474032492 -0.877924307463159 0.238686453091523 0 0 0 0 0 0
-3291.64315722074 8752.09340272025 -3657.33442178877 -0.323346080858745 -0.0886645285174707 -0.942117781052913 -0.640471503769278 -0.712394736907068 0.286862321831623 0 0 0 0 0 0
-3292.0932973105 8751.77357988432 -3657.191677677 0.154957760337636 -0.255576338385534 -0.954289698031257 -0.520563594726141 -0.842099972216855 0.14100064055943 0 0 0 0 0 0
-3292.53061901216 8751.50968458213 -3657.40762092295 0.746567687999232 -0.607336348006945 -0.271623356184751 -0.600657709756597 -0.790845718162689 0.117359983698451 0 0 0 0 0 0
-3292.84653405555 8751.08205424707 -3657.39393466171 0.949301232709045 -0.309971829753372 -0.0523892578343558 -0.304109760626899 -0.947707194440987 0.0967901187944489 0 0 0 0 0 0
-3292.85000510478 8750.58827433639 -3657.65210517517 0.86266697410772 -0.11794211628739 0.491828576832907 -0.0749910290825491 -0.991509400832394 -0.106233015668991 0 0 0 0 0 0
-3292.62410452275 8750.15265404734 -3657.81175251675 0.398167527301329 -0.0174632545730213 0.917146474093677 0.0271270919768827 -0.999157333188051 -0.0308016950413416 0 0 0 0 0 0
-3292.31716635843 8749.71585169312 -3657.82404293114 -0.266519152878371 0.114392834243751 0.957017147507127 -0.0435124685894968 -0.993347541606129 0.10661766580782 0 0 0 0 0 0
-3292.2380809118 8749.22531555394 -3657.68440115929 -0.721930022309691 0.325512728161126 0.610621410280567 -0.357589325822079 -0.930980664008524 0.0735178706190531 0 0 0 0 0 0
-3291.39412181421 8749.21878916735 -3658.19631666002 0.406005319393593 -0.190509164651063 0.893793006690062 0.712917727925185 0.677926028073472 -0.179344957192886 0 0 0 0 0 0
-3291.4291209004 8748.68302207827 -3658.65357523217 -0.39572123635166 -0.0257757707928666 -0.918008884891834 0.88652160307496 -0.271688067963103 -0.374519747153444 0 0 0 0 0 0
-3291.0905590462 8748.29851751247 -3658.87816603303 -0.407577829424063 0.525746225202823 -0.746639953154767 0.760146178749285 -0.257746933264089 -0.596443044494458 0 0 0 0 0 0
-3290.89630546267 8748.05862784549 -3659.33295146423 -0.0667193133038651 0.971117352940182 -0.229084307735637 0.791777186693987 -0.0881812096986543 -0.604411251456356 0 0 0 0 0 0
-3290.62992584622 8748.0930801089 -3659.81010681381 0.205659375127529 0.931869841629969 0.298869235089012 0.711159522434421 0.0674851097590485 -0.699784176451322 0 0 0 0 0 0
-3639.86425443692 10050.9360507349 -6158.47581516536 -0.799134929080196 -0.296872337934728 0.522733373808445 0.504034590432976 0.143001383630442 0.851762722785425 0 0 0 0 0 0
-3639.79766464192 10051.1731940204 -6158.0193293782 -0.348678392264873 -0.912810067719676 0.212605642063384 0.527348415889872 -0.00354550345205307 0.849641734888132 0 0 0 0 0 0
-3639.84123097929 10051.1007361041 -6157.48403094127 0.267556391949039 -0.905568325132202 -0.329180172009905 0.624100263200099 -0.0974131593566649 0.775248049244705 0 0 0 0 0 0
-3639.68769454865 10050.828339906 -6157.01707478349 0.481902633521952 -0.445381534878691 -0.754589385158384 0.704630786510025 -0.314910169292789 0.635867155920362 0 0 0 0 0 0
-3639.45281878332 10050.4647210927 -6156.80893799485 0.580449142262008 0.32467811555441 -0.746768313821185 0.814292926208293 -0.228719171038679 0.533492803256535 0 0 0 0 0 0
-3639.03226812439 10050.1928828244 -6156.76018404442 0.300457312351865 0.89027641616578 -0.342247434283017 0.862624430930688 -0.100544040705827 0.495751941035082 0 0 0 0 0 0
-3638.4612872326 10050.1597505616 -6156.75043462138 -0.107857782419767 0.992416773509291 0.0589546132961535 0.900474368530995 0.072389892599004 0.428842179674773 0 0 0 0 0 0
-3638.02767850333 10050.2835875865 -6156.78316991055 -0.334412502799166 0.68859761932699 0.643429558404648 0.927072354563008 0.11762250270957 0.355951957799557 0 0 0 0 0 0
-3637.55115573414 10050.4998931297 -6156.69729325623 -0.492761700501024 -0.159016670259806 0.855511312081158 0.867139261525003 -0.17164386133781 0.467555222392948 0 0 0 0 0 0
-3637.24191891886 10050.6361221228 -6156.31186135389 -0.450249820528905 -0.855596208639264 0.255402088628512 0.855383775429154 -0.331265240386373 0.398223476510771 0 0 0 0 0 0
-3637.0982133761 10050.5299139891 -6155.91039851143 0.0398815890934077 -0.88511396562701 -0.463662298125923 0.814694544990319 -0.239859648815629 0.527958471125392 0 0 0 0 0 0
-3636.07667396104 10050.8293602473 -6155.5108092958 0.907152578112753 -0.280635915774243 -0.313556506551749 -0.394374592485776 -0.826896063451204 -0.400888489546132 0 0 0 0 0 0
-3636.0973372451 10050.4916094473 -6155.89361703976 0.878541163260461 -0.339388722692788 0.336126046842422 -0.205018264703969 -0.90348903280109 -0.376397500982572 0 0 0 0 0 0
-3636.0592595532 10050.080761112 -6156.26679523153 0.501067064807202 -0.339409007561878 0.796073691407621 -0.120841032226102 -0.938310490734409 -0.323992080008575 0 0 0 0 0 0
-3635.86210077495 10049.6347182551 -6156.48377600102 0.0484677628694607 -0.204446975560996 0.977676996838113 -0.101714920033482 -0.97474905478565 -0.198792241390515 0 0 0 0 0 0
-3635.63491645823 10049.1412870702 -6156.4284607764 -0.542081459396924 0.0400420320090628 0.839371388034335 -0.145905466737439 -0.988177285954984 -0.0470876448633075 0 0 0 0 0 0
-3635.53570808998 10048.6518969361 -6156.23679175233 -0.927328981285488 0.197076409863204 0.318153813655359 -0.243766979252261 -0.963119917071789 -0.113919643459143 0 0 0 0 0 0
-3635.63492916032 10048.3714932808 -6155.94356328617 -0.814071244315363 0.0205124554834586 -0.580402660528771 -0.0518009204963144 -0.997957380034952 0.0373862577628283 0 0 0 0 0 0
-3635.80314697653 10047.8952015123 -6155.90320523294 -0.112879231817727 0.149742339613685 -0.982260408828158 -0.0262061994254776 -0.988683470300658 -0.147709954525481 0 0 0 0 0 0
-3635.19684860667 10047.1410343945 -6155.51058125798 -0.365196114426914 -0.930811021859986 0.0149211122726612 -0.236586860706958 0.0772971575948405 -0.968530746423977 0 0 0 0 0 0
-3634.33666806588 10047.514564391 -6154.86425856869 0.835754315004603 -0.525631548542993 -0.158827579870384 -0.096758470096517 -0.425697263648924 0.899677518995779 0 0 0 0 0 0
-3634.38288550524 10047.0103422366 -6154.73234214284 0.931355950351794 0.110295334773396 0.347002929197335 -0.251651527193862 -0.493776080841155 0.83238013602569 0 0 0 0 0 0
-3634.58161959628 10046.2329585662 -6155.75549686739 0.673069840593695 -0.338851294770728 -0.6573863321635 -0.405373183438498 0.57442412235192 -0.71113255431682 0 0 0 0 0 0
-3635.15623632009 10045.9806934247 -6154.86330996562 0.475843474858337 -0.843931647146518 0.24769409031971 -0.850812808774293 -0.513052163431689 -0.113556338544627 0 0 0 0 0 0
-3635.38322074949 10045.631284355 -6155.08356420306 0.0321391479373862 -0.303393531787744 0.952323180458828 -0.932380984205888 -0.352335098504071 -0.0807816727567936 0 0 0 0 0 0
-3635.69259066809 10045.2299372466 -6155.11560506789 -0.189817969954696 0.492704314095024 0.849241777796189 -0.947399697464303 -0.318935414611438 -0.0267210507124537 0 0 0 0 0 0
-3636.0723921477 10044.9688594739 -6154.92419016356 -0.194738460403127 0.948220658530953 0.250907382862572 -0.97822388174916 -0.16902939775829 -0.120445422781752 0 0 0 0 0 0
-3636.4894272806 10044.0598541194 -6155.81735049216 -0.0694150324167386 -0.549831486785916 -0.832386262148392 -0.972041077169045 -0.15034255522489 0.180369787892799 0 0 0 0 0 0
-3636.07814064834 10043.6758266226 -6156.12097502402 -0.181840286663695 -0.711363518760525 -0.678893256943026 0.940264805567141 0.0762892098900033 -0.331786153819213 0 0 0 0 0 0
-3636.15287979698 10044.5800222342 -6156.74153891973 -0.228812444474753 0.0664107860708966 -0.971202590990641 -0.956058037019075 -0.203184436971938 0.211350690615454 0 0 0 0 0 0
-3636.68696045057 10044.6945416973 -6156.72957509766 0.101771473113153 -0.587133976719702 -0.803066784670918 -0.890782008856775 -0.413175594971041 0.189191279971924 0 0 0 0 0 0
-3637.02782511948 10044.0302476125 -6156.01659060911 0.20779898612805 -0.889129867216343 -0.407759316984914 -0.963819808025807 -0.25725790363358 0.0697835845679473 0 0 0 0 0 0
-3637.48748937398 10043.8973096502 -6156.28699001826 0.253277691811445 -0.858721864441667 0.445474096172262 -0.963290452899691 -0.181504929706977 0.197806632458 0 0 0 0 0 0
-3637.86166681857 10043.5114554741 -6156.40258663431 0.390949444490048 -0.191889328014335 0.900187212554772 -0.913297967477015 -0.202241653741786 0.353532369231079 0 0 0 0 0 0
-3638.71174843302 10043.654622761 -6157.12280593075 -0.413738777065972 -0.829091191306611 0.37606917029948 -0.437505265016114 0.543328927391243 0.716507375916719 0 0 0 0 0 0
-3639.16945312163 10043.694471353 -6156.92792769134 0.230034084149321 -0.734307051588629 0.638652858849624 -0.383820778671915 0.534600311904112 0.752917071377526 0 0 0 0 0 0
-3639.5488282206 10043.7513034953 -6156.63175201846 0.845276429809957 -0.136263983075212 0.516662253434689 -0.425568951236153 0.413019950650149 0.805174259467297 0 0 0 0 0 0
-3639.69955319508 10043.5467343561 -6156.23219138358 0.707059699413341 0.673283191473026 0.216232110347684 -0.497432182057953 0.256206895442787 0.828805918765445 0 0 0 0 0 0
-3639.7671237801 10043.4445027869 -6155.6491878248 0.710886627940697 0.701085386472813 -0.0558523328910389 -0.310525125078514 0.384134752074779 0.869491022922848 0 0 0 0 0 0
-3639.64781263786 10043.5128413234 -6155.18276788908 -0.00340010687121558 0.959453169538286 -0.281847573585799 -0.305109083761962 0.267414391615352 0.914001088709925 0 0 0 0 0 0
-3639.53237685453 10043.7098988887 -6154.69734395763 -0.528052571010679 0.683114896979325 -0.504494320853999 -0.185791702946133 0.486749599764527 0.853555077452796 0 0 0 0 0 0
-3639.48494218924 10044.1016082862 -6154.38170936191 -0.891370451722892 0.107109680813235 -0.440438683668243 -0.340587225330315 0.482902648906835 0.806725091726147 0 0 0 0 0 0
-3639.82830292621 10044.4358377043 -6154.03157967392 -0.720469927166493 -0.143037120727664 -0.678574584067697 -0.693196245030322 0.120248717504875 0.710647037434403 0 0 0 0 0 0
-3640.13722094022 10044.7314053773 -6153.88907048005 -0.47271948771095 -0.861912100917026 -0.183422507427786 -0.589598093890998 0.15466336662727 0.792750484518061 0 0 0 0 0 0
-3640.6373103676 10044.8236118968 -6153.72492758698 0.37590205347486 -0.841161146829579 0.388774447794258 -0.52923920376588 0.149508703528876 0.835196391734526 0 0 0 0 0 0
-3640.97201840108 10044.7395037088 -6153.33918997688 0.833318385971593 -0.461316202480186 0.304578116303452 -0.320851536244386 0.0450387170315784 0.94605803503684 0 0 0 0 0 0
-3641.46148318791 10044.1157942506 -6153.4445694276 -0.0560347648029788 -0.54869377608485 0.834143420053904 -0.418988841769051 0.771255260055141 0.479180210683107 0 0 0 0 0 0
-484.208067646327 6944.11380495756 1439.35915417087 -0.193806792068712 0.521771449661972 0.830778840405604 0.241146504161514 -0.795516021508564 0.555880043762921 0 0 0 0 0 0
-483.884341917651 6943.75427030428 1439.6547746914 -0.506409877881795 0.663528914421694 0.550707195622241 0.181075873457229 -0.542584155195758 0.820252377370652 0 0 0 0 0 0
-483.632845251808 6943.90543253094 1440.07971064879 -0.939945949875346 -0.187163525378043 0.285431999048804 0.330198679675915 -0.286857486053469 0.899267265408547 0 0 0 0 0 0
-483.710673915069 6944.18924752111 1440.55046440652 -0.419218443182687 -0.907556997269417 -0.0244170760494501 0.548978160193067 -0.274821024488714 0.789364544510335 0 0 0 0 0 0
-483.661749490068 6944.05358900935 1441.06300754442 0.277948420341219 -0.767330637110617 -0.577882660218523 0.765161258588739 -0.186849312162945 0.616129517957979 0 0 0 0 0 0
-483.458397206285 6943.7006332495 1441.41290789114 0.481425164803944 0.0435320285338044 -0.87540549072143 0.87254750683904 -0.118393925979961 0.473965955106511 0 0 0 0 0 0
-484.113088336903 6943.99989385933 1441.60056501913 0.418323172596499 0.477977728290146 0.772361971181512 0.886563728358351 -0.399775930201015 -0.232774485696466 0 0 0 0 0 0
-484.607473460383 6944.13393823369 1440.95030641796 -0.427947052027495 0.319222084189814 0.845552234712018 -0.900743870778557 -0.227557278891601 -0.369970490820975 0 0 0 0 0 0
-484.992134884426 6943.82787949418 1441.00166436806 -0.434182908869355 0.849225303653473 0.300502221756201 -0.854360329804797 -0.282448493168589 -0.436223882384531 0 0 0 0 0 0
-485.489447462111 6943.79595202284 1441.12109786724 -0.0640500707678162 0.893371438908583 -0.444730323428757 -0.858827880786188 -0.276307740199116 -0.431356817368595 0 0 0 0 0 0
-485.999353702169 6943.83405217142 1440.9807340402 0.359281567277023 0.62641850764622 -0.691748949181166 -0.8408336770144 -0.104288071351096 -0.531152262324384 0 0 0 0 0 0
-486.413143042077 6944.09174657646 1440.84013268492 0.471232940358098 -0.395429351428587 -0.788400370338718 -0.869966638921734 -0.061179371232304 -0.489300655731056 0 0 0 0 0 0
-486.660787807863 6944.28821214197 1440.46391086218 0.180051818580462 -0.910392461694494 -0.372514306189317 -0.806648380345238 0.0800745027729149 -0.585582158618305 0 0 0 0 0 0
-486.882222172656 6944.34681509683 1439.95606373598 -0.482414170306472 -0.806369683627555 0.342117672174232 -0.769829456141366 0.20396347087603 -0.604782201296708 0 0 0 0 0 0
-487.109083335428 6944.17768989866 1439.52261599852 -0.635488890210297 0.10478391477577 0.764966797726248 -0.67625610793174 0.402574270289974 -0.616937301016489 0 0 0 0 0 0
-487.536110292475 6944.17133612622 1439.27307227647 -0.0421949859496903 0.749500124063567 0.660658116721049 -0.480441181755564 0.564555117258043 -0.671158543453836 0 0 0 0 0 0
-488.005852306098 6944.5264827756 1439.23425838165 0.651000389886357 0.621901119694175 0.435244172495098 -0.427443167064372 0.774173119217568 -0.466849355157444 0 0 0 0 0 0
-488.38221616114 6944.94717058061 1439.34288105799 0.940011231358474 0.327527538592859 -0.0954180086945306 -0.33698283638585 0.935036290275099 -0.110225695053052 0 0 0 0 0 0
-488.315121405589 6945.28288852602 1439.64339380929 0.380065691652228 0.34006792218588 -0.860176655303486 -0.514382604171033 0.850604660583287 0.109005724254356 0 0 0 0 0 0
-488.246664156899 6945.74571653949 1439.73705308236 -0.49227881855413 -0.114204724688969 -0.862913000053694 -0.561731356449364 0.79897086184337 0.214717128117021 0 0 0 0 0 0
-488.349513792362 6946.21408909681 1439.60303028219 -0.875386203138289 -0.480200150585214 -0.0557387722601444 -0.461211173920515 0.795043667585919 0.3939413911769 0 0 0 0 0 0
-488.660766234447 6946.53455335114 1439.50859220429 -0.399293063473435 -0.467743971494368 0.788530675746147 -0.385518471841373 0.865995190907158 0.318477373128403 0 0 0 0 0 0
-489.108683888902 6946.84568172498 1439.66069398452 0.395402647133768 -0.406188351550194 0.823812945822379 -0.383171098611057 0.742187969821706 0.549851731506894 0 0 0 0 0 0
-489.511847191931 6946.91973215916 1439.98928965737 0.923553417691783 0.197119622691418 0.328926950887002 -0.366439809010013 0.706445307565534 0.605522001079517 0 0 0 0 0 0
-489.520407803778 6946.9693362208 1440.50904644682 0.430836324799347 0.767199505952645 -0.47516836942226 -0.605424102666473 0.636192680032847 0.478247352092115 0 0 0 0 0 0
-489.545126199995 6947.28760917245 1440.80271702176 -0.283310616095546 0.436741745526766 -0.853810132594944 -0.637443320842979 0.579404892764855 0.507893672881266 0 0 0 0 0 0
-489.901639010072 6947.56684195839 1441.04607904277 0.15518646568785 0.392563528669475 -0.9065379400918 -0.76195368491667 0.631628149196308 0.143082015588102 0 0 0 0 0 0
-489.829358157587 6948.01761154251 1441.16196067336 -0.809246735008006 -0.224497445994841 -0.542881772231005 -0.548399777239924 0.620054578890959 0.561061497092393 0 0 0 0 0 0
-490.088933488388 6948.48544755553 1441.1970973609 -0.797732589467871 -0.601634854860974 0.0407212121295438 -0.483813377794115 0.678890080552176 0.55229781277433 0 0 0 0 0 0
-490.444083373319 6948.78727408537 1441.21003560566 -0.187371787803218 -0.680097802888646 0.708772736243052 -0.547197133683412 0.671494545543854 0.499670263467332 0 0 0 0 0 0
-490.098915907988 6948.90646179458 1440.12507451087 -0.627990562063821 -0.499986396838554 -0.596356820146434 -0.776994531687448 0.445836184883783 0.444420514801102 0 0 0 0 0 0
-490.575582538067 6949.12426495243 1440.03941110769 -0.176792505681149 -0.931263352402278 0.318579626478926 -0.77484862320596 0.331278587837573 0.538390293705385 0 0 0 0 0 0
-491.034960363915 6949.20136800731 1440.3667509956 0.160826860715769 -0.964955958456049 0.207351679791796 -0.857010749004836 -0.0323255974538596 0.514283610315768 0 0 0 0 0 0
-491.529743222572 6949.06322827478 1440.23259529191 0.405597417671875 -0.544470820728323 0.734194974208713 -0.895439141632393 -0.0754118761469764 0.438750262186402 0 0 0 0 0 0
-491.894002323671 6948.79295808029 1440.37872437025 0.408748647269906 0.170413752973416 0.896595614618172 -0.874713826293863 -0.207138209179092 0.438143223602088 0 0 0 0 0 0
-492.15211403668 6948.46173821985 1440.70102698865 0.169172058607311 0.782147292641515 0.599688608529554 -0.826789351579323 -0.218571686245421 0.518310511264123 0 0 0 0 0 0
-492.251612361765 6948.2891802543 1441.0406353594 -0.494460408124835 0.841579279022906 -0.217378062178103 -0.854493497078098 -0.424837174648494 0.298921793263603 0 0 0 0 0 0
-492.621431440348 6948.29201498401 1441.41805877121 -0.423780888356769 0.31594945967211 -0.848873192883631 -0.820700353402922 -0.530460480029677 0.212279554010751 0 0 0 0 0 0
-493.130953163276 6948.09713949559 1441.55802535109 0.0244734727883716 0.220787767169797 -0.975014774758748 -0.865207236903207 -0.483918543203996 -0.131298441550694 0 0 0 0 0 0
-493.590789245621 6948.21807013648 1441.43318365287 0.316283442253783 -0.51675846112864 -0.795566136162203 -0.876769084918332 -0.479476633394401 -0.0371231701265066 0 0 0 0 0 0
-494.004814407879 6948.24629391205 1441.19578870391 0.436217585786458 -0.894643499863603 -0.0965775646951116 -0.89457418297619 -0.442754807242661 0.0608704510907922 0 0 0 0 0 0
-494.305788199229 6947.9048817614 1440.98239874321 0.422967520306993 -0.480262202386364 0.76840529261865 -0.780024379864117 -0.624531095412963 0.039024065394106 0 0 0 0 0 0
-494.500581971281 6947.38053806367 1440.9517006871 0.0551016942804582 -0.0275602519424575 0.998100313495738 -0.757532019735891 -0.652363744851394 0.0238072148376468 0 0 0 0 0 0
-494.524886136625 6946.9323912465 1441.09530719826 -0.620755405932788 0.471572267691196 0.626324454535988 -0.56877402181672 -0.820705489384519 0.0542089642084327 0 0 0 0 0 0
-494.78123392002 6946.55336335336 1441.37116330241 -0.600067793743217 0.799253139071279 0.0333625927777558 -0.793234276263998 -0.599905490173836 0.104368509710649 0 0 0 0 0 0
-495.224821215454 6946.24083255123 1441.63888188594 -0.374761342506047 0.682000189016348 -0.628036367055867 -0.926617693252407 -0.253203759488539 0.277970334266909 0 0 0 0 0 0
-495.147816983936 6946.60059079979 1442.55725902162 0.738112646972045 0.240460503236467 0.630371689373172 -0.630735889765575 -0.0857420173538456 0.771246098091732 0 0 0 0 0 0
-336.590492846577 6348.01019497474 -2505.14432796649 -0.342698029239663 0.131139139408562 -0.930247594391102 -0.48133573687978 -0.874872065477532 0.0539886789009983 0 0 0 0 0 0
-337.018395614184 6347.81629269856 -2505.15432081286 0.375881954337872 -0.259394151498985 -0.889622071764895 -0.607529934127205 -0.793896613830851 -0.0252100314816026 0 0 0 0 0 0
-337.469061524726 6347.65374363848 -2505.46330859368 0.772221526240074 -0.54643444370376 -0.324165564404386 -0.619109909338361 -0.761799659371788 -0.190693993455679 0 0 0 0 0 0
-337.659614298901 6347.2343595374 -2505.7740794194 0.862263643479939 -0.494335770590437 0.110152417347328 -0.450653606300102 -0.848134257025712 -0.278531163764768 0 0 0 0 0 0
-337.656434851332 6346.85363793481 -2506.01907591758 0.603065851279077 -0.435163798372538 0.668538740543155 -0.397397917463194 -0.890582854994879 -0.221217254266225 0 0 0 0 0 0
-337.535199900878 6346.38368646359 -2506.22775914705 0.0933735749705629 -0.15920329673309 0.982820271365285 -0.574464469108514 -0.814860066555107 -0.0774186390068971 0 0 0 0 0 0
-337.59773072502 6345.90354952592 -2506.23226020493 -0.572175613338323 0.399541524408062 0.716227364580966 -0.654708628853828 -0.748483474366507 -0.105494549170013 0 0 0 0 0 0
-337.659950624358 6344.81896355183 -2505.98560752034 -0.401895158487869 -0.459523133110876 0.792034577351251 -0.0198872330856732 0.869139624380941 0.494166784892664 0 0 0 0 0 0
-337.988933890108 6345.19980491312 -2505.91197054649 0.544352198119194 -0.376515002779397 0.749611324010538 0.143306041733583 0.922214121023536 0.359144112282853 0 0 0 0 0 0
-338.077671863435 6345.57669186514 -2505.5664589234 0.918753340242597 -0.387967361161868 0.0733050234715648 0.366655249603556 0.907232683776409 0.206137782626106 0 0 0 0 0 0
-337.85126772846 6345.98981616696 -2505.31030816546 0.710281939876603 -0.319333212617371 -0.627316399598001 0.532480424245892 0.826618593997809 0.18211616581732 0 0 0 0 0 0
-337.426856787584 6346.12176271792 -2505.10641908575 -0.124232952008309 0.344829050592327 -0.93040802850303 0.499584375275996 0.831889754860824 0.241608956244777 0 0 0 0 0 0
-336.936815247237 6346.29838657702 -2505.21562321981 -0.621037771123419 0.501665131562977 -0.60219945417773 0.639214865035606 0.768799356749425 -0.0187591412165308 0 0 0 0 0 0
-336.638644363532 6346.72575801001 -2505.48274347112 -0.894134686361102 0.314251460407971 -0.319012824628401 0.404652876395443 0.872121769747826 -0.275063026153673 0 0 0 0 0 0
-336.588270201379 6346.9832007747 -2505.92893089944 -0.624295210557091 0.527650833512894 0.576055629230915 0.395701165791127 0.849403115814802 -0.349191830138749 0 0 0 0 0 0
-336.46115707534 6347.49091523419 -2506.16181202721 -0.506567665510951 0.28427936304446 0.813986759109644 0.273392156559618 0.948323670588809 -0.16105571872073 0 0 0 0 0 0
-336.576681662642 6347.91254925962 -2506.33658002034 0.240201210161065 0.0683957802716197 0.96831058853975 0.301773537259705 0.942827337714729 -0.141454386526267 0 0 0 0 0 0
-336.601052695798 6348.43749110109 -2506.23752786328 0.764666901509603 -0.312979883584446 0.563318845954198 0.248970405288236 0.949747512599289 0.189719265237021 0 0 0 0 0 0
-336.600409264032 6348.89892760677 -2505.86526688755 0.904812008774025 -0.425800162194923 0.00307419145305407 0.406660784708481 0.866237165622161 0.29027603944378 0 0 0 0 0 0
-336.365010661375 6349.19370772671 -2505.45589998172 0.637788144624612 -0.06237528341147 -0.767681969695546 0.38396876754627 0.889778000628409 0.24670446924754 0 0 0 0 0 0
-335.884513506792 6349.4621847111 -2505.25050856679 0.114850673416567 0.146044063551448 -0.982588649597145 0.660147069469011 0.727908230632984 0.185352244249254 0 0 0 0 0 0
-335.427040743037 6349.75395558971 -2505.29529410402 -0.501909976821611 0.273703698315336 -0.820470999301887 0.404536579223455 0.912742741279648 0.0570161758757872 0 0 0 0 0 0
-335.104448683796 6350.06135007069 -2505.43157500238 -0.863647867049701 0.41148677398747 -0.291188936214767 0.390753504269303 0.911412623261565 0.1289911976095 0 0 0 0 0 0
-335.000513200171 6350.5249752579 -2505.74068396322 -0.812227947330577 0.236091912177654 0.533428880526221 0.256275591278987 0.965884786014285 -0.0372746758637087 0 0 0 0 0 0
-335.1103003915 6350.99263599687 -2505.94801088425 -0.312063745620108 0.130014862132747 0.941122921989551 0.176615836078522 0.981263643717367 -0.0769968048999496 0 0 0 0 0 0
-335.339356063733 6351.4987588441 -2505.89560574137 0.189295822046441 -0.0633032222869945 0.979877438154306 0.182330005754914 0.982830872098619 0.0282709365122747 0 0 0 0 0 0
-335.544076180163 6352.02051687877 -2505.71719637657 0.618523035573496 -0.308804993896756 0.722543237605455 0.263832514876777 0.947773364909592 0.179215102214478 0 0 0 0 0 0
-335.605997166675 6352.40485906392 -2505.36239092506 0.970960053515219 -0.238772418206617 0.0149768748905585 0.218689902645879 0.911194801161531 0.349140030384564 0 0 0 0 0 0
-335.490113853683 6352.85766951106 -2505.10404286435 0.882588234140064 -0.294940246340668 -0.366126016620002 0.41430543152953 0.856027902952224 0.309139513443927 0 0 0 0 0 0
-335.085862010767 6353.1927003266 -2504.85197472151 0.592788826481186 -0.492038097530096 -0.637573460691411 0.681746208888885 0.728036450393864 0.0720071771668356 0 0 0 0 0 0
-334.492945117648 6353.24646090085 -2504.64072920824 0.347848256724096 -0.0547321235692831 -0.935951913798783 0.559449041150631 0.81320320826862 0.160366182274389 0 0 0 0 0 0
-333.999428216886 6353.53996055879 -2504.63930025021 -0.209874044704329 0.0728532278052982 -0.97501040638436 0.585479826076331 0.80802437874038 -0.0656504121757915 0 0 0 0 0 0
-333.566682852478 6353.74576306917 -2504.85275672594 -0.708225004549972 0.347956041718997 -0.614283270129864 0.516347498505253 0.848678777940227 -0.114584434637739 0 0 0 0 0 0
-333.305168243876 6354.07031446296 -2505.15287411302 -0.888068234258206 0.43383988015202 0.152045288290016 0.448087101072007 0.89080372585295 0.0754100249263186 0 0 0 0 0 0
-333.311108784603 6354.48299929421 -2505.48924378234 -0.431028854379895 0.207554980968516 0.878142959071651 0.328685638273828 0.942440125251418 -0.0614195531457088 0 0 0 0 0 0
-333.362758845257 6354.94245007252 -2505.49981466264 -0.0029590853751622 -0.140891107113555 0.990020676425528 0.362787032849939 0.922424801008346 0.132355790506693 0 0 0 0 0 0
-333.546640207938 6355.3910004935 -2505.28207114702 0.747596452938874 -0.13487694474409 0.650313580766782 0.0695025439513156 0.989673625717359 0.125361520985317 0 0 0 0 0 0
-333.485251660391 6355.70461059593 -2504.94826457965 0.963189190039233 0.111936390169337 -0.244411187852406 -0.0976622110029738 0.992768915716397 0.069799516683856 0 0 0 0 0 0
-334.000907861659 6354.9288739964 -2504.86804948642 0.540318235639519 -0.210502781596459 -0.814705335182943 -0.45617769833439 -0.886856855545425 -0.0733949951592089 0 0 0 0 0 0
-334.31427280316 6354.57956413441 -2505.0997713329 0.881082852731927 -0.276169918939021 -0.383957266495874 -0.370061104860785 -0.908089580190453 -0.196030847110198 0 0 0 0 0 0
-334.490135175333 6354.22293692612 -2505.4808757017 0.878544497394334 -0.339210674247482 0.336297018385097 -0.303782811393604 -0.940106486132852 -0.154647335032778 0 0 0 0 0 0
-334.343948210251 6353.80502365291 -2505.65277514701 0.0022161784345102 -0.256741998069279 0.966477436353555 -0.308217189845444 -0.91960285811779 -0.243583142325922 0 0 0 0 0 0
-334.348888730797 6353.22036383862 -2505.78751636421 -0.234761033052315 0.00998095451717217 0.972001871349606 -0.35612797862725 -0.931304591103383 -0.0764501237973464 0 0 0 0 0 0
-334.32334773724 6352.67919868815 -2505.62017278279 -0.588879231555541 0.31379683034854 0.744817292969064 -0.395194761068725 -0.915666443092049 0.0733216599579524 0 0 0 0 0 0
-334.454917211756 6352.15059747695 -2505.42931501107 -0.971805381234871 0.204864904728277 0.116724769494829 -0.181532034799779 -0.966003043475964 0.18407672404904 0 0 0 0 0 0
-334.59854397445 6351.7596330267 -2505.0856082894 -0.845430610307652 0.183194795658313 -0.501683914430731 -0.293681177454083 -0.944031701528354 0.150184927734658 0 0 0 0 0 0
-334.933080811332 6351.38773145521 -2504.81308528735 -0.491237869450253 0.119373455492792 -0.862806660696177 -0.295522830734837 -0.954650523638807 0.0361750498357735 0 0 0 0 0 0
-335.350877947192 6351.11801765252 -2504.77786489724 0.207541256001818 -0.076251852840659 -0.975249856188431 -0.389386978982399 -0.921010302142923 -0.0108537526028431 0 0 0 0 0 0
-335.847261086812 6350.85517557743 -2504.94956072912 0.697787330180049 -0.334183832279398 -0.633572417394614 -0.499312368377131 -0.861119026362218 -0.0957140596913879 0 0 0 0 0 0
-3388.47792413042 8550.65173649274 -3757.13601100297 -0.446496590459608 -0.890132963394192 0.0911268466864696 -0.836015476590358 0.378701228875669 -0.397068636572387 0 0 0 0 0 0
-3388.77507455087 8550.5013711563 -3757.53123482146 -0.597990068148793 -0.38726629279985 0.701735489238262 -0.787388156618107 0.120255713754468 -0.604614301953687 0 0 0 0 0 0
-3389.11892850259 8550.25638468257 -3757.83713989272 -0.549561084076151 0.448475003366726 0.70487785198874 -0.775648641872877 0.0395832684115022 -0.629922494615507 0 0 0 0 0 0
-3389.61729924535 8550.02864234988 -3757.87818092268 -0.115504664019079 0.918127420088555 0.379078768953596 -0.805505365635518 0.136731111970908 -0.576598394856931 0 0 0 0 0 0
-3390.18912511499 8550.06511805848 -3757.90009492388 0.342460404729952 0.938531797850927 0.04334669093373 -0.842549682652882 0.327197846730137 -0.427845300729936 0 0 0 0 0 0
-3390.67211823138 8550.30038562868 -3758.07022360755 0.744321161764122 0.635223835821257 -0.20609873011408 -0.59454981812122 0.489764511535504 -0.63768427690544 0 0 0 0 0 0
-3391.70048978542 8550.76103968926 -3757.56062149853 -0.946848328670812 0.226724603609149 0.22819771386139 0.0882064897911751 0.865193924160722 -0.493618363469281 0 0 0 0 0 0
-3391.74994811561 8550.99067036152 -3758.0444260149 -0.442011877390636 0.497764540695973 0.746227821962792 0.345114128916305 0.862239444575387 -0.370728172979433 0 0 0 0 0 0
-3391.84098487774 8551.43600174 -3758.31454112511 -0.252090351712425 0.26605552307916 0.930411152777405 0.172714934969359 0.958395412545998 -0.22726148914701 0 0 0 0 0 0
-3391.96321405415 8551.90774879412 -3758.43358114503 0.40754625353165 0.0793305948362654 0.909732217718621 0.221548322562628 0.957866603746941 -0.182778308877139 0 0 0 0 0 0
-3392.03967384363 8552.49223586304 -3758.30859255034 0.742765346929606 -0.178338162587555 0.645364346059989 0.267507976589252 0.962645662828781 -0.0418665773387453 0 0 0 0 0 0
-3392.10637413969 8552.98882780938 -3757.95557673759 0.944557688779105 -0.300729772756904 -0.131804310801494 0.288487765104019 0.951792628157529 -0.104238200148856 0 0 0 0 0 0
-3391.83297295514 8553.47546319982 -3757.83467818232 0.631866976055851 -0.512309351739243 -0.581621227854135 0.491960151016789 0.844959666400905 -0.209805557522222 0 0 0 0 0 0
-3391.33321083511 8553.66577361687 -3757.82344791162 -0.29702149049204 -0.0513143999986826 -0.953490989227828 0.477385401709534 0.856824088782442 -0.194822121733559 0 0 0 0 0 0
-3390.93567112476 8553.94480921722 -3757.99292862566 -0.709637494362371 -0.0740603532860651 -0.700663750072914 0.248286297525818 0.904380252654035 -0.34705946618749 0 0 0 0 0 0
-3390.6881721446 8554.23035556641 -3758.39939172648 -0.985304756424617 0.0307946890453233 -0.168006619195875 0.0907380236432365 0.92771035597758 -0.36210510418561 0 0 0 0 0 0
-3390.66337897943 8554.65005824973 -3758.80767956293 -0.942510334540598 0.0642305090472344 0.327946201368005 -0.0327707250738811 0.958859963330885 -0.281981648869615 0 0 0 0 0 0
-3390.87520782503 8555.05832401904 -3759.04271380335 -0.55322296380176 -0.048121532747324 0.831642152856892 -0.148173212725208 0.988094791075608 -0.0413930293641415 0 0 0 0 0 0
-3391.27738720094 8555.37598687874 -3759.03261347589 0.463637335736124 0.206259611386163 0.861682884605664 -0.124909249603732 0.978029581172611 -0.166900622271936 0 0 0 0 0 0
-3391.38913988118 8555.92455651996 -3758.99924938818 0.612231916007066 -0.0537386448971977 0.788849947117276 -0.097788344278807 0.984881785789693 0.142987089427381 0 0 0 0 0 0
-3391.84467533619 8556.7000384012 -3759.39255273493 -0.916263510987593 0.128280358711318 -0.379480339413762 0.400575277867666 0.295293320545734 -0.867376101585879 0 0 0 0 0 0
-3391.57153686331 8556.35856056581 -3758.6881787256 0.965013607956642 -0.0935390372198585 0.244947310608804 0.0283074709400599 0.965908086722785 0.257332965421275 0 0 0 0 0 0
-3391.49372511102 8556.77969733779 -3758.32209551687 0.965943692923891 -0.0140665243241976 -0.258369725382043 0.0982495387137462 0.94367852263219 0.31593966839456 0 0 0 0 0 0
-3391.25357352218 8557.10417890899 -3757.97066894765 0.593952785579901 -0.0192925441134473 -0.804268541125106 0.0988620837609045 0.993885671881451 0.0491686853923276 0 0 0 0 0 0
-3390.90354737892 8557.45702730476 -3757.91078878359 -0.164143989736424 0.0733027476768075 -0.983709031073945 -0.0437227692516456 0.995714419401968 0.0814930331008067 0 0 0 0 0 0
-3390.79734717125 8558.00859782956 -3757.91866257667 -0.306017440830204 -0.138149628997573 -0.941949046347819 0.126687444477453 0.974706692346562 -0.184111801106278 0 0 0 0 0 0
-3390.51490808746 8558.27927916606 -3758.176136398 -0.932075803583444 0.25353588350709 -0.258755197336318 0.270908106331037 0.962031622574948 -0.0332258196278762 0 0 0 0 0 0
-3390.50483705411 8558.64819295048 -3758.51625481759 -0.660016917391967 0.312573877934747 0.683136325771979 0.306502328244136 0.942247623776771 -0.135002734298064 0 0 0 0 0 0
-3390.53789232155 8559.14060925969 -3758.74580146451 0.0313955120781926 0.0289690916870846 0.999087140117504 0.382735525966435 0.923043201197807 -0.0387913119873746 0 0 0 0 0 0
-3390.6155680064 8559.5957320783 -3758.80211964793 0.827869730878326 -0.196940449138918 0.525210594131925 0.468371021306663 0.757921366731089 -0.454074650528559 0 0 0 0 0 0
-3390.38238697993 8560.02918182591 -3758.63178159562 0.738772577886911 -0.638733485452611 -0.215022354009736 0.535567262620137 0.750071363103129 -0.388021465208031 0 0 0 0 0 0
-3390.69291740921 8560.33975775344 -3759.3893703802 -0.913451859026645 -0.0207153859980282 -0.406419209712975 -0.324901194610218 0.638487489535983 0.697691149038664 0 0 0 0 0 0
-3390.82424495159 8560.83050346757 -3759.30652678818 -0.851020966759791 -0.515506688488045 0.10008080864642 -0.264952901342268 0.586054810288319 0.765728228164691 0 0 0 0 0 0
-3391.1715107458 8561.13965087184 -3759.1643674955 -0.115163366460171 -0.723537572668754 0.680610593483652 -0.27444889040751 0.681675029836975 0.678230757376017 0 0 0 0 0 0
-3391.5868844801 8561.40827428944 -3758.92254887955 0.411439871458908 -0.645477182946509 0.643487714311094 -0.227745418740171 0.61080963125056 0.758316305122354 0 0 0 0 0 0
-3391.94215129493 8561.45862678228 -3758.53020812009 0.74968024017376 -0.455516011822126 0.480088221545456 -0.29409393001124 0.420560109417122 0.858276152935407 0 0 0 0 0 0
-3392.17559459253 8561.38714264379 -3757.99083381766 0.994811350951958 0.00436108236335726 0.101643282993814 -0.0967753550457783 0.348755372641558 0.932203958750129 0 0 0 0 0 0
-3392.02310750729 8561.31918345858 -3757.46345792871 0.78917741230696 0.578817724574268 -0.205351049724996 0.123744268722088 0.177645973024213 0.976283393399025 0 0 0 0 0 0
-3391.67335059239 8561.26379886888 -3757.06399626477 0.0505161794443642 0.987201038910732 -0.151268715826893 0.262575835644601 0.133005592500332 0.955700498534544 0 0 0 0 0 0
-3391.31514231261 8561.43097253434 -3756.69201676148 -0.566360001823721 0.819099378879791 -0.0911732189459958 0.15396199448578 0.213831452399179 0.96466150240321 0 0 0 0 0 0
-3391.18190376502 8561.75344681365 -3756.34208237775 -0.995988720948244 -0.0578559484541353 0.0682580176415453 0.0640677007937523 0.0714253848661008 0.995386228612658 0 0 0 0 0 0
-3391.36829971712 8561.98272156139 -3755.90239036257 -0.420219036047486 -0.897190762822581 0.135884866152038 -0.0496752845237765 0.172268364259199 0.98379671517186 0 0 0 0 0 0
-3391.71145058703 8561.95638318995 -3755.4898085582 0.450627388857781 -0.886144973696309 0.108083495520762 0.00992613700509204 0.126039395580041 0.991975575589427 0 0 0 0 0 0
-3391.78621164008 8561.93639630508 -3754.95491853592 0.796294154590465 -0.494788023319158 -0.347994872584319 0.327768927544366 -0.130590188631961 0.935688908115024 0 0 0 0 0 0
-3391.76312214544 8561.68638379101 -3754.48435487644 0.945308160223207 0.115677322079668 -0.304977440758973 0.316377683544247 -0.0976931809322624 0.943589531393027 0 0 0 0 0 0
-3391.60498030651 8561.39043558318 -3754.16360975697 0.482716165747325 0.850875863125655 -0.207353246601959 0.0897415650369885 0.187460706092844 0.978164063527118 0 0 0 0 0 0
-3391.2490566412 8561.33590927824 -3753.84021850503 -0.500314302806091 0.865200037535211 -0.033384029965319 0.0157288834559999 0.0476322078341148 0.998741095080239 0 0 0 0 0 0
-3391.02648873832 8561.51711743666 -3753.55800642335 -0.988043692798161 0.0451144401966824 0.147425738619531 0.145120455214129 -0.0507152823427293 0.988113360710876 0 0 0 0 0 0
-3391.14307250109 8561.54126737554 -3753.03200996248 -0.888546890849816 -0.426522367536011 -0.16900619146233 -0.192524996669595 0.0122760969812813 0.981215278672463 0 0 0 0 0 0
-2943.1692891519 9147.42473576619 -4656.77944922344 0.855799838334189 0.185397613314784 -0.482943435284463 0.246359511903467 -0.966972838863411 0.0653492141890068 0 0 0 0 0 0
-2943.12166416915 9147.03568819691 -4657.00166948529 0.927091691172841 0.281755419866722 0.247214238129621 0.287881797319216 -0.957593389760132 0.0117885817619709 0 0 0 0 0 0
-2942.80302815483 9146.67378130804 -4657.21538288244 0.511716118428998 0.360483017786786 0.779870891896403 0.424583579712972 -0.895234898402485 0.1352156075326 0 0 0 0 0 0
-2942.39968268232 9146.36742693891 -4657.17601224705 -0.0052627766909427 0.257048687602582 0.966384124136614 0.520893820567812 -0.824228735080122 0.222073456231245 0 0 0 0 0 0
-2941.91447010995 9146.18153904665 -4657.02420674592 -0.510636118818897 0.0451002466833573 0.85861325514266 0.657022804366982 -0.623670034694628 0.423505280209996 0 0 0 0 0 0
-2941.60506179605 9146.11270800679 -4656.59212848959 -0.765076490305215 -0.471531331219152 0.438538672936549 0.616533379004666 -0.732957315788526 0.28750681001529 0 0 0 0 0 0
-2941.42498623274 9145.80340208174 -4656.22368946217 -0.62046869881496 -0.702697670383301 -0.348187561278045 0.607482033530196 -0.711447084114209 0.353282642431535 0 0 0 0 0 0
-2941.29416231358 9145.35525410298 -4655.98618331781 -0.417705860660286 -0.28343929079359 -0.863240396647699 0.535398287599775 -0.84440391416011 0.0181852518903518 0 0 0 0 0 0
-2941.06177985368 9144.76925984042 -4655.92126805534 -0.000837523301357116 0.242540378657175 -0.970140950210614 0.728125210922561 -0.664829498599154 -0.166839488765022 0 0 0 0 0 0
-2940.1162632779 9144.54485006849 -4655.32625351593 0.520176864590879 -0.655210344974168 0.547827923150358 0.301090051741858 -0.459571402488919 -0.835547070341614 0 0 0 0 0 0
-2939.61781525437 9144.60036234329 -4655.62782074791 0.0468209139787149 -0.862583347932983 0.503743754187508 0.447179421899241 -0.432841646260041 -0.782737934364216 0 0 0 0 0 0
-2939.12948996267 9144.44976167015 -4655.68498860944 -0.485570990593658 -0.874170550509553 -0.00683093812880961 0.716293016356354 -0.393371838997508 -0.576353113119757 0 0 0 0 0 0
-2938.7654402272 9144.07269683478 -4655.8405283801 -0.77722339270334 -0.576381808677892 -0.252404057930755 0.558560096554801 -0.447301303754473 -0.698521411408584 0 0 0 0 0 0
-2938.48946433799 9143.71060466047 -4655.9698108087 -0.843468961356872 -0.00470416032109104 -0.537157315972922 0.472348566987938 -0.482717441571801 -0.737475899854915 0 0 0 0 0 0
-2938.46637642666 9143.23368364012 -4656.21650020626 -0.523785203312603 0.479878698316413 -0.703822062522141 0.460031294973653 -0.536039102285759 -0.70783704937333 0 0 0 0 0 0
-2938.57489314633 9142.91697051026 -4656.57983694688 0.349561515853136 0.78316047139392 -0.514262989802408 0.443528620092027 -0.621814784509527 -0.645467843447397 0 0 0 0 0 0
-2938.37141938779 9142.70203581886 -4657.03548656477 0.619493467322231 0.761649817950117 0.190045780699374 0.700165482886995 -0.426636863761147 -0.572493915298384 0 0 0 0 0 0
-2937.90546733604 9142.62541956829 -4657.39785243175 0.273238205843859 0.8187089348894 0.505031249329677 0.792904682288415 -0.488943933484302 0.363642674495179 0 0 0 0 0 0
-2938.52681900367 9141.93089244385 -4657.82714019497 -0.0154169649927455 0.437485153853027 -0.899093464189684 -0.704095646347279 -0.643202196734658 -0.300899077616597 0 0 0 0 0 0
-2938.93599348962 9141.84249013237 -4658.08162691169 0.619890629667854 -0.113125069484858 -0.77649103401394 -0.690400449367342 -0.548932912958711 -0.47118985195358 0 0 0 0 0 0
-2939.88070091707 9141.29427769507 -4658.51848568693 -0.79210721672045 -0.0521531442017772 -0.608149822633576 -0.227366258131431 0.94984989822973 0.214685247505002 0 0 0 0 0 0
-2939.92029989983 9141.72696316232 -4658.71112490122 -0.965340801911765 -0.210604210395151 0.154152530722613 -0.164065330218568 0.949022709016883 0.26914394882763 0 0 0 0 0 0
-2940.15156491453 9142.18241127168 -4658.76791405848 -0.75819476155897 -0.506920964625414 0.410087599383079 -0.470965378911461 0.86073005580201 0.193223660315845 0 0 0 0 0 0
-2940.51366964991 9142.53778712689 -4658.86011587693 -0.343992570208182 -0.464656083989067 0.815943524549043 -0.353264263346195 0.8691736554424 0.346036872207814 0 0 0 0 0 0
-2940.89812639851 9142.82052506073 -4658.7228250311 0.138526530130101 -0.406327140266012 0.903165906981303 -0.290016362295168 0.855335946526043 0.429291192760202 0 0 0 0 0 0
-2941.09921447464 9143.19441708976 -4658.41109890101 0.723877881587822 -0.405960104562213 0.557850523036201 -0.144937219027235 0.701041284968964 0.698236578324077 0 0 0 0 0 0
-2941.26557070356 9142.46151443259 -4658.18053175606 0.291661224370405 -0.421115082679152 0.858833987065537 -0.210039562973479 0.847761327714371 0.487015516403611 0 0 0 0 0 0
-2941.62725871594 9142.588127834 -4657.86053809369 0.835968173382245 0.0958715091915905 0.54033865937695 -0.357833279176366 0.841740915356029 0.404261766346364 0 0 0 0 0 0
-2941.81797944685 9142.84265299297 -4657.41019662875 0.925245346600489 0.376785482531909 -0.0442012301563808 -0.301726966464679 0.801497077986603 0.516297658029707 0 0 0 0 0 0
-2941.86000846351 9143.07710800001 -4656.97867316469 0.565079520161643 0.532215545227038 -0.630421882006466 -0.260256540362368 0.840088369171194 0.475939140207963 0 0 0 0 0 0
-2941.66929187182 9143.48182629713 -4656.69780448563 -0.206012392553961 0.349666864558409 -0.913943093383874 -0.137144348565234 0.914442143673372 0.380771576579274 0 0 0 0 0 0
-2941.46857774846 9143.90821180154 -4656.660378332 -0.834474964145097 0.137235571520529 -0.53368336317003 0.00319845786325855 0.969681705052294 0.244350487525959 0 0 0 0 0 0
-2941.43458047124 9144.38177714422 -4656.83856767622 -0.884967113125787 -0.241990175888571 0.397836603971064 -0.1049742963228 0.936046073957624 0.335854350187774 0 0 0 0 0 0
-2941.72144970715 9144.83469888236 -4656.85186693842 -0.458319359148779 -0.479718164421878 0.748207088815094 -0.318838149652793 0.87453860011112 0.365410004298824 0 0 0 0 0 0
-2942.10600344104 9145.02350044361 -4656.7172951114 0.346863253683954 -0.168645776276396 0.92262911583578 -0.322915914425284 0.902087818539736 0.286291599340782 0 0 0 0 0 0
-2942.47586575908 9145.28286215071 -4656.42854325801 0.849540572350438 0.267777608075981 0.45450629098352 -0.381492570511614 0.90692617359859 0.178740969803406 0 0 0 0 0 0
-2942.59495974012 9145.62212202356 -4656.077454761 0.845863134911253 0.330702620446915 -0.418510852699965 -0.401709613252896 0.911140958017475 -0.0919322644298865 0 0 0 0 0 0
-2942.72539996461 9146.2019141098 -4656.04298180121 0.727857811801719 -0.0755709994052736 -0.681551193857146 -0.164597655189915 0.945597504544113 -0.280629598057525 0 0 0 0 0 0
-2942.52067112812 9146.66650156734 -4656.05196062156 0.0992894302968081 -0.351390681835875 -0.930949084402716 -0.0960781015013867 0.927815303758825 -0.360454935495144 0 0 0 0 0 0
-2942.19959687594 9147.05197079118 -4656.23494005569 -0.575294779261326 -0.279450494943426 -0.768728390155155 0.00597814179243439 0.938365996013987 -0.345591549875555 0 0 0 0 0 0
-2942.11878882794 9147.50776275307 -4656.57464955525 -0.807678599544291 -0.423504791086523 -0.410242576733491 -0.197701474233005 0.850010605212303 -0.488258228924727 0 0 0 0 0 0
-2942.13300093648 9147.79055544636 -4656.9502208544 -0.888669062225982 -0.111519875266032 0.444781536558166 -0.206041229361318 0.963654201982029 -0.170051729793187 0 0 0 0 0 0
-2942.45306396878 9148.16700202145 -4657.11493582757 -0.271497108635865 0.0458342822711857 0.961347251814375 0.0736001801920369 0.99692914237969 -0.026745065896282 0 0 0 0 0 0
-2942.6232615265 9148.64497437809 -4657.10491889098 0.442575793601613 -0.275725289054711 0.853289067018674 0.272123818321768 0.947978989693278 0.165180091421738 0 0 0 0 0 0
-2942.79522089136 9149.05138506065 -4656.91842986823 0.973903348763301 -0.131041661367915 0.185311495200826 0.105694061738972 0.984403092325976 0.140638960221462 0 0 0 0 0 0
-2942.80833790402 9149.46085871537 -4656.63004809206 0.699041427265381 -0.069580090811022 -0.711687918914962 0.0967510990282616 0.99530600343646 -0.00227691900703415 0 0 0 0 0 0
-2942.59056992197 9149.9294650562 -4656.69561106564 0.247746950005843 -0.307646230584086 -0.918681253520614 0.329872777104174 0.918370993844176 -0.218583321850596 0 0 0 0 0 0
-2942.08505628644 9150.1640644329 -4656.78224298271 -0.502195734870912 -0.120164046119515 -0.856364435212983 0.306454785197729 0.901297781464756 -0.306182582385287 0 0 0 0 0 0
-2941.74434295609 9150.45822239348 -4657.12812849671 -0.93546280478062 0.0683936736531358 -0.346744352911772 0.185412089003583 0.930216600416538 -0.316732432126593 0 0 0 0 0 0
-5042.8729542189 10943.3973989904 -4158.25716254552 -0.45020517353353 0.173889038935604 -0.87582983727531 -0.773204494780935 -0.566519523720793 0.284974452352706 0 0 0 0 0 0
-5043.34985374116 10943.491980841 -4158.1213106514 -0.0358719597198519 -0.432922496689712 -0.900717111176314 -0.926411345912634 -0.323618458908506 0.192439889882595 0 0 0 0 0 0
-5043.88551818025 10943.485318717 -4158.2682277305 0.275357088125724 -0.821270798342282 -0.499692655348419 -0.912788523711216 -0.386456906527497 0.132167206137896 0 0 0 0 0 0
-5044.40212419656 10943.3340651502 -4158.54038234269 0.48158991084227 -0.864157491704764 -0.14595542917434 -0.876276110783606 -0.472036481632394 -0.0965491464388325 0 0 0 0 0 0
-5044.6649928171 10943.1190029256 -4158.84914963948 0.0829933996005577 -0.745434313331866 0.661392304256854 -0.938312153605295 -0.282009679837539 -0.200102081134912 0 0 0 0 0 0
-5044.84256527803 10942.6361386705 -4158.96228604351 -0.481017042826127 0.124786556029269 0.867785065523233 -0.838407037583685 -0.35485469110779 -0.413704952265434 0 0 0 0 0 0
-5045.27310962792 10942.2697310458 -4158.99655134333 -0.462324313931704 0.640677447548046 0.613016016879576 -0.885532927812923 -0.369224176924729 -0.281966205303629 0 0 0 0 0 0
-5045.71756364118 10941.9870113954 -4158.82945241709 -0.247948856427105 0.968568514540358 -0.0199097272099728 -0.950798758138209 -0.247237570445081 -0.186695755932624 0 0 0 0 0 0
-5046.23777416946 10942.056213759 -4158.7037480169 0.0477160867472456 0.828619347070008 -0.557775181167828 -0.959559215285278 -0.117072508739058 -0.25600808592434 0 0 0 0 0 0
-5046.69194702105 10942.2544820119 -4158.65076890222 0.282302777951214 0.415769999761352 -0.8645463832898 -0.940453365743203 -0.0579331131605823 -0.334949580178576 0 0 0 0 0 0
-5047.11811549255 10942.4228616587 -4158.78157217588 0.386088686874792 -0.172498799260894 -0.906189654609259 -0.904962486532026 -0.261265183910528 -0.335832401125874 0 0 0 0 0 0
-5047.57926354302 10942.5624233973 -4159.0336386807 0.499202868486468 -0.697179268591574 -0.514526543086943 -0.865915057143691 -0.422934088905336 -0.267054058672867 0 0 0 0 0 0
-5048.11765989558 10942.4029661807 -4159.14359819183 0.777787846768712 0.119385767660107 -0.61708435719851 -0.295891804856543 -0.796643762095697 -0.527073767259149 0 0 0 0 0 0
-5047.8032659174 10941.8604992625 -4159.49299418181 0.197250182020695 -0.16112196185983 -0.967022274355272 0.826643634008262 0.557609561277563 0.0757091772868933 0 0 0 0 0 0
-5047.40914275921 10941.8241879764 -4159.57713135687 -0.199608648854391 0.787680463261819 -0.582851503470799 0.924568881146351 0.348410833409908 0.154215029028946 0 0 0 0 0 0
-5047.08064133833 10941.942961191 -4159.8442929596 -0.294044729628671 0.854944366503405 0.427326370777294 0.955775914161568 0.260448903568993 0.136597110285423 0 0 0 0 0 0
-5046.65461470576 10942.2576365905 -4159.85051724606 -0.44208423065961 0.184616207297147 0.877768983847867 0.841322706986719 0.424672243216762 0.334409312893322 0 0 0 0 0 0
-5046.47040129026 10942.7632406206 -4159.70828879981 -0.0780374626539305 -0.495703315313227 0.864978830729407 0.798332162850942 0.488606578403691 0.352036034090795 0 0 0 0 0 0
-5046.13257607259 10943.015399121 -4159.41335615813 -0.162689693606272 -0.77838638320305 0.606338768378183 0.86082375028574 0.188349531779184 0.472765189943757 0 0 0 0 0 0
-5046.05410157975 10943.1576064541 -4158.90163199975 0.245427386408344 -0.961162312873024 0.126223636112058 0.826069479533994 0.275496439480265 0.491641054852148 0 0 0 0 0 0
-5045.74531356455 10943.0864491698 -4158.39021402991 0.420269971705652 -0.836281001316164 -0.352146613955273 0.863582835948406 0.249489275743206 0.43815498028031 0 0 0 0 0 0
-5045.42750909958 10942.9384880507 -4157.95945514017 0.448435192804616 -0.284590236442297 -0.847298220921066 0.88633237760973 0.263992975276227 0.380424270263462 0 0 0 0 0 0
-5045.05282022046 10942.7919858207 -4157.80552122371 0.253773464683896 0.529376778733417 -0.809542620718738 0.838579924361061 0.296700338571088 0.456894538761845 0 0 0 0 0 0
-5044.5429074117 10942.6851685236 -4158.0263106652 -0.182806090017565 -0.657011909010788 -0.731380396832244 0.881001722383863 0.220714171146093 -0.418474873573025 0 0 0 0 0 0
-5044.09936774919 10942.4096047287 -4158.14745629368 -0.470452402410333 0.0941240616220442 -0.877391131759442 0.848140339344047 0.322694071622302 -0.420150569340547 0 0 0 0 0 0
-5043.83181633992 10942.3364992002 -4158.52124760871 -0.45847392034467 0.815373256081257 -0.353508299239547 0.874217907842298 0.342245878543949 -0.344399198935648 0 0 0 0 0 0
-5043.5358019936 10942.5198652909 -4158.87593409066 -0.364226145078238 0.834384356320188 0.413693196909971 0.761305371619081 0.522610021397288 -0.383787567124131 0 0 0 0 0 0
-5043.29674694903 10942.8843419224 -4159.20271734502 -0.143344179955142 0.474725825615506 0.868382310141486 0.753043718160645 0.621663563647054 -0.215544826364346 0 0 0 0 0 0
-5043.25457386476 10943.401810569 -4159.3253565106 0.431917326515713 -0.132202242818454 0.892171502598738 0.676341041737251 0.70188642003552 -0.223423921350183 0 0 0 0 0 0
-5043.0021484278 10943.8390448477 -4159.29872834234 0.50994954618876 -0.725703806951921 0.461850024269098 0.827962390048533 0.559707553227276 -0.034723702646137 0 0 0 0 0 0
-5042.64421522759 10944.1037458481 -4159.07548796226 0.443431539724644 -0.801286091631184 -0.401633002797147 0.868775003433314 0.494454904034062 -0.02728261875467 0 0 0 0 0 0
-5042.10660888275 10944.1366976649 -4158.87851100184 -0.0120243989616227 -0.278434923257383 -0.960379824517502 0.854572422799171 0.495833069106222 -0.15445239322153 0 0 0 0 0 0
-5041.50967890743 10943.9684466142 -4157.72772809648 0.157723359620966 -0.303541163615814 0.939673402741949 0.383019814111778 -0.858281463372108 -0.341538799596199 0 0 0 0 0 0
-5041.06782139594 10943.7247898324 -4157.69244640152 -0.584087235307945 -0.534988127538896 0.610434111876743 0.46323711532819 -0.837258040365437 -0.29053459144454 0 0 0 0 0 0
-5040.74900661509 10943.3320868398 -4157.60119397217 -0.914868573768116 -0.387431022034989 0.113634043738739 0.280701683362359 -0.812634778813235 -0.510716439152592 0 0 0 0 0 0
-5040.61586508758 10942.835326829 -4157.54735120309 -0.863675022286434 -0.00192933576199056 -0.504045368535458 0.225316310028385 -0.895998843439491 -0.382646877669592 0 0 0 0 0 0
-5040.80689655384 10942.4044111945 -4157.61743466559 -0.14990907220037 0.284979364364844 -0.946738629167646 0.182102556785359 -0.933218691837008 -0.309744301026279 0 0 0 0 0 0
-5040.93847795244 10941.9768499349 -4157.881674104 0.367853394308536 0.501504274382187 -0.783056411168496 0.293914527107484 -0.861636487669561 -0.413759367110458 0 0 0 0 0 0
-5041.11419673407 10941.6786510601 -4158.24052126943 0.853240762934102 0.357808052980075 -0.379412173882494 0.100043641053321 -0.826303023361372 -0.554269414155833 0 0 0 0 0 0
-5041.08537009441 10941.3709223674 -4158.69134909045 0.963297904416735 0.223171014024283 0.149170526062287 0.268300261206122 -0.818045419145316 -0.508740269737015 0 0 0 0 0 0
-5040.86135536769 10941.1510394984 -4159.14397361151 0.742168936292187 0.113922234458924 0.660459684234253 0.562996494060641 -0.640622286572411 -0.522147520938444 0 0 0 0 0 0
-5040.4875133212 10941.1019247225 -4159.4763442833 0.355537039158161 -0.15853879395916 0.921118268517471 0.788558883310567 -0.478182225547976 -0.386673824717909 0 0 0 0 0 0
-5040.01756547016 10941.1302922573 -4159.51002448628 -0.276931405703086 -0.862829656941104 0.422887667871989 0.817153926002368 -0.443015546427406 -0.368777286234583 0 0 0 0 0 0
-5039.62827871131 10940.8833055977 -4159.42568739945 -0.586781736292823 -0.689682485183992 -0.424293841086119 0.80382286724656 -0.432866188588311 -0.408038798239269 0 0 0 0 0 0
-5039.36337627412 10940.4274942784 -4159.39059690352 -0.316484027262379 -0.0482628527108263 -0.947369282558813 0.754907349284168 -0.617571295970869 -0.220727407427381 0 0 0 0 0 0
-5039.265310544 10939.9386088218 -4159.58337839793 0.133482875638733 0.57290623315009 -0.808678409461381 0.770320312141905 -0.573359553544315 -0.27904379416332 0 0 0 0 0 0
-5038.77303566664 10939.5300121191 -4159.73244385389 0.219356406042961 0.901442178660018 -0.373208742744053 0.899857894708342 -0.334746811935917 -0.279643239199181 0 0 0 0 0 0
-5038.45682922367 10939.4805414802 -4160.19286156365 0.510015288989613 0.774621205628578 0.373960416070163 0.82368178829943 -0.314538911569818 -0.471819440816428 0 0 0 0 0 0
-5038.17502407394 10939.6145577504 -4160.5862017839 0.549437625071662 -0.0665042902466861 0.832883830755764 0.731176292726149 -0.444136828005296 -0.517806630861984 0 0 0 0 0 0
