#id1 id2 FENE BEXC STCK NEXC HB CRSTCK CXSTCK total, t = 1000000
0 1 0.00710387 0 -1.26358 0 0 0 0 -1.25647
1 2 0.105974 0 -1.14821 0 0 0 0 -1.04224
2 3 0.00445785 0 -1.33512 0 0 0 0 -1.33066
3 4 0.102533 0 -1.35254 0 0 0 0 -1.25001
4 5 0.0437547 0 -1.384 0 0 0 0 -1.34024
5 6 0.00371441 0 -0.95743 0 0 0 0 -0.953716
6 7 0.00956299 0 -1.31073 0 0 0 0 -1.30117
7 8 0.0341234 0 -1.26829 0 0 0 0 -1.23417
8 9 0.0303292 0 -1.23284 0 0 0 0 -1.20251
9 10 0.0436548 0 -1.28297 0 0 0 0 -1.23931
10 11 0.00561966 0 -1.00514 0 0 0 0 -0.999516
11 12 0.000420129 0 0 0 0 0 0 0.000420129
12 13 0.00796624 0 -0.904009 0 0 0 0 -0.896043
13 14 0.0345932 0 0 0 0 0 0 0.0345932
14 15 0.0705342 0 -1.29937 0 0 0 0 -1.22884
11 16 0 0 0 0 0 -0.0885873 0 -0.0885873
15 16 0.0298106 0 -1.13192 0 0 0 0 -1.10211
11 17 0 0 0 0 -0.564793 0 -0 -0.564793
10 17 0 0 0 0 -0 -0.192856 0 -0.192856
16 17 0.159298 0 -1.36119 0 0 0 0 -1.20189
11 18 0 0 0 0 -0 -0.124224 0 -0.124224
10 18 0 0 0 0 -0.817325 0 -0 -0.817325
9 18 0 0 0 0 0 -0.165886 0 -0.165886
17 18 0.0634678 0 -1.38369 0 0 0 0 -1.32022
8 19 0 0 0 0 0 -0.101697 0 -0.101697
10 19 0 0 0 0 0 -0.159541 0 -0.159541
9 19 0 0 0 0 -0.381414 -1.91416e-05 -0 -0.381433
18 19 0.0554686 0 -1.04342 0 0 0 0 -0.987953
20 21 0.00422503 0 -1.32053 0 0 0 0 -1.3163
21 22 0.044849 0 0 0 0 0 0 0.044849
22 23 3.72039e-05 0 -1.05282 0 0 0 0 -1.05278
23 24 0.0491118 0 -0.895561 0 0 0 0 -0.846449
24 25 0.0170619 0 -0.933759 0 0 0 0 -0.916697
25 26 0.0993533 0 -1.1847 0 0 0 0 -1.08535
26 27 0.00434506 0 -1.34452 0 0 0 0 -1.34017
27 28 0.0137993 0 -1.04367 0 0 0 0 -1.02987
28 29 0.105912 0 -0.675713 0 0 0 0 -0.569802
29 30 0.00409718 0 -0.967026 0 0 0 0 -0.962929
30 31 0.078345 0 -1.22311 0 0 0 0 -1.14476
31 32 0.0271812 0 -1.15866 0 0 0 0 -1.13148
32 33 0.0643722 0 -1.30028 0 0 0 0 -1.23591
33 34 0.032556 0 -1.29858 0 0 0 0 -1.26602
34 35 0.0335255 0 -1.39161 0 0 0 0 -1.35809
35 36 0.00637387 0 -1.1449 0 0 0 0 -1.13853
36 37 0.00677102 0 -1.32992 0 0 0 0 -1.32314
37 38 0.0569639 0 -1.2892 0 0 0 0 -1.23223
38 39 0.00567795 0 0 0 0 0 0 0.00567795
40 41 0.010181 0 -1.09235 0 0 0 0 -1.08217
41 42 0.144248 0 -1.00597 0 0 0 0 -0.861719
42 43 0.0292492 0 -1.34445 0 0 0 0 -1.3152
43 44 0.0958879 0 -1.20101 0 0 0 0 -1.10512
44 45 0.00558936 0 -1.22615 0 0 0 0 -1.22056
45 46 0.00830882 0 -1.32477 0 0 0 0 -1.31646
46 47 0.0459863 0 -1.40388 0 0 0 0 -1.35789
47 48 0.0015156 0 0 0 0 0 0 0.0015156
48 49 0.0052313 0 -1.0033 0 0 0 0 -0.998071
49 50 0.015122 0 -1.30505 0 0 0 0 -1.28992
44 51 0 0 0 0 0 -3.26747e-05 -0 -3.26747e-05
43 51 0 0 0 0 -0 -0.0938484 0 -0.0938484
50 51 0.00406648 0 -1.28244 0 0 0 0 -1.27837
44 52 0 0 0 0 0 -0.0452185 0 -0.0452185
43 52 0 0 0 0 -0.579509 0 -0 -0.579509
42 52 0 0 0 0 0 -0.139296 0 -0.139296
51 52 0.0131001 0 -1.333 0 0 0 0 -1.3199
43 53 0 0 0 0 0 -0.113594 0 -0.113594
42 53 0 0 0 0 -0.770461 0 -0 -0.770461
41 53 0 0 0 0 -3.37751e-29 -0.130855 0 -0.130855
52 53 0.0115081 0 -1.18902 0 0 0 0 -1.17751
42 54 0 0 0 0 -0 -0.136282 0 -0.136282
41 54 0 0 0 0 -0.736792 0 -0 -0.736792
40 54 0 0 0 0 0 -0.0577474 0 -0.0577474
53 54 0.000112191 0 -1.21867 0 0 0 0 -1.21856
41 55 0 0 0 0 0 -0.105207 0 -0.105207
54 55 0.0449186 0 -1.23623 0 0 0 0 -1.19131
40 56 0 0 0 0 0 -0.052616 -0 -0.052616
55 56 0.0118511 0 -1.33677 0 0 0 0 -1.32492
56 57 0.0123563 0 -1.33067 0 0 0 0 -1.31832
57 58 0.0164732 0 -1.38114 0 0 0 0 -1.36467
58 59 0.00186064 0 -1.02736 0 0 0 0 -1.0255
60 61 0.0192939 0 -1.24417 0 0 0 0 -1.22487
61 62 0.0826883 0 -1.27608 0 0 0 0 -1.19339
62 63 0.00485424 0 -0 0 0 0 0 0.00485424
63 64 2.57496e-05 0 -1.14267 0 0 0 0 -1.14264
64 65 0.057391 0 -1.07984 0 0 0 0 -1.02244
65 66 0.00179945 0 -0.960744 0 0 0 0 -0.958944
66 67 0.00786065 0 -1.22281 0 0 0 0 -1.21495
67 68 0.000314189 0 -0.943431 0 0 0 0 -0.943116
68 69 0.00128506 0 -1.15663 0 0 0 0 -1.15535
69 70 0.115607 0 -1.16114 0 0 0 0 -1.04553
70 71 0.00593574 0 -1.17138 0 0 0 0 -1.16544
71 72 0.0384738 0 -1.02757 0 0 0 0 -0.989101
72 73 0.0258312 0 -1.21609 0 0 0 0 -1.19026
73 74 0.0643171 0 -1.00759 0 0 0 0 -0.943272
74 75 0.00895132 0 -1.21835 0 0 0 0 -1.20939
73 76 0 0 0 0 -0 -0.0579917 -0 -0.0579917
71 76 0 0 0 0 0 -0.118319 0 -0.118319
75 76 0.000952898 0 0 0 0 0 0 0.000952898
70 77 0 0 0 0 -1.0116e-27 -0.126803 0 -0.126803
72 77 0 0 0 0 -0 -0.181448 0 -0.181448
71 77 0 0 0 0 -0.84093 0 -0 -0.84093
76 77 0.0902508 0 -1.14211 0 0 0 0 -1.05186
70 78 0 0 0 0 -0.611036 0 -0 -0.611036
69 78 0 0 0 0 0 -0.121323 0 -0.121323
71 78 0 0 0 0 -0 -0.202639 0 -0.202639
77 78 0.0117922 0 -1.31377 0 0 0 0 -1.30198
70 79 0 0 0 0 0 -0.132468 0 -0.132468
69 79 0 0 0 0 -0.779534 0 -0 -0.779534
68 79 0 0 0 0 0 -0.138407 0 -0.138407
78 79 0.000640071 0 -0.935539 0 0 0 0 -0.934899
80 81 0.0206734 0 -0.907251 0 0 0 0 -0.886578
81 82 0.00310064 0 -1.17607 0 0 0 0 -1.17297
82 83 0.0455564 0 -1.25745 0 0 0 0 -1.2119
83 84 0.000141947 0 -1.19137 0 0 0 0 -1.19123
84 85 0.00343127 0 -1.09756 0 0 0 0 -1.09413
85 86 0.0278166 0 -1.1913 0 0 0 0 -1.16348
86 87 0.037442 0 -1.20036 0 0 0 0 -1.16292
87 88 0.124027 0 -1.4147 0 0 0 0 -1.29067
88 89 0.000291555 0 -1.37575 0 0 0 0 -1.37546
89 90 0.000339365 0 -1.00699 0 0 0 0 -1.00666
90 91 0.00242633 0 -0.999707 0 0 0 0 -0.99728
91 92 0.00153502 0 0 0 0 0 0 0.00153502
27 93 0 0 0 0 0 -0.108015 0 -0.108015
26 93 0 0 0 0 -0.69737 0 -0 -0.69737
25 93 0 0 0 0 -0 -0.142665 0 -0.142665
92 93 0.0126683 0 0 0 0 0 0 0.0126683
26 94 0 0 0 0 -0 -0.0364891 -0 -0.0364891
25 94 0 0 0 0 -0.546288 0 -0 -0.546288
24 94 0 0 0 0 0 -0.102082 0 -0.102082
93 94 0.073094 0 -0.811804 0 0 0 0 -0.73871
25 95 0 0 0 0 0 -0.119876 0 -0.119876
24 95 0 0 0 0 -0.647215 0 -0 -0.647215
23 95 0 0 0 0 0 -0.0412641 -0 -0.0412641
94 95 0.00401321 0 -1.33391 0 0 0 0 -1.3299
24 96 0 0 0 0 0 -0.187135 0 -0.187135
23 96 0 0 0 0 -0.740932 0 -0 -0.740932
91 96 0 0 0 0 0 -0.0542502 -0 -0.0542502
22 96 0 0 0 0 0 -0.0772355 0 -0.0772355
95 96 0.203612 0 -1.07637 0 0 0 0 -0.872759
23 97 0 0 0 0 0 -0.08358 0 -0.08358
91 97 0 0 0 0 -0.547248 -6.30694e-16 -0 -0.547248
90 97 0 0 0 0 -2.37888e-28 -0.0824606 0 -0.0824606
22 97 0 0 0 0 -0 -0.0164104 -0 -0.0164104
96 97 0.00836372 0 -1.00369 0 0 0 0 -0.995331
91 98 0 0 0 0 -0 -0.0979262 0 -0.0979262
90 98 0 0 0 0 -0.515587 0 -0 -0.515587
89 98 0 0 0 0 0 -0.186689 0 -0.186689
22 98 0 0 0 0 -0 -0.0127521 0 -0.0127521
97 98 0.056744 0 -1.0734 0 0 0 0 -1.01666
90 99 0 0 0 0 0 -0.125197 0 -0.125197
89 99 0 0 0 0 -0.536918 0 -0 -0.536918
88 99 0 0 0 0 0 -0.131802 -0 -0.131802
98 99 0.0624005 0 -1.28314 0 0 0 0 -1.22074
100 101 0.00981286 0 -1.32517 0 0 0 0 -1.31536
101 102 0.0398611 0 -1.19701 0 0 0 0 -1.15715
102 103 0.0505695 0 -1.2411 0 0 0 0 -1.19053
103 104 0.0500481 0 -1.20059 0 0 0 0 -1.15054
104 105 0.10121 0 -1.05987 0 0 0 0 -0.958662
105 106 3.88185e-05 0 0 0 0 0 0 3.88185e-05
106 107 0.061708 0 -1.10154 0 0 0 0 -1.03983
105 108 0 0 0 0 0 -0.103184 -0 -0.103184
107 108 0.0222389 0 -1.28768 0 0 0 0 -1.26544
105 109 0 0 0 0 -0.640066 0 -0 -0.640066
104 109 0 0 0 0 0 -0.13732 -0 -0.13732
108 109 0.000942817 0 -1.13709 0 0 0 0 -1.13615
105 110 0 0 0 0 0 -0.162109 0 -0.162109
104 110 0 0 0 0 -0.645035 0 -0 -0.645035
103 110 0 0 0 0 0 -0.13424 -0 -0.13424
109 110 0.000472378 0 -1.11302 0 0 0 0 -1.11255
104 111 0 0 0 0 0 -0.109521 0 -0.109521
102 111 0 0 0 0 0 -0.167286 0 -0.167286
110 111 0.000836996 0 -1.2678 0 0 0 0 -1.26696
103 112 0 0 0 0 0 -0.106084 0 -0.106084
102 112 0 0 0 0 -0.742108 0 -0 -0.742108
101 112 0 0 0 0 -1.26412e-29 -0.080675 -0 -0.080675
111 112 0.0020698 0 -1.07966 0 0 0 0 -1.07759
100 113 0 0 0 0 0 -0.130768 0 -0.130768
102 113 0 0 0 0 -0 -0.168364 0 -0.168364
101 113 0 0 0 0 -0.812884 0 -0 -0.812884
112 113 0.0202775 0 -1.26012 0 0 0 0 -1.23984
101 114 0 0 0 0 -0 -0.151906 0 -0.151906
113 114 0.00964578 0 -1.27807 0 0 0 0 -1.26842
100 115 0 0 0 0 0 -0.0856731 0 -0.0856731
114 115 0.0375317 0 -1.12212 0 0 0 0 -1.08459
115 116 0.0153493 0 -1.27489 0 0 0 0 -1.25954
116 117 0.110264 0 -1.38384 0 0 0 0 -1.27357
117 118 0.000170556 0 -1.06269 0 0 0 0 -1.06252
118 119 0.037876 0 -0.88115 0 0 0 0 -0.843274
120 121 0.0790775 0 -0.865566 0 0 0 0 -0.786489
121 122 0.000361998 0 -1.18179 0 0 0 0 -1.18143
122 123 0.00243824 0 -1.16335 0 0 0 0 -1.16091
123 124 0.0255458 0 -1.08161 0 0 0 0 -1.05606
124 125 0.00444552 0 -0.96806 0 0 0 0 -0.963614
125 126 0.0425524 0 -1.07056 0 0 0 0 -1.02801
126 127 0.0897006 0 -0.719108 0 0 0 0 -0.629407
127 128 0.00256604 0 -1.25538 0 0 0 0 -1.25282
128 129 0.00205526 0 -0.936678 0 0 0 0 -0.934623
129 130 0.00466419 0 -0 0 0 0 0 0.00466419
126 131 0 0 0 0 0 -0.142718 -0 -0.142718
128 131 0 0 0 0 -0 -0.189896 0 -0.189896
127 131 0 0 0 0 -0.790049 0 -0 -0.790049
130 131 0.0147494 0 -0 0 0 0 0 0.0147494
126 132 0 0 0 0 -0.748305 0 -0 -0.748305
125 132 0 0 0 0 -5.62532e-28 -0.156723 0 -0.156723
127 132 0 0 0 0 0 -0.140477 0 -0.140477
131 132 0.00446206 0 -1.07489 0 0 0 0 -1.07043
126 133 0 0 0 0 -0 -0.109063 -0 -0.109063
125 133 0 0 0 0 -0.835009 0 -0 -0.835009
124 133 0 0 0 0 0 -0.176758 0 -0.176758
132 133 0.01442 0 -1.10675 0 0 0 0 -1.09233
125 134 0 0 0 0 -0 -0.146379 -0 -0.146379
123 134 0 0 0 0 0 -0.063181 -0 -0.063181
133 134 0.201651 0 -1.07544 0 0 0 0 -0.873789
124 135 0 0 0 0 0 -0.0985785 -0 -0.0985785
122 135 0 0 0 0 -1.22186e-15 -0.03685 0 -0.03685
134 135 0.00157523 0 -1.27992 0 0 0 0 -1.27835
123 136 0 0 0 0 0 -0.171719 0 -0.171719
122 136 0 0 0 0 -0.594073 -1.45567e-08 -0 -0.594073
121 136 0 0 0 0 -1.16909e-29 -0.185454 0 -0.185454
135 136 0.000120122 0 -0.744503 0 0 0 0 -0.744383
122 137 0 0 0 0 -0 -0.131222 0 -0.131222
121 137 0 0 0 0 -0.822172 0 -0 -0.822172
120 137 0 0 0 0 0 -0.178798 0 -0.178798
136 137 0.0911796 0 -1.39245 0 0 0 0 -1.30127
121 138 0 0 0 0 0 -0.199279 0 -0.199279
120 138 0 0 0 0 -0.640699 0 -0 -0.640699
137 138 0.00123066 0 -1.26704 0 0 0 0 -1.2658
120 139 0 0 0 0 -0 -0.202612 0 -0.202612
138 139 0.160746 0 -1.35561 0 0 0 0 -1.19487
140 141 0.010479 0 -1.2343 0 0 0 0 -1.22382
141 142 0.00199775 0 -1.20429 0 0 0 0 -1.2023
142 143 0.0253942 0 -1.03641 0 0 0 0 -1.01102
143 144 0.0140794 0 -0.971791 0 0 0 0 -0.957711
144 145 0.00970681 0 -1.25913 0 0 0 0 -1.24942
145 146 0.00449357 0 -1.36047 0 0 0 0 -1.35598
146 147 0.00170369 0 -0.171411 0 0 0 0 -0.169707
147 148 0.0535803 0 -1.01656 0 0 0 0 -0.962977
146 149 0 0 0 0 -0 -0.155723 0 -0.155723
145 149 0 0 0 0 -0.825165 0 -0 -0.825165
144 149 0 0 0 0 0 -0.191601 0 -0.191601
148 149 0.092326 0 0 0 0 0 0 0.092326
145 150 0 0 0 0 0 -0.14925 -0 -0.14925
144 150 0 0 0 0 -0.66006 0 -0 -0.66006
143 150 0 0 0 0 0 -0.0933649 0 -0.0933649
149 150 0.0385749 0 -0.859025 0 0 0 0 -0.82045
144 151 0 0 0 0 0 -0.0787382 -0 -0.0787382
142 151 0 0 0 0 0 -0.0116681 -0 -0.0116681
150 151 0.15856 0 -1.23226 0 0 0 0 -1.0737
143 152 0 0 0 0 0 -0.123616 0 -0.123616
142 152 0 0 0 0 -0.570139 0 -0 -0.570139
141 152 0 0 0 0 -1.52393e-29 -0.141181 0 -0.141181
151 152 0.000838933 0 -1.15158 0 0 0 0 -1.15074
142 153 0 0 0 0 -0 -0.126076 0 -0.126076
141 153 0 0 0 0 -0.781365 0 -0 -0.781365
140 153 0 0 0 0 0 -0.173663 0 -0.173663
152 153 0.0042942 0 -1.22848 0 0 0 0 -1.22418
33 154 0 0 0 0 0 -0.0795303 -0 -0.0795303
32 154 0 0 0 0 -0.593276 0 -0 -0.593276
31 154 0 0 0 0 -0 -0.118465 -0 -0.118465
153 154 0.00348711 0 0 0 0 0 0 0.00348711
32 155 0 0 0 0 -0 -0.0278802 -0 -0.0278802
31 155 0 0 0 0 -0.51824 0 -0 -0.51824
30 155 0 0 0 0 -4.5069e-30 -0.133707 0 -0.133707
154 155 0.00205777 0 -1.28322 0 0 0 0 -1.28116
31 156 0 0 0 0 -0 -0.0332488 -0 -0.0332488
30 156 0 0 0 0 -0.828426 0 -0 -0.828426
29 156 0 0 0 0 0 -0.019775 0 -0.019775
155 156 0.0364804 0 -1.22447 0 0 0 0 -1.18799
30 157 0 0 0 0 -0 -0.108334 0 -0.108334
29 157 0 0 0 0 0 -0.00630832 0 -0.00630832
156 157 0.0161465 0 -1.16747 0 0 0 0 -1.15133
29 158 0 0 0 0 0 -0.00958546 -0 -0.00958546
28 158 0 0 0 0 -0.522347 0 -0 -0.522347
27 158 0 0 0 0 -2.48633e-16 -0.0372277 0 -0.0372277
157 158 0.150668 0 -1.09176 0 0 0 0 -0.941093
28 159 0 0 0 0 -0 -0.165803 0 -0.165803
27 159 0 0 0 0 -0.455196 -9.03457e-09 -0 -0.455196
26 159 0 0 0 0 0 -0.0556223 0 -0.0556223
93 159 0 0 0 0 0 0 -0.722091 -0.722091
158 159 7.04699e-05 0 -0.987796 0 0 0 0 -0.987725
160 161 0.0105074 0 -1.35278 0 0 0 0 -1.34228
161 162 0.011782 0 -1.05733 0 0 0 0 -1.04555
162 163 0.00176166 0 -1.34439 0 0 0 0 -1.34263
163 164 0.0650794 0 -1.05138 0 0 0 0 -0.9863
164 165 0.0352424 0 -1.26955 0 0 0 0 -1.23431
165 166 0.00570163 0 -0.972626 0 0 0 0 -0.966924
166 167 0.0281957 0 -1.02867 0 0 0 0 -1.00048
167 168 0.00643325 0 -1.30111 0 0 0 0 -1.29467
168 169 0.0258771 0 -1.26455 0 0 0 0 -1.23867
169 170 0.023887 0 -1.09921 0 0 0 0 -1.07532
167 171 0 0 0 0 -0.634459 0 -0 -0.634459
166 171 0 0 0 0 0 -0.148862 0 -0.148862
168 171 0 0 0 0 -0 -0.119886 -0 -0.119886
170 171 0.0422858 0 0 0 0 0 0 0.0422858
167 172 0 0 0 0 0 -0.147614 0 -0.147614
166 172 0 0 0 0 -0.776148 0 -0 -0.776148
165 172 0 0 0 0 -0 -0.0841015 0 -0.0841015
171 172 0.029054 0 -1.12564 0 0 0 0 -1.09659
166 173 0 0 0 0 -0 -0.119053 0 -0.119053
165 173 0 0 0 0 -0.65536 0 -0 -0.65536
164 173 0 0 0 0 0 -0.0704147 0 -0.0704147
172 173 0.217572 0 -1.26935 0 0 0 0 -1.05178
165 174 0 0 0 0 -0 -0.128827 0 -0.128827
163 174 0 0 0 0 0 -0.0383342 -0 -0.0383342
173 174 2.94284e-05 0 -1.20822 0 0 0 0 -1.20819
164 175 0 0 0 0 0 -0.17055 0 -0.17055
162 175 0 0 0 0 -7.63391e-29 -0.12495 0 -0.12495
174 175 0.0465585 0 -1.22557 0 0 0 0 -1.17902
161 176 0 0 0 0 -5.91529e-30 -0.16859 0 -0.16859
163 176 0 0 0 0 0 -0.141893 0 -0.141893
162 176 0 0 0 0 -0.827252 0 -0 -0.827252
175 176 0.0234536 0 -1.03826 0 0 0 0 -1.0148
161 177 0 0 0 0 -0.901064 0 -0 -0.901064
160 177 0 0 0 0 0 -0.207501 0 -0.207501
162 177 0 0 0 0 -0 -0.140611 0 -0.140611
176 177 0.0656359 0 -0.934907 0 0 0 0 -0.869271
161 178 0 0 0 0 0 -0.171561 0 -0.171561
160 178 0 0 0 0 -0.0508606 0 -0 -0.0508606
177 178 0.00179651 0 -1.13337 0 0 0 0 -1.13158
160 179 0 0 0 0 -0 -0.00468234 0 -0.00468234
178 179 0.0149075 0 -1.18424 0 0 0 0 -1.16933
3 180 0 0 0 0 0 -0.141787 0 -0.141787
5 180 0 0 0 0 0 -0.0350241 0 -0.0350241
4 180 0 0 0 0 -0.597705 0 -0 -0.597705
3 181 0 0 0 0 -0.784739 0 -0 -0.784739
2 181 0 0 0 0 0 -0.171824 0 -0.171824
4 181 0 0 0 0 0 -0.101976 0 -0.101976
180 181 0.0241804 0 -1.07398 0 0 0 0 -1.0498
3 182 0 0 0 0 -0 -0.100576 0 -0.100576
1 182 0 0 0 0 0 -0.139016 0 -0.139016
181 182 1.74043e-06 0 -1.27745 0 0 0 0 -1.27745
0 183 0 0 0 0 0 -0.12572 0 -0.12572
2 183 0 0 0 0 -0 -0.0333456 -0 -0.0333456
1 183 0 0 0 0 -0.760296 0 -0 -0.760296
182 183 0.0188147 0 -1.33561 0 0 0 0 -1.3168
0 184 0 0 0 0 -0.72318 0 -0 -0.72318
1 184 0 0 0 0 0 -0.141935 0 -0.141935
183 184 0.0719228 0 -0.922078 0 0 0 0 -0.850156
0 185 0 0 0 0 0 -0.186011 0 -0.186011
184 185 0.0185241 0 -1.34131 0 0 0 0 -1.32278
185 186 0.10255 0 -0.898319 0 0 0 0 -0.795769
186 187 0.0274045 0 -1.00704 0 0 0 0 -0.979638
187 188 0.00283802 0 -0.977471 0 0 0 0 -0.974633
188 189 0.0282802 0 -1.24512 0 0 0 0 -1.21684
189 190 0.12599 0 -1.14925 0 0 0 0 -1.02326
190 191 0.0220976 0 -1.14523 0 0 0 0 -1.12314
191 192 0.0612435 0 -1.2883 0 0 0 0 -1.22705
192 193 0.00605092 0 -1.07962 0 0 0 0 -1.07357
193 194 0.00161289 0 -1.00801 0 0 0 0 -1.00639
194 195 0.114356 0 -0.579165 0 0 0 0 -0.464809
195 196 5.42806e-05 0 -1.15245 0 0 0 0 -1.1524
196 197 0.0965798 0 -1.07646 0 0 0 0 -0.979885
197 198 0.016408 0 -1.00213 0 0 0 0 -0.985718
198 199 0.0441956 0 -0.882145 0 0 0 0 -0.83795
200 201 0.0238706 0 -1.18138 0 0 0 0 -1.15751
201 202 0.0928423 0 -1.01153 0 0 0 0 -0.918692
202 203 2.65703e-05 0 -1.17491 0 0 0 0 -1.17488
203 204 0.0115919 0 -1.22928 0 0 0 0 -1.21769
204 205 0.141964 0 -1.34389 0 0 0 0 -1.20193
205 206 0.00136306 0 -1.13633 0 0 0 0 -1.13497
206 207 0.0465418 0 -1.05706 0 0 0 0 -1.01052
207 208 0.0639809 0 -0 0 0 0 0 0.0639809
208 209 0.00734998 0 -1.0585 0 0 0 0 -1.05115
209 210 0.0251405 0 -1.35557 0 0 0 0 -1.33043
210 211 0.0373306 0 -1.38339 0 0 0 0 -1.34606
211 212 0.00397915 0 -1.40715 0 0 0 0 -1.40317
212 213 0.00775044 0 -1.3043 0 0 0 0 -1.29655
209 214 0 0 0 0 -0 -0.177058 0 -0.177058
213 214 0.131219 0 0 0 0 0 0 0.131219
210 215 0 0 0 0 0 -0.145503 0 -0.145503
209 215 0 0 0 0 -0.713014 0 -0 -0.713014
214 215 0.0117677 0 -1.35657 0 0 0 0 -1.3448
209 216 0 0 0 0 -0 -0.21185 0 -0.21185
208 216 0 0 0 0 0 -0.0152155 -0 -0.0152155
207 216 0 0 0 0 0 -6.55653e-05 0 -6.55653e-05
206 216 0 0 0 0 -0 -0.131908 0 -0.131908
215 216 8.21358e-07 0 -1.03091 0 0 0 0 -1.03091
207 217 0 0 0 0 0 -0.0179865 0 -0.0179865
206 217 0 0 0 0 -0.697707 0 -0 -0.697707
205 217 0 0 0 0 0 -0.162726 -0 -0.162726
216 217 0.0146454 0 -0.992177 0 0 0 0 -0.977532
206 218 0 0 0 0 0 -0.143983 0 -0.143983
205 218 0 0 0 0 -0.646542 0 -0 -0.646542
204 218 0 0 0 0 0 -0.0199676 0 -0.0199676
217 218 0.00118193 0 -1.27208 0 0 0 0 -1.2709
205 219 0 0 0 0 -0 -0.00651735 0 -0.00651735
204 219 0 0 0 0 0 -0.0225432 0 -0.0225432
218 219 0.0295385 0 -0.973138 0 0 0 0 -0.9436
220 221 0.0816494 0 -1.195 0 0 0 0 -1.11335
221 222 0.120056 0 -1.24617 0 0 0 0 -1.12612
222 223 0.0873404 0 -1.3375 0 0 0 0 -1.25016
223 224 0.00339362 0 -1.34333 0 0 0 0 -1.33993
224 225 0.0198069 0 -0.673361 0 0 0 0 -0.653554
225 226 0.0247088 0 -1.39562 0 0 0 0 -1.37091
226 227 2.0001e-05 0 -1.35325 0 0 0 0 -1.35323
227 228 0.0883161 0 -1.20031 0 0 0 0 -1.112
228 229 0.00219211 0 0 0 0 0 0 0.00219211
229 230 0.128078 0 -1.28103 0 0 0 0 -1.15295
230 231 0.269881 0 -1.08446 0 0 0 0 -0.814583
231 232 0.000645469 0 -1.40305 0 0 0 0 -1.40241
225 233 0 0 0 0 0 -0.000310495 0 -0.000310495
223 233 0 0 0 0 0 -0.121549 -0 -0.121549
232 233 0.236138 0 0 0 0 0 0 0.236138
222 234 0 0 0 0 -5.6301e-29 -0.176661 0 -0.176661
224 234 0 0 0 0 0 -0.144208 0 -0.144208
223 234 0 0 0 0 0 -7.7381e-06 -0 -7.7381e-06
233 234 0.000262977 0 -1.25515 0 0 0 0 -1.25489
222 235 0 0 0 0 -0.875016 0 -0 -0.875016
221 235 0 0 0 0 -2.49871e-31 -0.126437 -0 -0.126437
223 235 0 0 0 0 0 -0.168331 0 -0.168331
234 235 0.0282467 0 -1.10984 0 0 0 0 -1.08159
222 236 0 0 0 0 -0 -0.169924 0 -0.169924
221 236 0 0 0 0 -0.849635 0 -0 -0.849635
220 236 0 0 0 0 -0 -0.0615495 -0 -0.0615495
235 236 0.00436653 0 -1.13475 0 0 0 0 -1.13038
221 237 0 0 0 0 -0 -0.102368 0 -0.102368
236 237 1.16127e-05 0 -1.30873 0 0 0 0 -1.30872
220 238 0 0 0 0 0 -0.00502528 -0 -0.00502528
237 238 0.000531263 0 -0.985564 0 0 0 0 -0.985033
238 239 0.0145052 0 -1.18573 0 0 0 0 -1.17123
240 241 0.223475 0 -1.34342 0 0 0 0 -1.11994
241 242 0.00620318 0 -0.992549 0 0 0 0 -0.986346
242 243 5.16138e-05 0 -1.26199 0 0 0 0 -1.26194
243 244 0.0194325 0 -1.08336 0 0 0 0 -1.06393
244 245 0.033262 0 -0.914616 0 0 0 0 -0.881354
245 246 0.0282643 0 -1.33392 0 0 0 0 -1.30566
246 247 0.0152358 0 -1.23614 0 0 0 0 -1.22091
247 248 0.00404704 0 -1.06311 0 0 0 0 -1.05906
248 249 0.00463413 0 -1.32286 0 0 0 0 -1.31823
249 250 0.0442327 0 -0.671686 0 0 0 0 -0.627454
250 251 0.0146296 0 -1.2364 0 0 0 0 -1.22177
251 252 0.0460986 0 -1.32974 0 0 0 0 -1.28364
252 253 0.0214326 0 -1.15115 0 0 0 0 -1.12971
253 254 0.00208919 0 -1.20997 0 0 0 0 -1.20788
254 255 0.00080054 0 -1.26865 0 0 0 0 -1.26785
255 256 0.0219265 0 -1.03625 0 0 0 0 -1.01433
256 257 0.0279334 0 -1.34363 0 0 0 0 -1.3157
257 258 0.0193784 0 -1.08029 0 0 0 0 -1.06091
258 259 0.244365 0 0 0 0 0 0 0.244365
260 261 0.00484066 0 -1.09002 0 0 0 0 -1.08518
261 262 0.0515208 0 -1.25682 0 0 0 0 -1.2053
262 263 0.0075203 0 -1.41003 0 0 0 0 -1.40251
263 264 0.00628169 0 -1.16642 0 0 0 0 -1.16014
264 265 0.00208931 0 -1.27974 0 0 0 0 -1.27765
265 266 0.03129 0 -1.2786 0 0 0 0 -1.24731
266 267 0.0315196 0 -1.167 0 0 0 0 -1.13548
267 268 0.113984 0 0 0 0 0 0 0.113984
268 269 0.0402496 0 -1.28287 0 0 0 0 -1.24262
264 270 0 0 0 0 0 -0.0127357 0 -0.0127357
263 270 0 0 0 0 0 -0.0240062 0 -0.0240062
269 270 0.00733014 0 -1.29812 0 0 0 0 -1.29079
264 271 0 0 0 0 0 -0.000437911 0 -0.000437911
263 271 0 0 0 0 0 -0.0112875 -0 -0.0112875
262 271 0 0 0 0 0 -0.0695538 0 -0.0695538
270 271 0.0132557 0 -1.28973 0 0 0 0 -1.27648
263 272 0 0 0 0 0 -0.105915 -0 -0.105915
262 272 0 0 0 0 -0.328497 0 -0 -0.328497
261 272 0 0 0 0 -0 -0.167086 0 -0.167086
271 272 0.0285227 0 -1.03644 0 0 0 0 -1.00792
260 273 0 0 0 0 -5.81575e-29 -0.0449278 0 -0.0449278
262 273 0 0 0 0 -0 -0.0149294 -0 -0.0149294
261 273 0 0 0 0 -0.6887 0 -0 -0.6887
272 273 0.0183221 0 -1.26872 0 0 0 0 -1.2504
260 274 0 0 0 0 -0.748507 0 -0 -0.748507
261 274 0 0 0 0 -0 -0.128505 -0 -0.128505
273 274 0.056595 0 -1.16521 0 0 0 0 -1.10862
260 275 0 0 0 0 -0 -0.113218 0 -0.113218
274 275 0.0174217 0 -1.13251 0 0 0 0 -1.11509
275 276 0.052321 0 -0.462406 0 0 0 0 -0.410085
276 277 0.0276789 0 -1.16649 0 0 0 0 -1.13881
277 278 0.0316746 0 -1.10599 0 0 0 0 -1.07432
278 279 0.00493875 0 0 0 0 0 0 0.00493875
280 281 1.67344e-05 0 -1.37948 0 0 0 0 -1.37947
281 282 0.00814238 0 -1.28966 0 0 0 0 -1.28152
282 283 0.0157421 0 -1.29741 0 0 0 0 -1.28167
283 284 0.0276358 0 -1.00288 0 0 0 0 -0.97524
284 285 0.0228056 0 -0.983796 0 0 0 0 -0.96099
285 286 0.000139072 0 -1.11319 0 0 0 0 -1.11305
286 287 0.0910148 0 -1.22366 0 0 0 0 -1.13265
287 288 0.0372848 0 -1.41207 0 0 0 0 -1.37478
288 289 0.0303086 0 -1.1758 0 0 0 0 -1.1455
289 290 0.0487148 0 -1.3725 0 0 0 0 -1.32378
288 291 0 0 0 0 0 -0 -3.35386e-07 -3.35386e-07
286 291 0 0 0 0 0 -0.0111445 -4.97013e-16 -0.0111445
290 291 0.0791789 0 0 0 0 0 0 0.0791789
289 292 0 0 0 0 -0 -0 -1.77759e-17 -1.77759e-17
287 292 0 0 0 0 0 -0.0421586 -6.84675e-18 -0.0421586
291 292 2.61031e-05 0 -1.07175 0 0 0 0 -1.07172
292 293 0.0537275 0 0 0 0 0 0 0.0537275
293 294 0.0471806 0 -0.90109 0 0 0 0 -0.853909
294 295 0.052592 0 -0.952923 0 0 0 0 -0.900331
295 296 0.146142 0 -1.19841 0 0 0 0 -1.05227
296 297 0.000222406 0 -1.01578 0 0 0 0 -1.01556
297 298 0.00137105 0 -1.34707 0 0 0 0 -1.3457
298 299 0.0562061 0 -1.14034 0 0 0 0 -1.08414
300 301 0.00532203 0 -1.38656 0 0 0 0 -1.38124
301 302 0.000148185 0 -1.12975 0 0 0 0 -1.1296
302 303 0.000980586 0 -1.15112 0 0 0 0 -1.15014
303 304 0.350617 0 -1.25871 0 0 0 0 -0.908092
304 305 0.0259914 0 -0.0160218 0 0 0 0 0.00996959
305 306 0.011483 0 -1.15145 0 0 0 0 -1.13997
306 307 0.00912329 0 -1.35757 0 0 0 0 -1.34844
307 308 0.17475 0 -0 0 0 0 0 0.17475
308 309 0.153373 0 -1.20503 0 0 0 0 -1.05165
306 310 0 0 0 0 0 -0.180686 -0 -0.180686
309 310 0.0127141 0 -1.1253 0 0 0 0 -1.11259
307 311 0 0 0 0 -0 -0.141677 -0 -0.141677
306 311 0 0 0 0 -0.641195 0 -0 -0.641195
305 311 0 0 0 0 -0 -0.172764 0 -0.172764
310 311 0.00560716 0 -1.23058 0 0 0 0 -1.22497
306 312 0 0 0 0 -0 -0.110432 0 -0.110432
305 312 0 0 0 0 -0.789693 0 -0 -0.789693
311 312 0.0563364 0 -1.13553 0 0 0 0 -1.07919
305 313 0 0 0 0 0 -0.165281 0 -0.165281
304 313 0 0 0 0 0 -0.0811351 -0 -0.0811351
312 313 0.000185849 0 -1.27385 0 0 0 0 -1.27367
304 314 0 0 0 0 0 -0.0279767 0 -0.0279767
303 314 0 0 0 0 0 -0.0901721 0 -0.0901721
313 314 0.0454182 0 -0.982581 0 0 0 0 -0.937163
304 315 0 0 0 0 -0 -0.00307241 0 -0.00307241
303 315 0 0 0 0 -0.695299 0 -0 -0.695299
302 315 0 0 0 0 -6.85892e-28 -0.0999767 0 -0.0999767
314 315 0.00133256 0 -1.27204 0 0 0 0 -1.27071
303 316 0 0 0 0 -0 -0.197693 0 -0.197693
302 316 0 0 0 0 -0.663277 0 -0 -0.663277
301 316 0 0 0 0 0 -0.128982 0 -0.128982
315 316 0.0224117 0 -1.17344 0 0 0 0 -1.15103
302 317 0 0 0 0 0 -0.19663 0 -0.19663
301 317 0 0 0 0 -0.855133 0 -0 -0.855133
300 317 0 0 0 0 0 -0.0849013 0 -0.0849013
316 317 0.00673414 0 -1.15835 0 0 0 0 -1.15161
301 318 0 0 0 0 -0 -0.08383 -0 -0.08383
317 318 0.130148 0 -1.03944 0 0 0 0 -0.909293
300 319 0 0 0 0 0 -0.002462 -0 -0.002462
318 319 0.00157357 0 -1.24021 0 0 0 0 -1.23864
320 321 0.000321258 0 -1.04731 0 0 0 0 -1.04699
321 322 0.202252 0 -1.20674 0 0 0 0 -1.00449
322 323 0.166166 0 -1.05959 0 0 0 0 -0.893424
323 324 0.120931 0 -0.9782 0 0 0 0 -0.857269
324 325 0.00805419 0 -1.02108 0 0 0 0 -1.01303
325 326 0.0215015 0 -1.17218 0 0 0 0 -1.15068
326 327 0.0200079 0 -1.21955 0 0 0 0 -1.19954
327 328 0.0926802 0 0 0 0 0 0 0.0926802
328 329 0.0940635 0 -0.912697 0 0 0 0 -0.818634
324 330 0 0 0 0 0 -0.0244244 0 -0.0244244
323 330 0 0 0 0 0 -0.0742681 0 -0.0742681
329 330 0.00159223 0 -1.07254 0 0 0 0 -1.07094
322 331 0 0 0 0 -0 -0.129958 -0 -0.129958
323 331 0 0 0 0 -0.890082 0 -0 -0.890082
330 331 0.071656 0 -1.18343 0 0 0 0 -1.11178
322 332 0 0 0 0 -0.832232 0 -0 -0.832232
321 332 0 0 0 0 0 -0.113296 0 -0.113296
323 332 0 0 0 0 -0 -0.153211 0 -0.153211
331 332 0.00487552 0 -0.922978 0 0 0 0 -0.918102
322 333 0 0 0 0 0 -0.03992 0 -0.03992
320 333 0 0 0 0 0 -0.128014 0 -0.128014
332 333 0.263132 0 -1.04629 0 0 0 0 -0.783161
321 334 0 0 0 0 0 -0.12902 -0 -0.12902
320 334 0 0 0 0 -0.816412 0 -0 -0.816412
333 334 0.00257754 0 -1.21742 0 0 0 0 -1.21484
320 335 0 0 0 0 0 -0.117702 -0 -0.117702
334 335 0.00484298 0 -1.22669 0 0 0 0 -1.22185
335 336 0.060637 0 -1.18367 0 0 0 0 -1.12303
336 337 0.00749704 0 -0.979686 0 0 0 0 -0.972189
337 338 0.103186 0 -1.33408 0 0 0 0 -1.2309
338 339 0.0068393 0 -1.19833 0 0 0 0 -1.19149
79 341 0 0 0 0 0 -0 -0.533064 -0.533064
69 341 0 0 0 0 0 -0.177705 0 -0.177705
68 341 0 0 0 0 -0.76989 0 -0 -0.76989
67 341 0 0 0 0 -3.52195e-28 -0.0583849 -0 -0.0583849
340 341 6.01239e-05 0 0 0 0 0 0 6.01239e-05
68 342 0 0 0 0 0 -0.0857605 -0 -0.0857605
66 342 0 0 0 0 -0 -0.12009 0 -0.12009
341 342 0.00423503 0 -1.22982 0 0 0 0 -1.22559
67 343 0 0 0 0 0 -0.138706 -0 -0.138706
66 343 0 0 0 0 -0.71778 0 -0 -0.71778
65 343 0 0 0 0 -0 -0.12884 0 -0.12884
342 343 0.0749591 0 -1.16506 0 0 0 0 -1.0901
66 344 0 0 0 0 -0 -0.00943043 0 -0.00943043
64 344 0 0 0 0 0 -0.086026 -0 -0.086026
65 344 0 0 0 0 -0.678562 0 -0 -0.678562
343 344 0.047514 0 -0.822034 0 0 0 0 -0.77452
62 345 0 0 0 0 -0 -0.0557803 0 -0.0557803
63 345 0 0 0 0 0 -0.15016 -0 -0.15016
65 345 0 0 0 0 -0 -0.111493 0 -0.111493
344 345 4.4328e-05 0 -1.21818 0 0 0 0 -1.21813
62 346 0 0 0 0 -0.357596 0 -0 -0.357596
61 346 0 0 0 0 -0 -0.111808 -0 -0.111808
64 346 0 0 0 0 0 -0.0342639 0 -0.0342639
63 346 0 0 0 0 0 -0.000637743 -0 -0.000637743
345 346 0.00593766 0 -1.31425 0 0 0 0 -1.30831
62 347 0 0 0 0 -0 -0.170592 0 -0.170592
61 347 0 0 0 0 -0.625436 0 -0 -0.625436
60 347 0 0 0 0 0 -0.0695233 0 -0.0695233
346 347 0.0207002 0 -1.17256 0 0 0 0 -1.15186
61 348 0 0 0 0 0 -0.123748 -0 -0.123748
60 348 0 0 0 0 -2.33855e-06 0 -0 -2.33855e-06
347 348 0.00446295 0 -0.9849 0 0 0 0 -0.980437
348 349 0.294781 0 0 0 0 0 0 0.294781
349 350 0.0126043 0 -0.775468 0 0 0 0 -0.762864
350 351 0.026536 0 -1.34003 0 0 0 0 -1.31349
351 352 0.219012 0 -1.38932 0 0 0 0 -1.17031
352 353 0.0213688 0 -1.30232 0 0 0 0 -1.28095
353 354 0.0609864 0 0 0 0 0 0 0.0609864
354 355 0.0118127 0 0 0 0 0 0 0.0118127
355 356 0.0166122 0 -1.05733 0 0 0 0 -1.04072
356 357 0.103573 0 -1.13097 0 0 0 0 -1.0274
357 358 0.023236 0 -1.15246 0 0 0 0 -1.12922
358 359 0.0100917 0 0 0 0 0 0 0.0100917
360 361 0.00129652 0 -1.21638 0 0 0 0 -1.21509
361 362 0.0377615 0 -1.2459 0 0 0 0 -1.20814
362 363 5.71408e-05 0 -1.04819 0 0 0 0 -1.04813
363 364 7.77541e-06 0 -1.2645 0 0 0 0 -1.26449
364 365 0.00890895 0 -1.33634 0 0 0 0 -1.32743
365 366 0.144092 0 -1.23123 0 0 0 0 -1.08714
366 367 0.0350967 0 -1.07871 0 0 0 0 -1.04361
367 368 0.0109077 0 -0.97942 0 0 0 0 -0.968513
368 369 0.0408502 0 -1.1869 0 0 0 0 -1.14605
369 370 0.0061972 0 -0.740081 0 0 0 0 -0.733884
365 371 0 0 0 0 -3.38856e-29 -0.148038 0 -0.148038
367 371 0 0 0 0 -0 -0.00670468 -0 -0.00670468
366 371 0 0 0 0 -0.810388 0 -0 -0.810388
370 371 0.0152806 0 0 0 0 0 0 0.0152806
365 372 0 0 0 0 -0.649876 0 -0 -0.649876
366 372 0 0 0 0 -0 -0.140316 0 -0.140316
364 372 0 0 0 0 -0 -0.15126 0 -0.15126
371 372 0.000283905 0 -1.19053 0 0 0 0 -1.19024
365 373 0 0 0 0 0 -9.4309e-07 -0 -9.4309e-07
364 373 0 0 0 0 0 -0.000829244 -0 -0.000829244
372 373 0.044477 0.00812152 -0.252995 0 0 0 0 -0.200396
365 374 0 0 0 0 0 -0.0230503 0 -0.0230503
363 374 0 0 0 0 0 -0.0469625 -0 -0.0469625
373 374 0.00864433 0 -1.16189 0 0 0 0 -1.15324
364 375 0 0 0 0 -0 -0.137904 0 -0.137904
363 375 0 0 0 0 -0.706997 0 -0 -0.706997
362 375 0 0 0 0 -6.31378e-29 -0.115587 -0 -0.115587
374 375 0.0272399 0 -1.11332 0 0 0 0 -1.08608
363 376 0 0 0 0 -0 -0.136747 0 -0.136747
362 376 0 0 0 0 -0.761063 0 -0 -0.761063
361 376 0 0 0 0 0 -0.158161 0 -0.158161
375 376 0.0993886 0 -1.22414 0 0 0 0 -1.12476
360 377 0 0 0 0 0 -0.149308 0 -0.149308
362 377 0 0 0 0 0 -0.178541 0 -0.178541
361 377 0 0 0 0 -0.696466 0 -0 -0.696466
376 377 0.070781 0 -1.11078 0 0 0 0 -1.04
361 378 0 0 0 0 -0 -0.133767 0 -0.133767
377 378 0.00242316 0 -1.19402 0 0 0 0 -1.19159
378 379 0.00061265 0 -0.0965204 0 0 0 0 -0.0959077
203 380 0 0 0 0 0 -0.144236 0 -0.144236
204 381 0 0 0 0 0 -0.106946 0 -0.106946
203 381 0 0 0 0 0 -0.00134933 -0 -0.00134933
202 381 0 0 0 0 0 -0.191687 0 -0.191687
380 381 0.00256985 0 -1.22725 0 0 0 0 -1.22468
203 382 0 0 0 0 0 -0.14622 0 -0.14622
202 382 0 0 0 0 -0.602133 0 -0 -0.602133
201 382 0 0 0 0 -1.97281e-29 -0.18265 0 -0.18265
381 382 0.192117 0 -1.20421 0 0 0 0 -1.0121
202 383 0 0 0 0 -0 -0.0892994 0 -0.0892994
201 383 0 0 0 0 -0.683662 0 -0 -0.683662
200 383 0 0 0 0 -7.03013e-32 -0.191609 0 -0.191609
382 383 0.0914664 0 -1.23599 0 0 0 0 -1.14452
201 384 0 0 0 0 -0 -0.124243 0 -0.124243
200 384 0 0 0 0 -0.532284 0 -0 -0.532284
383 384 0.00198365 0 -1.27576 0 0 0 0 -1.27377
200 385 0 0 0 0 -0 -0.151729 0 -0.151729
384 385 0.0907857 0 -1.28185 0 0 0 0 -1.19106
385 386 0.0849926 0 -1.04098 0 0 0 0 -0.955989
386 387 0.000900537 0 -1.24517 0 0 0 0 -1.24426
387 388 0.00992114 0 -1.01298 0 0 0 0 -1.00305
388 389 0.00349199 0 -0.919131 0 0 0 0 -0.915639
389 390 0.322976 0 -1.31959 0 0 0 0 -0.996609
390 391 0.00245537 0 -0.765709 0 0 0 0 -0.763253
391 392 0.0935287 0 -1.1067 0 0 0 0 -1.01317
392 393 0.151309 0 -1.31256 0 0 0 0 -1.16125
393 394 0.000153228 0 -1.15774 0 0 0 0 -1.15758
394 395 0.022906 0 -0.929385 0 0 0 0 -0.906479
395 396 0.0444569 0 -1.02956 0 0 0 0 -0.985099
396 397 0.0036669 0 -1.12115 0 0 0 0 -1.11748
397 398 0.00150437 0 -1.40049 0 0 0 0 -1.39899
398 399 0.05674 0 -1.04598 0 0 0 0 -0.989244
400 401 0.0015104 0 -1.33611 0 0 0 0 -1.3346
401 402 0.124139 0 -0.953079 0 0 0 0 -0.82894
402 403 0.255422 0 -0.964316 0 0 0 0 -0.708894
403 404 0.0185369 0 -1.31833 0 0 0 0 -1.29979
404 405 0.0296374 0 -1.23274 0 0 0 0 -1.2031
405 406 0.038407 0 -1.33775 0 0 0 0 -1.29934
406 407 0.0880867 0 0 0 0 0 0 0.0880867
407 408 0.00343025 0 -1.33311 0 0 0 0 -1.32968
401 409 0 0 0 0 0 -0.117405 0 -0.117405
403 409 0 0 0 0 0 -0.000210623 -0 -0.000210623
402 409 0 0 0 0 0 -0.0158623 -0 -0.0158623
408 409 0.0185557 0 0 0 0 0 0 0.0185557
401 410 0 0 0 0 -0.6742 0 -0 -0.6742
400 410 0 0 0 0 0 -0.190227 0 -0.190227
402 410 0 0 0 0 0 -0.119745 0 -0.119745
409 410 0.0954217 0 -1.37233 0 0 0 0 -1.27691
401 411 0 0 0 0 0 -0.197832 0 -0.197832
400 411 0 0 0 0 -0.88883 0 -0 -0.88883
410 411 0.0169924 0 -1.02218 0 0 0 0 -1.00519
400 412 0 0 0 0 0 -0.186578 0 -0.186578
411 412 0.0119784 0 -1.00105 0 0 0 0 -0.98907
412 413 0.0466199 0 -1.28927 0 0 0 0 -1.24265
413 414 0.0211512 0 -1.17488 0 0 0 0 -1.15373
414 415 0.0709056 0 -1.21528 0 0 0 0 -1.14438
415 416 0.137536 0 -1.34481 0 0 0 0 -1.20728
416 417 0.0405476 0 -1.1124 0 0 0 0 -1.07185
417 418 0.000721576 0 -1.18494 0 0 0 0 -1.18422
418 419 0.00229767 0 -1.36607 0 0 0 0 -1.36377
283 420 0 0 0 0 0 -0.00131377 0 -0.00131377
282 421 0 0 0 0 0 -0.145934 0 -0.145934
420 421 0.00566482 0 -1.26195 0 0 0 0 -1.25629
282 422 0 0 0 0 -0.61672 0 -0 -0.61672
281 422 0 0 0 0 -4.00584e-32 -0.140152 -0 -0.140152
283 422 0 0 0 0 0 -0.164218 0 -0.164218
421 422 5.90129e-05 0 -1.21711 0 0 0 0 -1.21706
282 423 0 0 0 0 -0 -0.139177 0 -0.139177
281 423 0 0 0 0 -0.7731 0 -0 -0.7731
280 423 0 0 0 0 -0 -0.18296 0 -0.18296
422 423 3.35903e-06 0 -0.945763 0 0 0 0 -0.94576
281 424 0 0 0 0 -0 -0.163406 0 -0.163406
280 424 0 0 0 0 -0.499435 0 -0 -0.499435
423 424 0.0779703 0 -1.37141 0 0 0 0 -1.29344
280 425 0 0 0 0 -0 -0.126652 0 -0.126652
424 425 0.0105122 0 -1.09882 0 0 0 0 -1.08831
425 426 0.0798639 0 -1.19842 0 0 0 0 -1.11856
426 427 0.128871 0 -1.38793 0 0 0 0 -1.25906
427 428 0.0768717 0 -1.2966 0 0 0 0 -1.21973
428 429 0.0578214 0 0 0 0 0 0 0.0578214
398 430 0 0 0 0 0 -0.0280093 0 -0.0280093
397 430 0 0 0 0 0 -0.0330899 0 -0.0330899
429 430 0.104338 0 -1.15763 0 0 0 0 -1.05329
396 431 0 0 0 0 0 -0.13517 -0 -0.13517
398 431 0 0 0 0 -0 -0.0833921 0 -0.0833921
397 431 0 0 0 0 -0.666679 0 -0 -0.666679
430 431 0.000129691 0 -1.23059 0 0 0 0 -1.23046
396 432 0 0 0 0 -0.627663 0 -0 -0.627663
395 432 0 0 0 0 -0 -0.173737 0 -0.173737
397 432 0 0 0 0 0 -0.0898769 0 -0.0898769
431 432 0.00115907 0 -1.23743 0 0 0 0 -1.23627
396 433 0 0 0 0 -0 -0.123394 -0 -0.123394
395 433 0 0 0 0 -0.7919 0 -0 -0.7919
394 433 0 0 0 0 0 -0.0808174 0 -0.0808174
432 433 0.0050768 0 -1.35736 0 0 0 0 -1.35228
395 434 0 0 0 0 -0 -0.195671 0 -0.195671
393 434 0 0 0 0 0 -0.158245 0 -0.158245
433 434 0.0876433 0 -1.33532 0 0 0 0 -1.24768
394 435 0 0 0 0 0 -0.080608 0 -0.080608
392 435 0 0 0 0 -2.38882e-29 -0.15621 0 -0.15621
434 435 0.00491828 0 -1.03413 0 0 0 0 -1.02921
391 436 0 0 0 0 -1.32475e-30 -0.186102 0 -0.186102
393 436 0 0 0 0 0 -0.13012 -0 -0.13012
392 436 0 0 0 0 -0.849251 0 -0 -0.849251
435 436 0.00647022 0 -1.2543 0 0 0 0 -1.24782
391 437 0 0 0 0 -0.806781 0 -0 -0.806781
390 437 0 0 0 0 0 -0.0791111 -0 -0.0791111
392 437 0 0 0 0 -0 -0.191488 0 -0.191488
436 437 0.0206642 0 -1.26886 0 0 0 0 -1.2482
391 438 0 0 0 0 0 -0.052988 -0 -0.052988
390 438 0 0 0 0 -0.841027 0 -0 -0.841027
389 438 0 0 0 0 0 -0.147529 0 -0.147529
437 438 0.000433337 0 -0.909983 0 0 0 0 -0.909549
390 439 0 0 0 0 -0 -0.193567 0 -0.193567
389 439 0 0 0 0 0 -0.000704305 -0 -0.000704305
438 439 0.00581083 0 -1.25312 0 0 0 0 -1.24731
250 440 0 0 0 0 0 -0.206287 0 -0.206287
252 440 0 0 0 0 0 -0.0702866 -0 -0.0702866
251 440 0 0 0 0 -0.567909 0 -0 -0.567909
250 441 0 0 0 0 -0.70112 0 -0 -0.70112
249 441 0 0 0 0 0 -0.107803 0 -0.107803
251 441 0 0 0 0 0 -0.16839 0 -0.16839
440 441 0.114566 0 -1.32492 0 0 0 0 -1.21036
250 442 0 0 0 0 0 -0.079642 -0 -0.079642
249 442 0 0 0 0 -0.750279 0 -0 -0.750279
248 442 0 0 0 0 0 -0.121532 0 -0.121532
441 442 1.17567e-06 0 -0.972797 0 0 0 0 -0.972795
249 443 0 0 0 0 -0 -0.141163 0 -0.141163
247 443 0 0 0 0 0 -0.0640223 -0 -0.0640223
442 443 0.209656 0 -1.24196 0 0 0 0 -1.0323
248 444 0 0 0 0 0 -0.014053 0 -0.014053
246 444 0 0 0 0 -0 -0.00886934 -0 -0.00886934
443 444 0.0360137 0 -1.26451 0 0 0 0 -1.22849
444 445 0.0271017 0 0 0 0 0 0 0.0271017
248 446 0 0 0 0 0 -0.105488 0 -0.105488
247 446 0 0 0 0 0 -3.09917e-06 -0 -3.09917e-06
246 446 0 0 0 0 -0 -0.141301 0 -0.141301
445 446 0.000599955 0 0 0 0 0 0 0.000599955
247 447 0 0 0 0 0 -0.153511 0 -0.153511
246 447 0 0 0 0 -0.573667 0 -0 -0.573667
245 447 0 0 0 0 0 -0.146579 -0 -0.146579
446 447 0.000448125 0 -1.33224 0 0 0 0 -1.33179
246 448 0 0 0 0 0 -0.140326 0 -0.140326
245 448 0 0 0 0 -0.801256 0 -0 -0.801256
244 448 0 0 0 0 0 -0.131699 0 -0.131699
447 448 0.0212082 0 -1.05506 0 0 0 0 -1.03385
246 449 0 0 0 0 0 -3.67811e-06 0 -3.67811e-06
245 449 0 0 0 0 -0 -5.27776e-05 -0 -5.27776e-05
448 449 8.4873e-05 0 -0 0 0 0 0 8.4873e-05
245 450 0 0 0 0 0 -0.0560448 -0 -0.0560448
243 450 0 0 0 0 0 -0.0512179 0 -0.0512179
449 450 0.0231546 0 -1.18183 0 0 0 0 -1.15867
244 451 0 0 0 0 0 -0.0966041 0 -0.0966041
242 451 0 0 0 0 0 -0.0141391 -0 -0.0141391
450 451 0.0015975 0 -1.27346 0 0 0 0 -1.27186
243 452 0 0 0 0 0 -0.0578235 0 -0.0578235
242 452 0 0 0 0 -0.359367 0 -0 -0.359367
241 452 0 0 0 0 -2.73305e-30 -0.119795 0 -0.119795
451 452 0.0508891 0 -1.15955 0 0 0 0 -1.10866
242 453 0 0 0 0 -0 -0.0811016 0 -0.0811016
241 453 0 0 0 0 -0.544951 0 -0 -0.544951
240 453 0 0 0 0 -0 -0.0464957 -0 -0.0464957
452 453 0.0601659 0 -1.31551 0 0 0 0 -1.25534
241 454 0 0 0 0 -0 -0.0634877 0 -0.0634877
240 454 0 0 0 0 -0.743818 0 -0 -0.743818
453 454 0.00793803 0 -0.955161 0 0 0 0 -0.947223
240 455 0 0 0 0 -0 -0.0890378 0 -0.0890378
454 455 0.055993 0 -1.18058 0 0 0 0 -1.12459
455 456 0.0198547 0 -1.13307 0 0 0 0 -1.11321
456 457 0.0172211 0 -1.30706 0 0 0 0 -1.28983
457 458 0.0017808 0 -1.14289 0 0 0 0 -1.14111
458 459 0.337732 0 -1.16114 0 0 0 0 -0.823407
460 461 0.323818 0 -0.868027 0 0 0 0 -0.544209
461 462 0.0798702 0 -1.24854 0 0 0 0 -1.16867
462 463 0.0440626 0 -1.36114 0 0 0 0 -1.31708
463 464 0.0905527 0 -1.26722 0 0 0 0 -1.17666
464 465 0.0786989 0 0 0 0 0 0 0.0786989
465 466 0.0246953 0 0 0 0 0 0 0.0246953
466 467 0.00473614 0 -1.19482 0 0 0 0 -1.19008
467 468 0.0135597 0 -1.16763 0 0 0 0 -1.15407
468 469 0.0964912 0 -1.31884 0 0 0 0 -1.22235
469 470 0.12592 0 -1.22283 0 0 0 0 -1.09691
470 471 0.00867546 0 -1.37549 0 0 0 0 -1.36681
471 472 0.0227801 0 -0.949741 0 0 0 0 -0.926961
472 473 0.106468 0 -0.571456 0 0 0 0 -0.464988
473 474 0.00109153 0 -1.38421 0 0 0 0 -1.38312
474 475 0.146621 0 -1.25514 0 0 0 0 -1.10852
475 476 0.0200236 0 -1.30697 0 0 0 0 -1.28694
476 477 0.0135078 0 0 0 0 0 0 0.0135078
477 478 0.11185 0 -0.978787 0 0 0 0 -0.866936
478 479 1.44662e-05 0 -1.33392 0 0 0 0 -1.33391
89 480 0 0 0 0 0 -0.0118259 0 -0.0118259
88 480 0 0 0 0 0 -0.000198107 -0 -0.000198107
87 480 0 0 0 0 0 -0.0533678 0 -0.0533678
88 481 0 0 0 0 -0 -0.124884 0 -0.124884
87 481 0 0 0 0 -0.633995 0 -0 -0.633995
86 481 0 0 0 0 0 -0.0673342 0 -0.0673342
480 481 0.00170154 0 -1.12883 0 0 0 0 -1.12712
87 482 0 0 0 0 0 -0.129051 -0 -0.129051
86 482 0 0 0 0 -0.685879 0 -0 -0.685879
85 482 0 0 0 0 -4.51296e-29 -0.165387 0 -0.165387
481 482 0.00057697 0 -1.13255 0 0 0 0 -1.13197
86 483 0 0 0 0 -0 -0.0639513 -0 -0.0639513
85 483 0 0 0 0 -0.66273 -7.63534e-28 -0 -0.66273
84 483 0 0 0 0 0 -0.134815 0 -0.134815
482 483 0.115726 0 -1.27542 0 0 0 0 -1.15969
85 484 0 0 0 0 -0 -0.121651 0 -0.121651
83 484 0 0 0 0 0 -0.146208 0 -0.146208
483 484 0.0301979 0 -1.24523 0 0 0 0 -1.21503
84 485 0 0 0 0 0 -0.127644 0 -0.127644
83 485 0 0 0 0 0 -2.37616e-06 -0 -2.37616e-06
82 485 0 0 0 0 -7.74934e-30 -0.121271 -0 -0.121271
484 485 0.0223147 0 -0.363765 0 0 0 0 -0.34145
83 486 0 0 0 0 0 -0.161786 0 -0.161786
82 486 0 0 0 0 -0.730782 0 -0 -0.730782
81 486 0 0 0 0 -5.68803e-31 -0.141418 -0 -0.141418
485 486 0.023328 0 -1.23239 0 0 0 0 -1.20907
82 487 0 0 0 0 -0 -0.150121 0 -0.150121
81 487 0 0 0 0 -0.854705 0 -0 -0.854705
80 487 0 0 0 0 0 -0.107102 0 -0.107102
486 487 0.0229468 0 -1.15776 0 0 0 0 -1.13481
81 488 0 0 0 0 0 -0.157665 0 -0.157665
80 488 0 0 0 0 -0.798589 0 -0 -0.798589
339 488 0 0 0 0 0 -0.0526123 0 -0.0526123
487 488 0.00119087 0 -1.13994 0 0 0 0 -1.13874
80 489 0 0 0 0 -0 -0.0727281 0 -0.0727281
338 489 0 0 0 0 -0 -0.128297 -0 -0.128297
488 489 0.0375056 0 -1.24471 0 0 0 0 -1.2072
339 490 0 0 0 0 0 -0.0627292 0 -0.0627292
338 490 0 0 0 0 0 -3.83196e-08 -0 -3.83196e-08
337 490 0 0 0 0 0 -0.172442 0 -0.172442
489 490 0.00873068 0 -1.11082 0 0 0 0 -1.10209
338 491 0 0 0 0 -0 -0.0989052 0 -0.0989052
337 491 0 0 0 0 -0.730693 0 -0 -0.730693
336 491 0 0 0 0 0 -0.120783 0 -0.120783
490 491 0.0219749 0 -1.12287 0 0 0 0 -1.10089
337 492 0 0 0 0 0 -0.142639 0 -0.142639
336 492 0 0 0 0 -0.746793 0 -0 -0.746793
335 492 0 0 0 0 -5.45492e-28 -0.0779849 0 -0.0779849
491 492 0.000296829 0 -1.34831 0 0 0 0 -1.34801
336 493 0 0 0 0 -0 -0.106763 -0 -0.106763
335 493 0 0 0 0 -0.710617 0 -0 -0.710617
334 493 0 0 0 0 0 -0.0982905 -0 -0.0982905
320 493 0 0 0 0 0 -0 -0.337715 -0.337715
492 493 0.194118 0 -1.20854 0 0 0 0 -1.01443
493 494 0.000919334 0 0 0 0 0 0 0.000919334
494 495 0.00537459 0 -1.17511 0 0 0 0 -1.16973
495 496 0.14634 0 -1.18622 0 0 0 0 -1.03988
496 497 0.0061504 0 -1.13439 0 0 0 0 -1.12824
497 498 0.0763965 0 -1.12243 0 0 0 0 -1.04604
498 499 0.0455972 0 -1.39433 0 0 0 0 -1.34874
500 501 0.0095287 0 -1.07072 0 0 0 0 -1.06119
501 502 0.0909685 0 -1.224 0 0 0 0 -1.13303
502 503 0.0752676 0 -1.33248 0 0 0 0 -1.25722
503 504 0.00621165 0 -1.26476 0 0 0 0 -1.25854
504 505 0.293134 0 -1.17906 0 0 0 0 -0.885921
505 506 0.000952068 0 -1.15882 0 0 0 0 -1.15786
506 507 0.0178151 0 -1.2293 0 0 0 0 -1.21149
507 508 0.0194563 0 -1.15947 0 0 0 0 -1.14002
508 509 0.0578269 0 -0.960701 0 0 0 0 -0.902874
509 510 0.000601206 0 -1.27787 0 0 0 0 -1.27727
510 511 0.0317159 0 -1.00089 0 0 0 0 -0.969169
511 512 0.000660689 0 -1.05258 0 0 0 0 -1.05192
508 513 0 0 0 0 0 -0.0582578 -0 -0.0582578
512 513 0.00737853 0 0 0 0 0 0 0.00737853
507 514 0 0 0 0 -0 -0.158867 0 -0.158867
509 514 0 0 0 0 0 -0.0308731 -0 -0.0308731
513 514 0.0286685 0 -1.09631 0 0 0 0 -1.06764
507 515 0 0 0 0 -0.42181 0 -0 -0.42181
506 515 0 0 0 0 -1.37869e-29 -0.138082 0 -0.138082
508 515 0 0 0 0 0 -0.171311 -0 -0.171311
514 515 0.056499 0 -1.22286 0 0 0 0 -1.16636
507 516 0 0 0 0 -0 -0.159064 -0 -0.159064
506 516 0 0 0 0 -0.790582 0 -0 -0.790582
505 516 0 0 0 0 -4.5377e-19 -0.0855218 0 -0.0855218
515 516 0.000172741 0 -1.36919 0 0 0 0 -1.36902
506 517 0 0 0 0 -0 -0.053464 -0 -0.053464
505 517 0 0 0 0 -0.601863 0 -0 -0.601863
504 517 0 0 0 0 -3.38174e-27 -0.0432176 0 -0.0432176
516 517 0.0130457 0 -1.16263 0 0 0 0 -1.14959
505 518 0 0 0 0 0 -0.0627076 -0 -0.0627076
503 518 0 0 0 0 0 -0.17853 -0 -0.17853
517 518 0.000399923 0 -0.909909 0 0 0 0 -0.909509
504 519 0 0 0 0 -0 -0.177493 0 -0.177493
503 519 0 0 0 0 -0.605449 0 -0 -0.605449
502 519 0 0 0 0 -0 -0.0221478 0 -0.0221478
518 519 0.0781062 0 -1.16703 0 0 0 0 -1.08892
520 521 0.00486979 0 0 0 0 0 0 0.00486979
521 522 0.0734491 0 -1.06832 0 0 0 0 -0.994867
522 523 0.114134 0 -1.01389 0 0 0 0 -0.899756
523 524 0.00835923 0 -0.87938 0 0 0 0 -0.871021
524 525 0.000819591 0 -0.969352 0 0 0 0 -0.968532
525 526 0.0123561 0 -1.06835 0 0 0 0 -1.056
526 527 0.00016195 0 -1.30449 0 0 0 0 -1.30433
527 528 0.00122046 0 -1.27012 0 0 0 0 -1.2689
528 529 0.0012058 0 -1.32695 0 0 0 0 -1.32574
527 530 0 0 0 0 0 -4.32326e-05 0 -4.32326e-05
529 530 0.18934 0 -0 0 0 0 0 0.18934
527 531 0 0 0 0 0 -0.00587302 0 -0.00587302
526 531 0 0 0 0 0 -0.0134112 -0 -0.0134112
525 531 0 0 0 0 0 -0.187997 0 -0.187997
530 531 0.00184797 0 -1.15145 0 0 0 0 -1.1496
524 532 0 0 0 0 -0 -0.166208 0 -0.166208
526 532 0 0 0 0 -0 -0.0683093 0 -0.0683093
525 532 0 0 0 0 -0.767779 0 -0 -0.767779
531 532 0.00666908 0 -1.33073 0 0 0 0 -1.32406
524 533 0 0 0 0 -0.778967 0 -0 -0.778967
523 533 0 0 0 0 -0 -0.166027 0 -0.166027
525 533 0 0 0 0 -0 -0.128105 0 -0.128105
532 533 0.153056 0 -1.2704 0 0 0 0 -1.11734
524 534 0 0 0 0 -0 -0.169192 0 -0.169192
523 534 0 0 0 0 -0.829735 0 -0 -0.829735
522 534 0 0 0 0 -2.26132e-28 -0.145692 0 -0.145692
533 534 0.00859161 0 -1.21959 0 0 0 0 -1.211
523 535 0 0 0 0 -0 -0.187937 0 -0.187937
522 535 0 0 0 0 -0.828877 0 -0 -0.828877
521 535 0 0 0 0 0 -0.153843 -0 -0.153843
534 535 0.0349029 0 -1.21346 0 0 0 0 -1.17856
522 536 0 0 0 0 -0 -0.165512 0 -0.165512
535 536 0.131314 0 -1.25354 0 0 0 0 -1.12223
536 537 0.0116372 0 -0.890494 0 0 0 0 -0.878857
537 538 0.03792 0 0 0 0 0 0 0.03792
538 539 0.00656018 0 -1.09576 0 0 0 0 -1.0892
540 541 0.162087 0 -0.993546 0 0 0 0 -0.831459
541 542 0.113707 0 -1.29286 0 0 0 0 -1.17916
542 543 0.0410009 0 -1.22725 0 0 0 0 -1.18625
543 544 6.14279e-05 0 -1.08233 0 0 0 0 -1.08227
544 545 0.00141144 0 -1.35053 0 0 0 0 -1.34912
545 546 0.068146 0 -1.26728 0 0 0 0 -1.19914
546 547 0.00241228 0 -1.04872 0 0 0 0 -1.04631
547 548 0.117013 0 -1.36738 0 0 0 0 -1.25036
548 549 0.114895 0 -0 0 0 0 0 0.114895
549 550 0.259003 0 -0.861977 0 0 0 0 -0.602974
546 551 0 0 0 0 0 -0.0156235 -0 -0.0156235
545 551 0 0 0 0 0 -0.000210684 -0 -0.000210684
544 551 0 0 0 0 0 -0.165329 0 -0.165329
550 551 0.00117757 0 0 0 0 0 0 0.00117757
545 552 0 0 0 0 -0 -0.18661 0 -0.18661
544 552 0 0 0 0 -0.74999 0 -0 -0.74999
543 552 0 0 0 0 -0 -0.184155 0 -0.184155
551 552 0.00108739 0 -1.2092 0 0 0 0 -1.20811
544 553 0 0 0 0 -0 -0.189009 0 -0.189009
543 553 0 0 0 0 -0.743605 0 -0 -0.743605
542 553 0 0 0 0 -1.93319e-29 -0.195008 0 -0.195008
552 553 0.0390676 0 -1.09715 0 0 0 0 -1.05808
543 554 0 0 0 0 -0 -0.101303 -0 -0.101303
542 554 0 0 0 0 -0.898983 0 -0 -0.898983
541 554 0 0 0 0 0 -0.130533 0 -0.130533
553 554 0.00179165 0 -0.777344 0 0 0 0 -0.775552
540 555 0 0 0 0 0 -0.0433032 -0 -0.0433032
542 555 0 0 0 0 -0 -0.206902 0 -0.206902
554 555 0.0240503 0 -1.37508 0 0 0 0 -1.35103
541 556 0 0 0 0 0 -0.01003 0 -0.01003
555 556 0.0508033 0 -1.37657 0 0 0 0 -1.32577
556 557 0.0117372 0 -1.09547 0 0 0 0 -1.08374
557 558 0.00647103 0 -1.36026 0 0 0 0 -1.35379
558 559 0.0332709 0 -1.19041 0 0 0 0 -1.15713
560 561 0.00462946 0 -1.03551 0 0 0 0 -1.03088
561 562 0.307563 0 -0.968732 0 0 0 0 -0.66117
562 563 0.000827522 0 -1.31818 0 0 0 0 -1.31735
563 564 0.00757575 0 -1.17999 0 0 0 0 -1.17241
564 565 0.0797398 0 -1.10808 0 0 0 0 -1.02835
565 566 0.329493 0 -1.0558 0 0 0 0 -0.726307
566 567 0.00203913 0 -1.08229 0 0 0 0 -1.08025
567 568 0.00372787 0 -1.26394 0 0 0 0 -1.26022
568 569 0.0481847 0 -1.35 0 0 0 0 -1.30182
569 570 0.081802 0 -1.15273 0 0 0 0 -1.07093
567 571 0 0 0 0 0 -0.0908983 -0 -0.0908983
570 571 0.0787024 0 -0 0 0 0 0 0.0787024
568 572 0 0 0 0 0 -0.136202 0 -0.136202
567 572 0 0 0 0 -0.859025 0 -0 -0.859025
566 572 0 0 0 0 -2.89697e-29 -0.151267 -0 -0.151267
571 572 0.09862 0 -1.00988 0 0 0 0 -0.911258
567 573 0 0 0 0 -0 -0.129397 0 -0.129397
566 573 0 0 0 0 -0.822483 0 -0 -0.822483
565 573 0 0 0 0 -2.30873e-29 -0.164925 -0 -0.164925
572 573 0.272964 0 -1.28534 0 0 0 0 -1.01237
564 574 0 0 0 0 -2.22458e-29 -0.0874552 -0 -0.0874552
566 574 0 0 0 0 -0 -0.141394 0 -0.141394
565 574 0 0 0 0 -0.900031 0 -0 -0.900031
573 574 0.000612687 0 -1.26366 0 0 0 0 -1.26305
563 575 0 0 0 0 -0 -0.0643865 -0 -0.0643865
564 575 0 0 0 0 -0.633516 0 -0 -0.633516
565 575 0 0 0 0 -0 -0.143452 -0 -0.143452
574 575 0.00581811 0 -1.25664 0 0 0 0 -1.25082
563 576 0 0 0 0 -0.51644 0 -0 -0.51644
562 576 0 0 0 0 -1.37228e-28 -0.0741153 0 -0.0741153
564 576 0 0 0 0 -0 -0.164173 0 -0.164173
575 576 0.0401893 0 -1.14328 0 0 0 0 -1.10309
563 577 0 0 0 0 -0 -0.137368 0 -0.137368
562 577 0 0 0 0 -0.739662 0 -0 -0.739662
561 577 0 0 0 0 0 -0.158033 0 -0.158033
576 577 0.0128248 0 -1.11322 0 0 0 0 -1.1004
562 578 0 0 0 0 0 -0.16766 0 -0.16766
561 578 0 0 0 0 -0.695406 -2.07777e-19 -0 -0.695406
560 578 0 0 0 0 0 -0.153257 -0 -0.153257
577 578 0.000391223 0 -1.24753 0 0 0 0 -1.24714
561 579 0 0 0 0 0 -0.0476799 0 -0.0476799
578 579 0.0289292 0 -1.26502 0 0 0 0 -1.23609
580 581 0.00149703 0 -1.17578 0 0 0 0 -1.17428
581 582 1.48029e-05 0 -0.958968 0 0 0 0 -0.958954
582 583 0.238414 0 -1.18274 0 0 0 0 -0.94433
583 584 0.0279849 0 -1.01928 0 0 0 0 -0.991299
584 585 0.0718783 0 -1.23087 0 0 0 0 -1.15899
585 586 0.0073585 0 -1.10908 0 0 0 0 -1.10172
586 587 0.0342582 0 -1.27338 0 0 0 0 -1.23912
587 588 0.0191406 0 -1.2367 0 0 0 0 -1.21756
499 589 0 0 0 0 0 -0.0199798 0 -0.0199798
588 589 0.155903 0 -1.34586 0 0 0 0 -1.18996
499 590 0 0 0 0 -0.747325 0 -0 -0.747325
498 590 0 0 0 0 -7.65507e-30 -0.144839 0 -0.144839
589 590 0.00594116 0 -1.14742 0 0 0 0 -1.14148
499 591 0 0 0 0 -0 -0.168781 0 -0.168781
498 591 0 0 0 0 -0.721925 0 -0 -0.721925
497 591 0 0 0 0 0 -0.118167 0 -0.118167
590 591 0.00824695 0 -1.11128 0 0 0 0 -1.10303
498 592 0 0 0 0 0 -0.133424 0 -0.133424
497 592 0 0 0 0 -0.730259 0 -0 -0.730259
496 592 0 0 0 0 -6.81653e-29 -0.0773126 -0 -0.0773126
591 592 0.00232739 0 -1.0299 0 0 0 0 -1.02757
495 593 0 0 0 0 -1.16224e-29 -0.0877032 -0 -0.0877032
497 593 0 0 0 0 -0 -0.123516 0 -0.123516
496 593 0 0 0 0 -0.722506 0 -0 -0.722506
592 593 0.047117 0 -0.864994 0 0 0 0 -0.817877
495 594 0 0 0 0 -0.774118 0 -0 -0.774118
494 594 0 0 0 0 -1.72283e-28 -0.141504 0 -0.141504
496 594 0 0 0 0 -0 -0.138238 0 -0.138238
593 594 0.000294914 0 -1.18859 0 0 0 0 -1.1883
495 595 0 0 0 0 -0 -0.109621 0 -0.109621
494 595 0 0 0 0 -0.715699 0 -0 -0.715699
594 595 0.00661828 0 -1.05259 0 0 0 0 -1.04597
494 596 0 0 0 0 -0 -0.0900765 -0 -0.0900765
595 596 0.000383757 0 -1.02185 0 0 0 0 -1.02147
596 597 0.00509846 0 -1.35252 0 0 0 0 -1.34742
597 598 0.0266126 0 -1.02106 0 0 0 0 -0.994452
598 599 0.0165039 0 -1.26457 0 0 0 0 -1.24807
#Total energy per particle is  -1.17803 and should be -1.1780310
